KO	KO_name	Sample_7	Sample_10	Sample_8	Sample_9	Sample_12	Sample_11	Sample_14	Sample_13	Sample_15	Sample_16	Sample_17	Sample_19	Sample_22	Sample_18	Sample_20	Sample_21	Sample_23	Sample_24	Sample_26	Sample_27	Sample_29	Sample_25	Sample_28	Sample_31	Sample_35	Sample_33	Sample_34	Sample_32	Sample_36	Sample_37	Sample_38	Sample_39	Sample_41	Sample_42	Sample_40	Sample_43	Sample_44	Sample_45	Sample_2	Sample_3	Sample_4	Sample_5
K00001	alcohol dehydrogenase [EC:1.1.1.1]	3.35473	0.914343	0.3797633	5.6644059	1.020422	0.501208	0.599433	0.236148	0.0666805	0.903348	0.118361	0.388792	7.004269	0.162503	0	0.36893	0.191752	0.18405	0.1504353	1.20291	0.920042	1.18534	2.045974	0.24118	2.42907	0.513072	1.10212	0.522214	0.342764	0.41517	0.6764022	0.32927	10.889277	2.08421	0	0.850438	0.902662	0.541623	0.415509	0.532521	1.32054	0.8082228
K00002	alcohol dehydrogenase (NADP+) [EC:1.1.1.2]	3.559796	7.01064	3.78293	29.893019	12.02929	22.96981	20.18427	10.87585	14.29847	1.911111	5.7189	0.80608	7.80797	4.617678	1.844353	1.254807	11.3412	11.3666	14.0642	9.65035	8.5798	12.27659	9.56047	17.27531	4.5088593	10.36262	31.5985	0	0	7.74257	4.548507	10.49887	0.802366	1.259689	13.15703	3.75162	12.90065	10.3485559	14.24363	26.08988	7.939317	8.0947241
K00003	homoserine dehydrogenase [EC:1.1.1.3]	45.8987148	33.2383764	21.5283442	41.304366	26.9864615	21.7177838	17.1547902	13.2685178	16.3487243	29.4105535	20.4967892	2.6522744	9.7414487	4.5393731	0.9057914	6.4175177	5.4082978	13.1941671	15.0345609	46.4330803	41.6826275	50.4033495	89.0098444	7.8441728	16.3206437	15.005314	24.1091605	6.0463278	0.449089	12.712158	3.9511726	7.2094631	31.2108382	16.6571272	5.6517701	10.7885806	25.4106607	35.5963536	50.490255	79.0624086	79.637161	4.0530337
K00004	(R,R)-butanediol dehydrogenase / meso-butanediol dehydrogenase / diacetyl reductase [EC:1.1.1.4 1.1.1.- 1.1.1.303]	0	0	0.2033551	0	0	0.895369	0	0	0	0.313595	0.451205	0	0	0	0.0357831	0	0	0	0	0.041867	0	1.27641	1.084145	0	0.124311	0	0.0476275	0.0646461	0	0	0.0876834	0	0	0	0.040282	0.1754221	0	0	0	0	0.043025	0.5573646
K00005	glycerol dehydrogenase [EC:1.1.1.6]	15.6555191	15.076764	13.5403075	37.3361828	26.8459073	10.0012537	16.5445953	19.0163127	20.9554284	10.3003332	31.2522602	4.2946231	38.3859614	20.896321	18.3483875	7.3934244	48.9747892	7.9019211	5.8316356	42.4085271	65.806881	20.4525441	19.7338851	2.8092459	14.9193557	27.4023126	35.0357514	12.8378858	2.7425185	20.3344752	81.5170673	50.1487283	20.7046186	12.946367	34.3994002	32.0582355	25.3445647	20.6619865	58.0298535	29.9149047	19.0375308	33.8215118
K00008	L-iditol 2-dehydrogenase [EC:1.1.1.14]	0	0.110476	0.051873	11.881619	15.4803	0	0.512991	1.09715	0.8279048	0.220048	0.0957659	1.360412	1.6758749	0.0473154	0	0.3603924	0.0939193	1.903167	1.9894267	0.244081	0.137807	3.031217	3.1568599	0.91598	10.5752238	1.6719047	0.230314	1.66433	0	1.366289	0.752851	4.5612096	1.2024594	1.0211733	0.0431533	0.066235	20.6159409	28.87603	26.6732	1.2313962	57.4346242	3.2254419
K00009	mannitol-1-phosphate 5-dehydrogenase [EC:1.1.1.17]	29.5667	18.5968115	7.6522614	11.26446207	13.105443	9.8321346	20.054086	2.5090051	4.26473	6.20025536	5.167833	1.4937896	9.875251	8.483416	22.048584	0.9659745	1.984319	3.428575	5.6825714	23.6764	17.5742	2.8728938	5.2109666	3.7010935	8.7277971	8.07641	15.2486132	1.323196	3.05866	7.6038877	22.0763547	5.8468859	19.853494	10.5849444	2.205667	12.1863612	16.186276	23.0083418	36.2335	51.2449666	40.5404543	9.6009922
K00010	myo-inositol 2-dehydrogenase / D-chiro-inositol 1-dehydrogenase [EC:1.1.1.18 1.1.1.369]	35.9852609	24.278679	4.694074	16.210637	17.1676574	19.9349785	19.1560225	3.4462881	7.8309523	8.981989	7.681309	0.722011	1.790431	6.2288592	1.093826	1.3064048	4.780862	3.641334	5.068333	21.7473	18.7985689	2.5374943	2.771663	5.8611824	2.109764	8.628679	14.864687	1.2956237	0	3.673634	2.9008353	6.798345	14.1007413	9.3371891	5.236048	0.4281092	10.9164068	7.9230675	42.11039	68.32758	1.5564105	1.0697413
K00012	UDPglucose 6-dehydrogenase [EC:1.1.1.22]	5.6531933	4.4288578	2.7924083	8.2673459	5.0818944	2.1879633	2.9553983	8.4035184	3.8412021	5.59871018	5.530723	21.349394	11.5666871	4.1391069	6.7010367	12.6801377	4.8676752	4.7590111	4.5749702	3.9796656	2.9871768	4.7850015	3.6413367	2.3869372	1.512784	4.8707436	7.7013389	21.07530311	49.89778	9.6044792	15.5895269	4.6324404	9.9262738	4.7968467	2.488392	2.3939794	5.1343467	6.7084972	7.055682	7.4016762	1.064076	5.5492907
K00013	histidinol dehydrogenase [EC:1.1.1.23]	16.3269818	42.0745791	26.4271874	20.6237278	90.573464	59.8492461	40.7339596	20.3540012	16.602119	34.7414323	26.0584887	18.5148531	31.7325547	5.2240702	1.1932963	24.5609301	9.4454886	20.1183033	16.643691	30.7258757	5.3477939	73.676434	130.2675441	11.5383039	6.0898116	39.245274	46.8090316	31.3037264	43.622335	11.8517159	33.445732	20.6898019	36.5945595	6.6425258	19.9312892	3.8927261	50.373723	19.3335966	19.1204669	16.4446517	29.1974244	20.866969
K00014	shikimate dehydrogenase [EC:1.1.1.25]	20.3317749	11.9398054	16.6090338	2.0986731	1.612652	6.5294268	29.7221753	20.9611142	8.8511663	28.3305562	34.8934816	14.8973208	27.4093415	17.1720384	6.2962016	31.3781002	36.3477417	9.4692023	42.8920762	7.4655536	2.3422635	15.9616869	8.0200717	40.3484851	12.1775105	20.5294608	6.0906589	40.4091488	11.6031606	29.671165	43.0644376	10.7831089	33.3909161	48.6534453	15.9129944	6.8719064	10.5842772	23.9564796	24.9372929	9.7998565	6.0197013	25.2773951
K00015	glyoxylate reductase [EC:1.1.1.26]	0	0	0.269113	0	0	0	0	0	0	0	0	0	0	0	0	0	0	0.0645638	0	0	0	0	0	0	0	0	0	0	0	0	0	0	0	0	0	0	0	0.152394	0	0	0	0.239946
K00016	L-lactate dehydrogenase [EC:1.1.1.27]	27.341753	43.6978774	45.8086725	45.4474561	111.6282168	61.536954	44.7239612	23.5474275	16.2025869	41.724307	34.011235	5.4169127	40.400986	15.1912648	5.6788529	10.0256847	13.9137312	19.9208794	16.2747856	44.0282948	9.4868091	141.5080268	245.9292577	28.5457211	4.4470474	34.747876	44.0046367	10.0859114	2.3965897	16.7951159	81.138072	27.1927321	27.2704839	7.4772811	26.7571794	10.6178728	55.5197551	29.1609383	33.4288375	12.1731958	35.5974815	42.605084
K00018	glycerate dehydrogenase [EC:1.1.1.29]	9.1265854	3.8783029	6.619207	11.279442	1.3726685	2.892175	10.365256	7.6956349	9.330245	5.083491	18.338185	13.832727	8.5395782	9.849915	3.77055	7.6662001	19.2025916	1.6484128	3.2229587	12.2970532	42.02965	6.4183966	5.2084996	0.7325431	2.644437	14.7527034	3.6360417	7.007389	27.687477	4.7071079	13.882147	24.7148927	9.7934708	25.3449424	4.9891023	5.7212865	1.562705	1.4478519	7.531828	8.53909	14.0811049	0.7166833
K00019	3-hydroxybutyrate dehydrogenase [EC:1.1.1.30]	0	0	0.0482368	0	0	0	0.150136	0	0	0.650066	0	0	0	0	0	0.064472	0	0	0	0	0	0	0	0	0	0	0	0	0	0	0	0	0	0	0	0	0	0	0	0	0	0.0408869
K00020	3-hydroxyisobutyrate dehydrogenase [EC:1.1.1.31]	0.3472911	0.577488	0.9888578	0.1819715	0.0945651	1.783522	7.628759	0.501432	0.817115	0.705437	0.62924	0.5298723	1.022649	0.294736	0.0294625	1.132588	1.798484	1.1823689	3.792898	1.26778	1.04906	2.0906333	2.8768915	0	0.68016	0.4423258	0.7286757	0	0	2.2795455	1.122915	1.350943	15.279911	0	0.5454068	3.7971849	0	0.0483992	1.4400847	1.4630387	0.981451	1.0881992
K00021	hydroxymethylglutaryl-CoA reductase (NADPH) [EC:1.1.1.34]	0	0	0.169717	0	0	0	0	1.48186	0.122547	0	0	0	0	0	0	0	0.434565	0	0	0	0	0	0	0	0	0	0	0	0	2.47459	0	0	0	0	0	0	0	0	1.63775	0	0	0
K00024	malate dehydrogenase [EC:1.1.1.37]	9.3744	4.160664	8.071743	6.208851	0.846688	2.03076878	9.486034	3.1670934	1.0756375	14.5323597	8.480533	63.83925547	38.3812744	7.8284788	21.71807	42.4341067	4.0873881	5.4911968	0.7967682	5.8817899	2.711419	13.8066594	12.0114475	1.12630032	10.171803	15.151655	4.4887227	37.9758441	66.9699508	19.52690722	3.0871729	5.2075548	29.813516	19.455967	0.633115	3.2693797	5.09947	25.0016167	5.179864	1.4755372	1.9962807	4.97431
K00027	malate dehydrogenase (oxaloacetate-decarboxylating) [EC:1.1.1.38]	0.3837126	1.652831	3.6167707	1.260357	0.0379543	0.3907257	3.9765698	3.748173	3.6188828	1.524336	2.839913	0.6707216	2.0550611	7.1740572	0.4336537	0.8436487	3.4963197	0.6325623	1.2513288	0.1182493	0.2715078	5.0008285	3.1987956	0.8246638	0.2262192	2.003305	1.4301229	1.560183	5.43978	3.170635	1.370057	0.5437749	13.1611871	1.8294622	0.7106009	4.0312402	0.264699	0.3542978	0.3573521	0.298115	0.0749014	2.7883822
K00029	malate dehydrogenase (oxaloacetate-decarboxylating)(NADP+) [EC:1.1.1.40]	0.981445	0.6979241	3.84956	0	0	0.2630189	2.5544341	0.2973215	0.0688472	2.185676	4.4182471	0.4727141	4.115678	2.81352	13.3232	0.929712	0.0121064	0.781117	0.316494	0.244434	0	0.8779409	0.8343273	0	0	0.705453	0.3108327	0.7407169	0.1182357	0.4103899	0.444615	0.8998076	15.6441773	1.8339932	0	0.411404	0	0.0152963	0.104503	0	0	1.34305
K00030	isocitrate dehydrogenase (NAD+) [EC:1.1.1.41]	3.754603	1.406118	0.4871927	5.4983222	0.936558	0.3940225	0.683008	0.7684593	0.566076	1.060451	4.5716798	0.4486039	0.180159	0.2037452	0.1222008	0.4969951	1.283184	0.872442	2.6746327	1.581493	1.4709465	1.491838	1.1602797	0.412513	2.1021223	1.086182	1.21304	1.680294	0.402476	0.950595	0.3780926	0.396367	3.780071	3.039451	0.9154552	0.3771056	1.136808	1.053682	0.575726	0.813624	0.382029	0.223118
K00031	isocitrate dehydrogenase [EC:1.1.1.42]	5.6217103	6.179691	3.2079805	7.4492109	1.2596837	2.4389616	11.0667448	6.32963973	5.2005688	4.2371408	5.0830078	1.3857537	13.41876	3.4631608	10.5462708	11.2587907	6.3027622	6.5671732	5.880843	3.4884401	3.185845	6.3543905	6.6238097	9.4958275	3.8664161	13.244904	5.2271755	17.0268529	0.559867	8.6660066	2.657164	1.931826	13.5542402	6.6797798	3.678317	1.430137	4.949468	2.199712	3.6330072	2.7286968	4.0115355	5.5594441
K00033	6-phosphogluconate dehydrogenase [EC:1.1.1.44 1.1.1.343]	0.234329	0.508127	0.1339807	0.5984362	0.2502192	0.9035059	6.366943	0.4924955	0.0508415	0.5153039	0.5867705	18.07115	0.446019	0.4272159	0.0279025	4.9346	0.1166	0.0686469	1.7245	1.3456765	0	1.4288728	0.870416	6.5775917	0.937773	0.1202511	0.859556	4.7859292	49.6703	1.1060194	2.070967	1.428342	18.7304205	0.0403381	0.4795659	2.5426235	0.1294992	0.3858294	0.0771729	0.1599138	0.112171	4.1335425
K00034	glucose 1-dehydrogenase [EC:1.1.1.47]	0.0455902	0.0363172	0	0.707889	0.105072	0	0	0	0.133515	0	0	0.0389242	0.200066	0	0	0.177612	0.0492529	0	0	0.398666	0.174173	0.0915062	0	0	0	0.104789	0.199109	0.0514775	0	0.0618295	0.0609999	0	0.157122	0.156497	0	0	0	0	0.0740875	0	0.18394	0.156733
K00036	glucose-6-phosphate 1-dehydrogenase [EC:1.1.1.49 1.1.1.363]	0.3996398	2.3514719	5.2779877	1.44527609	0.3627971	1.6446081	10.9135467	0.69754616	0.1387819	4.8317483	7.9304374	12.8168819	6.181109	4.7060062	7.1165189	10.6345638	0.7881789	0.9327847	2.5659238	2.3254278	0.635305	2.28801496	2.0496001	1.845288	2.070522	3.4934241	2.1340653	23.1455349	23.5002687	6.6689214	2.3426626	0.9961107	24.2402534	5.2124177	0.5558303	3.4001596	2.749323	1.5137302	0.158086	0.1981187	0.3396664	3.9651644
K00038	3alpha(or 20beta)-hydroxysteroid dehydrogenase [EC:1.1.1.53]	0	0	0	0	0	0	0	0	0	0	0	0	0	0	0	0	0	0	0	0	0	0	0	0	0	0	0	0	0	0	0	0	0	0	0	0	0	0	0.0632692	0	0	0
K00040	fructuronate reductase [EC:1.1.1.57]	16.880973	11.67363	18.051519	0.984184	1.4786121	6.3780009	12.905328	19.6049051	20.66031	23.2191622	18.302705	0.0994639	8.092122	5.3659375	6.326204	4.9308823	17.80065	13.7701053	31.61373	1.78007	0.5410595	4.6608817	1.119773	36.9756768	23.014656	17.498279	7.5329513	9.4647325	0.864219	3.8667909	3.5359126	3.1691981	21.398736	25.8588698	13.0792427	8.3488093	10.9018	15.8070639	1.91578	3.2112702	27.94073	23.40351
K00041	tagaturonate reductase [EC:1.1.1.58]	23.3993574	15.247259	24.6182119	0.7174679	1.70007	6.4937991	15.3103384	22.738593	27.004228	35.278272	30.17314	11.4835621	11.471377	14.624707	15.476768	22.952352	18.912232	16.5297192	35.9163058	8.4106254	2.829304	12.900811	3.953103	46.1267396	39.52659	25.533878	8.186346	43.614009	4.562961	9.6331677	2.9347252	7.2761426	33.1953157	32.8593458	15.419727	10.5757718	26.553273	31.9915791	2.754037	3.8485269	28.2650223	32.3866208
K00042	2-hydroxy-3-oxopropionate reductase [EC:1.1.1.60]	0	0.317156	6.08109	0	0	0.468218	3.204694	0.014814	0	0.0385882	1.435381	0.0271707	8.64522	7.76537	30.24486	0.489858	0.65213	0.025376	0	0	0	0.04848	0.1743716	0.0138765	0	0	0.388694	0.2743501	5.06669	0	0.628554	0	18.80288	2.384388	0.291823	1.524725	0	0.025812	0.014684	0	0	1.832848
K00045	mannitol 2-dehydrogenase [EC:1.1.1.67]	0.25404	0.408409	0	0	0	0.0860279	0.3257452	0.135869	0	0.780962	0.235663	1.7639	0.172691	0	0	2.45607	0.0867177	0.140659	0	0.31567	0.0962183	0.307001	0.126351	0.123548	0.699327	0.29668	0	0	0.148735	0.32388	0	0.632561	0.843189	0.79249	0.0668094	0	0.0736602	2.02966	0	0	0	0.339865
K00046	gluconate 5-dehydrogenase	0.117165	0.3347545	0.329538	0.5694565	0.0390406	0.1152938	1.229612	0.428573	0.235574	0.52228	0.9625631	0.3253322	0.235399	2.40159	0	0.2169056	0.0985148	1.6927623	1.6377575	0.6142373	0.2698649	0.7113158	0.11532	0.0690609	0.2404737	0.233305	0.0291543	0.3760143	1.54272	1.2160286	0.3234878	0.1768653	0.4064681	0.6000238	0.180907	0.1024637	0.4677164	1.95062	0.0487791	0.0939104	0.8074781	3.5196212
K00048	lactaldehyde reductase [EC:1.1.1.77]	0.1514548	2.108703	2.086003	0	1.3205	0.0587971	1.2695634	5.1606374	3.198618	0.688295	0.668714	0.174728	7.53853	1.69088	5.4073531	0.062035	1.1131561	8.0878401	5.28951	1.80154	1.58168	0.2343719	0.289682	2.8931475	4.0413107	0.603247	0.1783	0.1281585	0.530726	3.16452	0.4202989	0.1121932	4.22228	1.404041	0.251091	0.65161	1.4422778	0.6220785	1.3264	0.2406724	0	2.3296828
K00052	3-isopropylmalate dehydrogenase [EC:1.1.1.85]	69.0416332	67.2823344	27.7858078	28.8834551	105.945243	50.0568076	37.1298313	34.4543392	30.0254374	72.5953324	55.9248824	40.53431	37.7378382	15.2016283	31.9314022	42.571766	11.665761	25.923946	31.2532785	62.9481978	28.4336542	47.3363178	71.3786695	42.5705397	28.8334114	67.4146024	52.1036588	48.7208573	63.9894914	20.1633756	19.1533139	20.2693566	61.9802049	34.2123073	26.364938	11.1435192	52.812733	50.9124391	49.7139008	56.0200981	64.9761386	32.7263298
K00053	ketol-acid reductoisomerase [EC:1.1.1.86]	87.4914952	90.902346	60.0497693	70.3239226	201.6517008	146.2385855	81.7054737	71.1357587	69.7790092	103.953658	86.9269788	36.9922147	99.4976066	20.8597478	21.6061227	20.4071992	43.4335007	52.5956811	60.1102779	128.6096286	32.6455063	93.8874766	138.6839681	87.5628253	54.8170346	91.4840315	67.7102424	29.2137816	2.2639795	35.5792404	88.7154851	47.2630535	107.0486317	66.279885	54.1842623	44.5859725	141.5184961	127.9791744	104.4657188	78.0942737	156.2176743	92.9653851
K00054	hydroxymethylglutaryl-CoA reductase [EC:1.1.1.88]	0	0	0.3528044	0.741442	0.3971987	2.2777383	1.36194	0.0472719	0	1.520296	0.2046099	2.15927	0	0.6856561	0.0942128	0.1384197	1.8968828	0.1460477	1.989976	1.094952	1.41168	1.53419	2.4258922	0.185276	0.4254114	0.0364916	0.0753596	0.0548126	0	0.125373	0.1798102	0.5567309	6.3629519	0.505653	0.4079464	3.872652	0.1289847	0.255632	0	0	0.0365838	3.829821
K00055	aryl-alcohol dehydrogenase [EC:1.1.1.90]	0.109857	0.1727523	0	0.455297	0.2033663	0	0	0	0	0.0584334	0	0	0.148113	0	0	0	0	0	0	0.277096	0.0744725	0.101062	1.4650773	0	0	0.118649	0.26822	0	0	0.0694538	0	0	0.195498	0.0726953	0	0.0429301	0	0	0	0	0.282969	0.14561
K00057	glycerol-3-phosphate dehydrogenase (NAD(P)+) [EC:1.1.1.94]	58.3240928	27.6578816	32.9370712	27.697587	28.7808474	42.4026429	45.5969208	32.2482099	38.2247827	89.0461738	62.0740972	14.2428689	37.7510791	19.8573735	30.3223677	25.8194831	10.6784344	22.103139	33.5241776	53.7004829	41.7521649	42.472651	74.9221883	33.3257279	15.6926484	19.808236	24.3783367	40.0463775	5.1919026	19.7945463	35.2050458	23.7227409	42.8218471	23.6172682	21.271137	31.1196727	47.3658276	42.4486477	45.1936168	82.4996748	72.0903039	40.2475353
K00058	D-3-phosphoglycerate dehydrogenase [EC:1.1.1.95]	35.2633257	50.7103918	18.9044842	46.637048	100.833893	55.0125161	56.7163022	16.7653261	15.7529215	24.2346375	24.705579	6.648179	20.2342522	16.9989771	11.4001312	10.4507239	9.5067275	19.2120672	18.9133929	94.1870907	52.5074537	33.6946666	59.0614437	5.8809356	12.0946795	35.1483989	40.3475441	18.8270292	6.3757137	16.1495213	31.9858829	31.9608331	60.8752716	25.5950708	12.9198096	9.4314744	70.427245	74.4025473	87.3656577	63.2519346	67.3936184	10.3504163
K00059	3-oxoacyl-[acyl-carrier protein] reductase [EC:1.1.1.100]	96.0037515	68.3452952	33.5895858	79.8532553	62.4504248	85.6511892	72.8764966	37.9847613	40.9436159	88.962133	76.9930849	17.3370079	31.5604266	22.2709357	10.6499409	32.4353819	33.7451526	34.0620373	39.1333264	111.6786349	65.6089173	56.5230663	78.5335877	57.6330079	31.9833243	60.9411978	74.3904665	67.9904139	29.6509388	41.8610286	62.5778823	32.9488806	76.9479564	45.7508542	28.8945531	37.2420982	69.2900358	69.6258635	141.6722421	159.147655	128.2212944	63.3541847
K00060	threonine 3-dehydrogenase [EC:1.1.1.103]	0	0.288916	4.63804	0	0	0.134106	3.8538	0.060385	0	0.865532	0.78014	25.4785	21.74554	3.69187	10.8093	3.168089	0.365329	0	0.0335917	0	0	4.43575	7.267473	0	0.0680675	0	0.0589145	0.180876	2.40506	3.43951	0.841218	0	8.835747	9.51812	0.365339	0.31426	1.58755	24.0484	2.28381	0.305206	0	1.78635
K00065	2-deoxy-D-gluconate 3-dehydrogenase [EC:1.1.1.125]	0.2716162	0.757177	5.152987	6.490978	2.0823	2.450504	4.5508128	5.0842089	4.250908	3.0119083	17.918415	0.35201	6.690468	14.9658422	27.401101	3.8297518	16.2985796	0.146683	3.368651	7.6291649	28.9027899	0.0465633	1.008487	0.1200302	0.300135	1.8855005	3.2691852	0.4159957	0.470037	2.626939	14.4471014	22.41077	4.2438645	1.8464356	0.52383	3.917358	0.3722683	0.105888	0.889026	8.26969	0.5574876	1.8761664
K00066	GDP-mannose 6-dehydrogenase [EC:1.1.1.132]	0	0	0	0	0	0	0	0	0	0	0	0	0	0	0	0	0	0	0	0	0	0	0	0	0	0	0	0	0	0	0	0	10.5236	0	0	0	0	0	0	0	0	0
K00067	dTDP-4-dehydrorhamnose reductase [EC:1.1.1.133]	52.5768625	28.737785	20.815103	26.153037	19.80003	19.121728	18.3072543	14.9163808	16.7769231	11.361908	12.2622431	21.793954	15.9276534	5.5832587	0.6565529	17.1836719	10.5526752	18.3786272	14.2296935	36.7573089	40.6891886	57.8103512	98.2339547	16.4875159	13.2860022	18.912477	32.4561827	41.4578756	55.0606439	15.1593439	6.302572	13.2712322	23.2133818	15.8651923	9.2720049	7.26998	24.2152491	33.122259	56.3779594	77.8917087	70.5154007	5.0043257
K00068	sorbitol-6-phosphate 2-dehydrogenase [EC:1.1.1.140]	53.8816	35.301578	1.406327	15.8369	22.2917	17.666837	18.19528	4.23257	8.27398	10.029086	6.0060184	0	8.869405	8.67104	21.491895	0.270743	0.4154018	4.71963	5.95114	45.727	34.1002583	3.85094	6.277896	0.4922021	5.8823355	10.2562	15.337285	2.39463	0.051396	2.9986048	19.318924	7.94401	15.42955	13.4869052	3.2044726	0.7633822	30.3042	44.09355	65.9562	95.0398	83.2526	4.845514
K00070	3beta-hydroxy-Delta5-steroid dehydrogenase / steroid Delta-isomerase [EC:1.1.1.145 5.3.3.1]	0	0	0	0	0	0	0	0	0	0	0	0	0	0	0	0.0308172	0	0	0	0	0	0	0	0	0	0	0	0	0	0	0	0	0	0	0	0	0	0	0	0	0	0
K00073	ureidoglycolate dehydrogenase (NAD+) [EC:1.1.1.350]	2.14716	0.664045	3.9299542	0	0	0.0741523	0.200977	0	0	0.2103532	1.61657	0.130785	9.36841	2.94797	13.133327	0.165028	0.214762	0	0	2.27556	10.4144	0.023856	0.0911828	0	0	0	0.0147301	2.305761	0.263547	0	0.0129261	0.0106855	1.84237	0.4143692	0	3.22225	3.03499	4.0719	7.26987	5.67612	0	0.38165
K00074	3-hydroxybutyryl-CoA dehydrogenase [EC:1.1.1.157]	54.6531858	37.547253	23.9583598	14.902667	24.0511155	58.9310353	52.7791182	36.8001229	39.832011	32.0364452	31.6910961	0.8724901	10.8682261	23.980861	10.4510996	17.8474625	51.7345903	25.8356333	38.38551	66.4093222	42.0793161	20.7761024	11.71360676	39.9738584	57.88291	36.802551	40.475061	15.819257	0	25.91232	24.0640778	47.7662361	42.420611	73.4498152	30.5372429	16.5303668	46.7090468	62.51496	77.1430775	85.0245315	92.6518516	47.581032
K00075	UDP-N-acetylmuramate dehydrogenase [EC:1.3.1.98]	66.982999	42.9348916	30.53157	52.8230377	53.2987801	53.1579441	48.747847	41.7934283	44.1487087	78.8357286	54.7105527	25.8952036	44.3670041	17.0996008	8.6386346	22.5862759	23.823993	26.2220046	35.491072	77.9652577999999	51.5089729	66.650456	97.6416009	31.033099	14.8406538	31.1178181	47.6466975	37.5483827	62.3730726	21.8018531	80.3493473	36.7876249	48.8959073	22.0118942	43.6552337	22.3995511	67.7412357	65.5550144	101.967689	109.4994793	84.4729275	53.1467622
K00076	7-alpha-hydroxysteroid dehydrogenase	0	0.0346902	1.23496	0	0	0.0996993	0.15159	0.141285	0	0	0	0.32337	5.329548	3.15915	18.818324	0	0.699869	0	0	0	0	0.03082	0.815384	0	0	0	0.01694	0.0863234	0	0.6744363	0	0.0170253	5.20349	0.277066	0	1.2513841	0	0	0	0	0	0.315519
K00077	2-dehydropantoate 2-reductase [EC:1.1.1.169]	27.5583969	16.9004372	18.3566052	26.4903425	11.773034	22.2379639	27.697534	19.3123245	14.3570553	45.452743	42.1948623	23.7347428	10.179544	19.240558	25.9529569	13.0720057	26.655841	18.9727555	42.5754218	28.0917898	29.820669	13.0566815	7.2129684	45.062714	33.7802367	17.290906	8.4466436	11.1839202	75.045627	21.5217401	18.9650105	31.2182257	31.784683	14.8031558	20.0399542	13.8157397	18.1416047	18.308993	24.6701088	32.4112774	8.710463	23.0538642
K00079	carbonyl reductase 1 [EC:1.1.1.184 1.1.1.189 1.1.1.197]	0	0	0	0	0	0	0	0	0	0	0	0	0	0	0	0.0678991	0	0	0	0	0	0	0	0	0	0	0	0	0	0	0	0	0	0	0	0	0	0	0	0	0	0
K00086	1,3-propanediol dehydrogenase [EC:1.1.1.202]	0	0	0	0.389179	0.182152	0	0	0.164223	0	0	0	2.74832	0	2.697819	0.375627	0.649068	0.0541417	0	0	0	0	0.0835226	1.00258	0	0.118518	0	0.0843287	0	0	0	0.1911132	0.0608092	0.2127507	0.198843	0	3.2326813	0	0	0	0	0	2.6173693
K00087	xanthine dehydrogenase molybdenum-binding subunit [EC:1.17.1.4]	2.114761	1.029052	3.297965	0.575509	0	2.996036	9.969822	5.679126	5.6429471	2.715845	17.376151	0.00685738	1.9241698	11.375886	10.85509	3.223718	17.426359	0.742937	0.569062	9.007211	29.641574	1.45708493	1.29602193	0.1325073	0.098879	0.30555	0.378397	0.2003479	0.144855	2.966556	12.095687	23.19086	8.134245	24.561224	4.340497	2.193854	0.0609054	0.0657069	5.801095	1.327734	0.994422	0.7634408
K00088	IMP dehydrogenase [EC:1.1.1.205]	45.4095866	25.9067723	34.5375963	14.0391636	22.2600499	30.6462873	22.4675245	15.6208395	13.9618813	70.4609652	53.6335447	7.876613	14.0481775	20.739524	14.0971156	11.2664039	16.0844469	19.3488109	16.5602555	55.0981517	35.3340817	50.9122775	80.9943316	29.8204073	24.3090704	16.963576	28.7487761	7.619282	10.96169	14.7226162	39.0264635	25.6948766	22.0794873	20.879018	37.0883227	60.0695639	29.8033638	40.2111926	54.8736457	67.0805201	64.3335754	31.8749609
K00090	gluconate 2-dehydrogenase [EC:1.1.1.215]	0	0.482077	7.585293	0	0	0.3529029	3.657501	0	0	0	0.07446	0	3.87946	5.13467	12.9274	0.656996	0.556462	0	0	0	0	0	0.119802	0	0	0	0.114687	0	0.23677	0	0.90694	0	5.3775733	2.1118004	0.515612	0.667649	0	0	0	0	0	2.243334
K00094	galactitol-1-phosphate 5-dehydrogenase [EC:1.1.1.251]	0	0	0.907729	0	0	0.0924035	0.166097	0.0131591	0	0.0104196	0.31025	0.0471809	4.79249	0.828832	0.238054	0	0.291938	0.0209291	0	0	0	0.158856	0.1484902	0.021398	0	0	0.175378	0.112314	0.955222	0	0.0122789	0.0152031	4.82097	0.0211656	0	1.27385	0	0	0	0	0	0.360646
K00096	glycerol-1-phosphate dehydrogenase [NAD(P)+] [EC:1.1.1.261]	4.53099	2.147211	7.635298	7.249436	7.64153	5.4300355	12.7566584	25.615673	27.196184	14.680126	2.784947	9.379301	16.9677162	3.61479	0.56425	5.0596479	9.265494	8.857798	16.40582	4.6459631	17.114513	1.37719	1.5244137	2.5516584	0.575839	5.004809	3.14786	5.8835611	0	8.871293	2.9959443	11.016011	3.630737	1.8692136	9.900108	4.67666	13.0982352	6.548313	10.808917	26.3006677	17.1551458	4.9081112
K00097	4-hydroxythreonine-4-phosphate dehydrogenase [EC:1.1.1.262]	0.631293	5.430918	3.8692	0	0	1.032644	4.2367151	2.125117	0.2507037	7.55936	3.305204	7.172162	7.4171919	3.298122	9.936929	26.20605	1.865711	2.150275	0.087306	1.826358	0.859476	6.922608	1.117447	0.662648	2.424162	4.94813	1.402881	42.916295	7.858891	11.124003	0.6668887	2.109368	36.5775894	7.3936329	3.956565	0.258317	3.3621338	9.983347	6.3334427	0.9649419	0.0894872	2.364194
K00098	L-idonate 5-dehydrogenase	0	0	0	0	0	0	0.195757	0	0	0.0316869	0.861893	0	0	0	0	0	0	0.158253	0	0.0700453	0	0.03339	0.0930437	0	0	0	0.0487615	0	2.76045	0	0	0	0	0	0	0	0	0.109557	0	0	0	0.441412
K00099	1-deoxy-D-xylulose-5-phosphate reductoisomerase [EC:1.1.1.267]	54.919325	60.576945	26.3186702	29.2942693	105.111852	59.2503391	44.9564992	40.6870433	42.6263514	41.2410234	22.7802617	28.3919195	35.7950949	10.2870968	16.7938251	32.1907005	12.882171	27.5786509	39.9066352	58.612577	26.1805509	33.0694652	64.8251279	14.650711	23.019201	51.86812	45.6738837	52.6525578	69.27608	12.1072254	33.2480834	26.6820526	68.3818074	30.7316392	29.2761931	7.410059	76.6981339	62.3363117	55.2827333	66.3936849	82.5045171	27.1529857
K00100	butanol dehydrogenase [EC:1.1.1.-]	0	0	0	0	0	0	0	0	0	0	0	0	0	0.1666847	0.0257397	0	0	0	0	0	0	0	0	0	0	0	0	0	0	0	0	0	0	0	0	0	0	0	0.0574048	0	0.426335	0
K00101	L-lactate dehydrogenase (cytochrome) [EC:1.1.2.3]	0	0.599123	6.520417	0	0	0.5258501	3.796431	0.118664	0	0.5993021	1.813007	0.0969179	0	4.06786	0	0.718527	0.154216	0.0750764	0	0	0	0.0908096	0.4096295	0.1113503	0	0	0.1902822	0.378549	5.3478	0	0.711059	0	14.92469	2.36681	0.241484	0.11233	0	0.0675078	0	0	0	2.257388
K00104	glycolate oxidase [EC:1.1.3.15]	105.5295518	76.4248666	13.834146	34.8353688	51.47406	68.154584	57.901805	22.5282543	36.78351	22.8324491	20.467989	0.5322867	17.1335995	16.4956588	28.118656	2.048828	19.9163241	24.0271694	37.572871	107.0543744	91.310288	18.9301874	20.5508215	28.606226	51.94047	30.7705753	51.274542	6.7832598	0.40824	17.4145609	11.3346335	25.622517	57.618946	54.890009	27.597206	6.0612159	64.511673	78.107951	136.326372	211.8893	162.934971	10.160931
K00105	alpha-glycerophosphate oxidase [EC:1.1.3.21]	0.130772	0.0413267	0.669636	0.6701171	0.933094	0.145018	0.264569	0.1890362	0.0731112	7.25906	4.46705	0	0.0214526	0.0910825	0.299544	0.167804	0.115257	0.105076	3.987859	0.302851	0	0.0740657	1.1788605	0.540409	0.0772348	0	0.0955981	0.0302173	0	0.0993138	0.0760196	0.0856215	0.0187545	1.36999	0.477469	1.1104553	0.0267101	0.0247352	0	0	0	0.1039378
K00108	choline dehydrogenase [EC:1.1.99.1]	0	0.319648	6.223	0	0	0.282476	3.125812	0.0741276	0	0.726564	0	0	6.95136	6.14306	21.5456	0.596511	0.3945103	0	0	0	0	0.0473268	0.219786	0	0	0	0.253188	0	0.107343	0	0.560928	0.0211736	16.7615197	0.763374	0.301822	0.453729	0	0	0	0	0	0.736588
K00111	glycerol-3-phosphate dehydrogenase [EC:1.1.5.3]	2.1948296	2.5344167	9.7622118	5.0325938	1.9024881	3.8373138	10.5045793	4.5288367	3.981188	1.6433737	4.8736956	6.6518734	3.3378167	4.6596333	0.4338626	2.1270539	3.9902152	6.118128	6.546552	3.4509969	3.830754	4.3696544	4.5122458	3.4887582	0.9193441	2.6955166	2.7491308	2.3172032	7.20621	5.9584764	2.8762114	3.54643746	23.6356589	3.3610244	2.3135484	13.534232	0.2725189	0.4361882	2.875575	7.2047665	3.3232346	7.7112065
K00112	glycerol-3-phosphate dehydrogenase subunit B [EC:1.1.5.3]	0	0.333871	5.4677298	0.271546	0	0.2165297	2.2493583	0	0	1.1505032	0.0217285	0	5.43098	3.91136	21.4494	1.116159	0.561148	0	0	0	0	0.1995146	0.1369912	0	0	0	0.100739	0.0502733	0	0.105503	0.509811	0.0598131	0.119614	0.772841	0.3495515	0.543411	0	0	0	0	0	0.7001637
K00113	glycerol-3-phosphate dehydrogenase subunit C [EC:1.1.5.3]	0.596215	0.683447	0.352497	0.23687	0	0	1.157486	0	0	0	0.125396	0	0	0.0475539	0	0.464785	0.278226	0	0	0	0	0.29284889	0.1709345	0	0	0	0	0	3.26363	0.0683514	0.384157	0.0128907	3.994248	1.97383	0.1082211	0	0	0	0	0	0	1.51223
K00114	alcohol dehydrogenase (cytochrome c) [EC:1.1.2.8]	0	0	0	0	0	0	0	0	0	0	0	0	0	0	0	0	0	0	0	0	0	0	0	0	0	0	0	0	0	0	0	0	9.87405	0	0	0	0	0	0	0	0	0
K00116	malate dehydrogenase (quinone) [EC:1.1.5.4]	0	0.239125	1.6883149	0	0	0	1.1912717	0	0	0.6322876	1.018131	0.0196774	2.05679	2.144616	8.8612493	0	0.4517938	0.071988	0	0	0	0.0455556	0.0611267	0	0	0	0.1659454	0.0639848	0.600683	0	0.7015471	0	22.63063	1.572336	0	1.283002	0	0.0995969	0	0	0	1.6247534
K00117	quinoprotein glucose dehydrogenase [EC:1.1.5.2]	0	0.225873	1.74262	0	0	0	0.218785	0	0	0	0.0659184	0.0146436	4.60272	1.26511	7.87845	0	0.0404614	0	0	0	0	0.00912147	0.012058	0	0	0	0.0150458	0.0304073	0.0923871	0	0	0.0181688	0.329311	0.248465	0	0.53874	0	0	0.00808646	0	0	0.27659
K00121	S-(hydroxymethyl)glutathione dehydrogenase / alcohol dehydrogenase [EC:1.1.1.284 1.1.1.1]	0	0	3.791542	0.3232	0	0.0589036	0.2226942	0	0	0.9752818	0.675518	0.0312794	7.04986	4.229956	20.2055	0.6224846	0.2222326	0	0	0.0574314	0	0	0.0129215	0	0	0	0.141723	0.388663	1.032181	0	0.057991	0	2.8106794	0.4373365	0.108614	1.12144	0	0	0	0	0	0.8276528
K00122	formate dehydrogenase [EC:1.2.1.2]	0	0	0	0	0	0	0	0	0	0	0	0	0	0	0	0	0	0	0	0.0377883	0	0	0	0	0	0	0	0	0	0	0	0	0	0	0	0	0	0	0	0	0	0
K00123	formate dehydrogenase major subunit [EC:1.2.1.2]	10.060385	3.0499627	5.122573	16.7412375	2.057641	1.221824	5.061612	0.0771265	0.117995	1.721845	3.8953191	1.5222677	5.451645	6.58311	19.1311741	3.067049	0.4726641	0.4773958	0.3572579	2.769473	3.042141	2.896275	3.3489576	0.7517796	6.7363	1.315569	3.822517	2.1798239	3.4389682	0.87963	1.90461	0.610901	15.1765446	8.48074	0.2801625	3.1068811	2.9411189	1.5144449	0.7825237	1.9485627	3.6971736	2.4369639
K00124	formate dehydrogenase iron-sulfur subunit	0.0439998	0.3941127	7.58973	0.952398	0.175935	0.345454	3.6687	0.0936649	0	0.9066179	2.431186	0.1253279	9.442193	9.77347	30.1698	1.568466	0.696724	0.4328563	0.294975	0.3947784	0.0897349	0.813486	0.326965	0	0	0.175461	0.563402	1.046361	3.1983093	0.4815257	1.72951	0.1829733	18.27304	2.872279	0.5995753	3.0085179	0	0.0360623	0	0	0.384991	2.434473
K00125	formate dehydrogenase, beta subunit [EC:1.2.1.2]	0	0	0.230309	0	0	0	0	1.53934	0.0772482	0	0	0	0	0	0	0	0.410897	0	0	0	0	0	0	0	0	0	0	0	0	2.28855	0	0	0	0	0	0	0	0	2.09386	0	0	0
K00127	formate dehydrogenase subunit gamma	3.132166	1.859492	8.65331	5.7651518	0.8622431	0.6258645	4.580104	0.176419	0.2259054	1.2939247	1.8303999	0.9274652	4.837484	5.01268	14.9154	0.939495	0.578976	0.4773573	0.1928197	1.4733457	1.261291	1.3388322	1.7956302	0.1830747	2.640895	0.433569	1.7154315	2.5108536	2.058687	0.3018432	0.991215	1.0272644	18.552946	4.269154	0.213572	1.6620126	1.165125	1.1889533	0.246264	0.359383	1.29871	4.782422
K00128	aldehyde dehydrogenase (NAD+) [EC:1.2.1.3]	16.826242	3.6935253	6.0219432	13.637738	4.9750705	22.4498925	10.4303214	7.0305081	3.6272629	3.3992478	3.5401361	2.8286419	3.901118	0.558991	0.1345629	7.2138169	3.560951	3.1706741	4.1141431	5.563876	3.898487	4.710426	6.684153	2.831258	3.340177	4.213147	5.693754	3.4974043	0.398643	5.0194101	4.9837775	6.144975	7.219709	3.6659684	1.718443	4.374115	10.3580179	5.4438914	3.0749814	6.5573502	4.2255178	4.41544
K00130	betaine-aldehyde dehydrogenase [EC:1.2.1.8]	0	0	2.683053	0	0	0.101481	2.76545	0.0277984	0	0.419913	0.0792305	0	4.52655	1.616834	3.16449	0.277321	0.1779035	0.064162	0	0	0	0.0322916	0.13864	0	0	0	0	0.0507869	0.0355811	0	0.627009	0	8.0420879	0.600441	0.110667	0.113546	0	0	0	0	0	0.486192
K00131	glyceraldehyde-3-phosphate dehydrogenase (NADP+) [EC:1.2.1.9]	0.348168	0	0.923758	0.254199	1.59744	0.182985	0.33297	0.321022	0.58622	33.751425	24.1305	0	1.40656	1.7313709	0.573868	0.613662	0.559756	1.7043	1.76699	7.7478	0.250178	0	0.165388	21.6691	0.275723	0	0.905293	0.116907	0	0	0.96451	0.628964	0.43046	1.31633	6.10699	0.825462	0.1742508	0.1371185	0	0.184498	1.22004	5.346956
K00132	acetaldehyde dehydrogenase (acetylating) [EC:1.2.1.10]	0	0	0	0	0	0	0	0	0	0	0	0	0	0	0	0	0	0	0	0	0	0	0.0356613	0	0	0	0	0	0	0	0	0	0	0	0	0	0	0	0	0	0	0
K00133	aspartate-semialdehyde dehydrogenase [EC:1.2.1.11]	10.2090648	6.3412667	15.6688475	10.7683935	9.086659	7.7538833	20.994941	27.7885808	28.395035	39.1635666	30.1710492	1.19498067	19.0061463	17.2813711	8.682827	16.5577114	9.2240338	20.3950569	32.171562	19.328161	14.1851117	8.3339325	7.153736	9.1716517	7.2723738	15.043633	4.6501042	28.144081	5.0108777	13.6643677	5.6531045	13.7490039	26.9944647	13.383357	19.7457088	4.8129703	36.0743042	17.7253832	12.6198211	17.2051617	15.6016496	21.7078824
K00134	glyceraldehyde 3-phosphate dehydrogenase [EC:1.2.1.12]	27.8987691	11.1412931	31.2678484	13.7134406	24.0492036	32.8304474	44.9625693	39.3370463	58.5470427	79.39521	64.5281418	31.1016403	29.6720253	15.462193	31.9068397	18.5066117	13.0232137	35.8177262	36.075206	42.4444203	26.3466073	17.8699432	10.72929953	32.8764819	23.582303	21.60629	20.4216805	20.0245766	81.6658683	19.2520957	17.4944616	26.7197156	50.7177882	20.5671719	36.9933552	20.428592	43.3122221	26.4155359	18.9135838	24.0787759	29.3558476	48.5859026
K00135	succinate-semialdehyde dehydrogenase / glutarate-semialdehyde dehydrogenase [EC:1.2.1.16 1.2.1.79 1.2.1.20]	0	0	0.239885	0.5882997	0.0376772	0	0.9479726	0	0	0.0103725	0	0.00885973	0.188677	1.00332	0.909254	0.72601	0.0759084	0	0	0.5811435	0.0411065	0.418693	0.3741055	0.1803304	0.11678	0	0.2768981	0	4.57028	0.12660647	0.248913	0.4587624	27.2120327	0.7811102	0.482219	1.4030806	0	0.2465476	0.0778087	0.3233947	0	0.563239
K00137	aminobutyraldehyde dehydrogenase [EC:1.2.1.19]	0	0.375747	2.480098	0	0	0.00949037	0.25596	0	0	0	0	0	3.38885	2.05053	12.9394	0.134141	0.3745076	0	0	0	0	0	0.0128423	0	0	0	0.0895859	0.0448019	0	0	0.133171	0	2.69218	0.234474	0.179627	0.5105554	0	0	0	0	0	0.216882
K00138	aldehyde dehydrogenase [EC:1.2.1.-]	0	0	2.266612	0	0	0.01767396	0.146538	0.00888423	0	0.00820029	0.746309	0	0.329474	0.0642421	0.8934	0	0.0798608	0.0104105	0	0	0	0	0.0145565	0.0100169	0	0	0.0557334	0.0261745	3.33231	0.00895835	0.0629036	0	1.242562	0.450224	0.1033509	0.033534	0	0.0125475	0	0	0	0.223861
K00140	malonate-semialdehyde dehydrogenase (acetylating) / methylmalonate-semialdehyde dehydrogenase [EC:1.2.1.18 1.2.1.27]	0.0668417	0	0	0.5268578	0	0	0.851154	0.141162	0	0	0	0.263121	0.618871	0	0	0.0579909	0.274649	0	3.43112	0	0	0.0870604	0.7948919	0.106808	0.175965	0	0	0	0	0.866331	0.0397645	0	27.623386	0.458751	0	0.0390838	0	0.0511467	0	0	0.0805571	0.0615982
K00145	N-acetyl-gamma-glutamyl-phosphate reductase [EC:1.2.1.38]	53.0479337	28.7267681	26.2059229	19.3661372	21.9250284	37.4329539	50.5503455	40.484947	34.5835618	40.211048	34.2447632	62.8709004	44.590368	16.3933711	15.8094677	45.926332	26.1571784	26.081668	32.8143097	40.4703375	51.997306	62.6373321	93.9979953	29.149468	26.8955266	27.7620682	24.2976329	59.3494312	65.3416372	34.0950423	17.3305301	39.6135353	42.7765228	46.5940865	19.1144746	5.5823179	48.8702685	67.6070947	52.4018984	67.1683807	52.2583037	23.2541307
K00146	phenylacetaldehyde dehydrogenase [EC:1.2.1.39]	0	0	1.09166	0	0	0.0145967	0.123814	0	0	0	0	0	3.39712	1.74798	9.62617	0	0.360386	0	0	0	0	0.0149133	0.0175384	0	0	0	0.0158504	0	0	0.0147576	0	0	0	0.261367	0	0.735655	0	0	0	0	0	0.264818
K00147	glutamate-5-semialdehyde dehydrogenase [EC:1.2.1.41]	22.0225972	32.392865	28.1671666	18.0472913	72.56899	49.1792212	34.9966773	39.4175694	39.9531381	77.4919026	52.70493	17.8584391	33.3707034	14.6761424	21.5489419	20.793945	10.8117195	25.2840448	34.0666733	41.4646234	10.4562417	23.9686797	52.1523388	40.1366157	9.2852516	33.3256706	28.0915837	34.0579962	24.7006448	16.6057229	48.2834837	26.1781305	42.2576413	19.3708856	25.5682339	12.6072573	56.0490853	29.5003697	15.7756212	19.9463373	34.6810158	40.0351336
K00148	glutathione-independent formaldehyde dehydrogenase [EC:1.2.1.46]	0	0	0	0	0	0	0	0	0	0	0	0	0	0	0	0	0	0	0	0	0	0	0	0	0	0	0	0	0	0	0	0	9.00406	0	0	0	0	0	0	0	0	0
K00150	glyceraldehyde-3-phosphate dehydrogenase (NAD(P)) [EC:1.2.1.59]	0	0	0.251359	0	0	0	0	6.66625	0.489526	0	0	0	0	0	0	0	5.575514	0	0	0	0	0	0	0	0	0.353263	0.307144	0	0	7.72394	0	0	0	0	0	0	0	0	9.12957	3.85568	0	0
K00151	5-carboxymethyl-2-hydroxymuconic-semialdehyde dehydrogenase [EC:1.2.1.60]	0	0	0	0	0	0	0	0	0	0	0	0	0	0	0	0	0	0	0	0	0	0	0	0	0	0	0	0	0	0	0	0	10.9726	0	0	0	0	0	0	0	0	0
K00153	NAD/factor-dependent formaldehyde dehydrogenase	0	0	0.0715487	0	0	0	0.0960081	0	0	0.140102	0.440179	0	0	0	0	0	0.0825018	0	0	0	0	0	0.0368002	0.0579801	0	0	0	0	0	0	0.116001	0	0	0.107654	0	0.124032	0	0	0	0	0	0.0628929
K00154	coniferyl-aldehyde dehydrogenase	0	0	0	0	0	0	0	0	0	0	0	0	0	0	0	0	0	0	0	0	0	0	0	0	0	0	0	0	0	0	0	0	10.2011	0	0	0	0	0	0	0	0	0
K00156	pyruvate dehydrogenase (quinone) [EC:1.2.5.1]	0.675966	0.5172861	0	0	0	0.06520844	0.1690917	0	0.0381617	1.0227487	0.164509	0.5353699	0.1681941	0	0	3.80901	0.1031623	0.1941037	0.0325793	0.203956	0.11095	0.06375459	0.0124464	0	0.528527	0.625254	0.12466	3.19373	3.6806785	0.2143906	0	0.2074716	6.3305828	0.1568081	0	0.116258	0	0.140327	0.0722109	0	0	0.2506489
K00158	pyruvate oxidase [EC:1.2.3.3]	0.293224	0.0255386	1.25997	1.445282	1.2323727	0.232232	0.338782	0.2796298	0.244762	15.4965723	10.652811	2.42854	0	0.816476	0.3954745	1.840905	0.2466516	0.43259	2.236601	3.008878	0.0320364	0.332636	3.745704	13.0234578	0.314094	0	0.2322509	0.200021	0.150165	0.6692312	22.912655	2.650816	10.380907	1.69118	1.368459	8.79478	0	0	0.0239635	0.312969	0.3438425	8.8601789
K00161	pyruvate dehydrogenase E1 component alpha subunit [EC:1.2.4.1]	0.0314964	0.0336004	0.48732	0.754831	0.2746858	0.6575634	0	0.697225	0	0.3226474	0	10.0827	0.1561747	0.176847	0	1.064277	0.0580402	0.643247	0.159399	1.39671	0	4.3466954	1.35059	0.1188817	0.271206	0	0.2559203	0	24.9827	1.0006657	22.083044	2.577713	5.9441949	0	1.9471172	0.8161553	0.7373502	0.605824	0.269554	0.0560275	0	5.382393
K00162	pyruvate dehydrogenase E1 component beta subunit [EC:1.2.4.1]	0	0.271929	0.0540705	0.4144614	0.287228	0	7.7708211	0.027676	0	0.0236097	0.0633582	2.22376	0	0.361248	0.0693437	0	0	0	0.0697503	1.0595908	0	0	0.7409408	0.1021656	0.7287758	0	0.6006091	0	0	0.8007238	0.5280069	0.575739	6.446641	0.133854	0.343488	3.47562	0	0.19659	0	0	0.0512262	3.000887
K00163	pyruvate dehydrogenase E1 component [EC:1.2.4.1]	0	0.413476	5.256234	0	0	0.249133	3.0813714	0.0271264	0	0.716814	1.4084623	0.0174674	0.441554	3.498245	3.00139	0.953788	0.402935	0.0145632	0	0.0603456	0	0.0153173	0.412149	0	0	0	0.1575937	0.185618	4.30181	0.0145015	0.9016816	0.0215095	17.707675	1.89681	0.767528	0.5410112	0	0.0246189	0	0	0	1.8095313
K00164	2-oxoglutarate dehydrogenase E1 component [EC:1.2.4.2]	0	0.3917673	5.8285603	0	0	0.193864	2.446828	0.00910928	0	0.679693	0.7948005	0.00934573	5.58777	5.04868	19.0503047	0.2324494	0.209345	0.2389065	0.165109	0.0781061	0	0.0123142	0.181016	0	0	0	0.100516	0.6134668	0.541896	0.0110921	0.5553544	0.017788	10.68917	1.7663461	0.195218	0.707372	0	0	0.0428586	0.04728	0	1.6774963
K00166	2-oxoisovalerate dehydrogenase E1 component alpha subunit [EC:1.2.4.4]	0	0	0.0355339	0	0	0	0	0	0	0	0	0	0	0	0	0	0	0	0	0	0	0	0	0	0	0	0	0	0	0	0	0	10.6502	0	0	0	0	0	0	0.0832637	0	0
K00167	2-oxoisovalerate dehydrogenase E1 component beta subunit [EC:1.2.4.4]	0	0	0	0	0	0	0	0	0	0	0	0	0	0	0	0	0	0	0	0	0	0	0	0	0	0	0	0	0	0	0	0	11.0658	0	0	0	0	0	0	0.115723	0	0
K00169	pyruvate ferredoxin oxidoreductase alpha subunit [EC:1.2.7.1]	30.0993701	18.405333	2.9784458	11.1202274	12.1470845	8.6185235	8.145909	5.3093391	7.4209666	5.3400465	5.16949	0.3979446	6.958982	0.660686	0.129535	0.5894257	1.983172	2.510904	3.498861	2.9515121	9.782511	1.9341945	2.663914	1.6303155	8.235501	3.769698	3.2100057	3.1773832	0	8.2363754	1.7001053	1.131545	2.5808837	3.4047681	1.8751451	3.947782	13.045803	20.5602354	37.820132	55.143734	11.6697519	1.9220689
K00170	pyruvate ferredoxin oxidoreductase beta subunit [EC:1.2.7.1]	2.5264366	1.5031511	3.057068	0.675047	0.0883098	0	1.55405	4.13268	5.019969	0.3954083	1.9035278	0.268443	5.9259713	1.15997	0.238319	1.020611	1.75433	7.8801	3.495421	3.9375575	10.6234271	1.75947	1.030561	0.787146	3.70547	1.5969	3.733792	2.3011851	0	5.292075	4.2296737	2.38851	2.168726	2.787083	2.121763	3.720765	1.32837	2.400854	5.5738055	5.2625002	11.006402	2.481392
K00171	pyruvate ferredoxin oxidoreductase delta subunit [EC:1.2.7.1]	32.484549	20.727335	0.66472	11.7042	14.1848	10.4208	9.0282	16.359122	4.7591261	5.7437015	2.409	0.661015	2.60717	0	0	0	8.002763	0.283786	0.21648	0	0	0.7218269	2.551102	0.342976	2.88174	3.32861	1.68657	1.09011	0	16.783794	0	0	1.56858	1.38085	1.46987	0	16.7987	24.125112	57.63363	66.48556	0.0669063	0.7971132
K00172	pyruvate ferredoxin oxidoreductase gamma subunit [EC:1.2.7.1]	28.494647	20.5285132	0.577087	10.742103	12.462064	8.37181	8.83081	5.3085388	5.9448143	5.42712	3.28833	0.0783928	0.535325	0.4633462	0.0178784	0.359854	1.1915308	5.30521	4.7504	0.130535	0	2.7911631	3.6086676	2.038892	7.6861587	4.132305	2.277275	1.3314296	0	5.8189584	3.434669	3.566366	3.990783	3.5017831	2.370207	0.180307	14.7048	22.999736	35.9354845	51.260273	37.3248747	0.986538
K00174	2-oxoglutarate/2-oxoacid ferredoxin oxidoreductase subunit alpha [EC:1.2.7.3 1.2.7.11]	2.9588248	2.149425	0.27566	2.192389	1.14889	0.2702099	2.5493536	4.8731414	0.549681	3.2679725	2.829054	7.220118	6.322818	0.655052	0.179491	17.827024	1.9167197	0.6795268	0.3195	1.2335346	0.6699828	5.068752	1.2505003	0.6716164	5.2148744	6.17953	1.211986	25.644586	0.2355893	11.607873	0.8706061	2.6633189	5.604017	5.2631686	3.5874505	0	3.3669232	6.3416006	9.009946	1.2803264	0.2314924	2.367311
K00175	2-oxoglutarate/2-oxoacid ferredoxin oxidoreductase subunit beta [EC:1.2.7.3 1.2.7.11]	5.0785897	5.644252	0.228823	7.4919887	1.30118	1.2684619	2.540535	7.3599526	1.0420785	4.878722	3.6958806	3.3132484	8.1331031	1.07939	0.4001977	19.219876	3.811775	0.9157646	0.166514	2.912225	1.955343	6.6627799	2.888631	1.2826384	5.591433	9.2354508	3.5674076	24.4275381	0.757192	13.4370229	2.2967268	2.5994497	8.488466	7.35945	7.4048263	0.9363792	5.27289	11.725552	17.532492	3.424259	1.4471214	4.040769
K00176	2-oxoglutarate ferredoxin oxidoreductase subunit delta [EC:1.2.7.3]	1.722994	1.786277	0.1882124	2.877868	0	0.418364	3.462833	9.511455	1.058086	5.13129	3.32265	1.826147	11.082415	1.36233	0.118141	17.559564	4.2779364	1.290621	0	1.091087	1.162094	3.6974198	3.426403	1.49205	2.185365	5.366248	3.61112	30.761482	0	13.8835725	0.8214662	2.042805	7.16232	5.463348	0.583967	0.0461084	3.92656	2.567749	4.8151397	0.2481358	0.149365	1.613333
K00177	2-oxoglutarate ferredoxin oxidoreductase subunit gamma [EC:1.2.7.3]	4.0654811	1.9393571	1.391005	6.628744	0.923659	0.461003	0.7551537	3.7449967	0.932476	0.361083	0.138891	1.122401	1.9498203	0.0643059	0	2.025049	1.5122673	0.4298047	0.31365	1.931045	2.272745	1.8300271	2.142787	0.0892256	3.01216	0.307057	1.866997	0.430974	0.342504	5.7924674	1.1796536	0.9192237	4.990926	2.836114	0.7774717	0.1539009	1.04396	0.8056407	3.2993787	1.0206793	2.652795	1.1407325
K00179	indolepyruvate ferredoxin oxidoreductase, alpha subunit	6.319003	2.7231734	3.5973465	6.066201	4.822689	7.9092742	7.5077278	5.7136213	6.4957832	5.46907	6.015946	2.5869373	10.8615888	1.973328	0.3647083	12.8434661	5.6897464	3.7640978	3.2539942	8.56924	12.2834548	5.0306441	3.1860665	3.247469	16.003602	8.365582	11.27293	20.5568902	0.378967	10.0632551	3.7710433	5.917612	11.5349904	11.925037	4.8853846	3.31603	7.696667	7.999687	8.2329477	5.5639496	11.8131208	8.899957
K00180	indolepyruvate ferredoxin oxidoreductase, beta subunit	11.4097442	5.9495979	3.3574755	12.9494257	7.2914297	9.515926	6.8923	10.1125578	9.3253346	2.007944	2.547153	2.689493	12.057093	1.537296	0.4068116	2.7551286	6.6348576	4.113017	2.351975	10.7736291	14.6762482	6.6544987	5.0583102	3.2604501	20.195284	6.274436	12.981677	3.9767193	0.828074	12.5407285	4.7869163	7.001694	15.565294	11.9818683	6.55285	4.214986	6.5182694	7.1400494	10.9238691	7.0746774	14.695443	12.8988795
K00183	molybdopterin oxidoreductase, molybdopterin binding subunit	6.4470252	1.7564024	0.0531825	13.284525	2.4853379	0.960894	1.067833	0	0.068756	0.477482	0.285369	0.7653106	0.340419	0	0	0.3155256	0.0571937	0.1653637	0.0916673	2.201987	1.6791043	1.828558	1.978974	0.37815	4.60204	0.687268	3.311623	0.619759	0.831028	0.236982	0.604575	0.3402092	6.638576	4.151004	0	0	1.634169	1.126539	0.5949604	1.0010273	3.707125	0.0747337
K00184	molybdopterin oxidoreductase, iron-sulfur binding subunit	8.8613345	2.521778	0.2684881	20.703032	3.3016017	1.478068	1.200183	0.0422881	0.6369681	0.7251108	0.349825	1.8175599	1.3243811	0	0	1.8793137	0.3119908	0.0737481	0.123063	4.642726	2.765671	2.8986636	3.3613216	0.340286	5.13678	2.1419949	6.4208002	1.735079	1.304722	0.918287	1.05342	0.5626054	14.0391123	9.409826	0.122981	0.181054	2.997172	1.967896	1.8042932	2.2197725	5.675876	1.402552
K00185	molybdopterin oxidoreductase, membrane subunit	9.826693	2.2968424	0.1969279	16.003177	2.383624	0.762437	1.098369	0.0446705	0.2607912	0.6845564	0.2912569	1.2559584	0.9501483	0	0	1.5210971	0.2652337	0.2658152	0.1495074	2.82346	2.077549	3.0553897	2.8057308	0.4881587	5.82608	1.1164833	4.304842	1.521866	1.01367	0.5914422	1.005163	0.7241183	9.599668	5.672956	0.161121	0	2.303524	1.653077	1.094576	1.36391	2.919664	0.638419
K00193	acetyl-CoA decarbonylase/synthase complex subunit beta [EC:2.3.1.-]	0	0	0	0	0	0	0	0	0	0	0	0	0	0	0	0	0	0	0	0	0	0	0	0	0	0	0	0	0	0	0	0	0	0	0	0	0	0	0.142937	0	0	0
K00194	acetyl-CoA decarbonylase/synthase complex subunit delta [EC:2.1.1.245]	0.408498	3.94884	1.35214	6.495228	4.01902	15.1932	14.3985	1.99255	5.54939	0.852786	1.28948	0	2.41443	3.78062	1.05119	0.0782487	5.70607	3.31126	6.24165	4.15339	4.96576	2.29791	0.766764	10.616712	3.3909983	4.84413	19.234	0.0752034	0	1.50295	3.55666	5.78536	0.487299	0.747119	3.21085	0.706005	8.245507	3.9378092	2.46794	6.22595	2.0402965	0.0750889
K00196	carbon-monoxide dehydrogenase iron sulfur subunit	0	0.761174	0	0.712839	0	0	0	2.5947828	0.303572	0	0	0.591469	1.55157	0	0	0	0.4310272	0	0	0	0	0.0890631	0.5032815	0	0	0	0	0	0	3.66533	0.124741	0	0.122433	0.0569079	0	0	0	0	0	0.092357	0.0568189	0.9775949
K00197	acetyl-CoA decarbonylase/synthase complex subunit gamma [EC:2.1.1.245]	0.0782402	0	0	0.537979	0	0	0	1.14161	2.08164	0.648562	0.718473	0.051764	0	0.0992793	0	0.0813585	1.23798	0	0	0.059841	0	0	0	0	0.180344	1.1062	0.991654	0.613085	0	0	0	0	0.109361	0	0	0	0	0	0	0	0.0569009	0.134343
K00198	carbon-monoxide dehydrogenase catalytic subunit [EC:1.2.7.4]	0.1267007	1.31434	0.412132	3.741943	1.83017	5.54521	5.04822	0.828809	1.2692021	0.552106	0.5230674	0.0599988	0	10.78819	3.960651	0.9704614	1.022415	0.136529	0.101979	1.75185	1.76505	0.308302	0.0832206	0.0846331	0.1513839	0.712511	0.6144437	0.587978	0	0.225505	1.416685	0.0584257	0.612965	0.0969687	0.1304597	0.28646	4.1739993	2.3349614	0.179797	0	0.650031	0.5501661
K00200	formylmethanofuran dehydrogenase subunit A [EC:1.2.99.5]	0	0	0.252484	0	0	0	0	7.40137	0.238479	0	0	0	0	0	0	0	5.882952	0	0	0	0	0	0	0	0	0	0	0	0	8.49732	0	0	0	0	0	0	0	0	9.47316	4.01575	0	0
K00201	formylmethanofuran dehydrogenase subunit B [EC:1.2.99.5]	0	0	0.326144	0	0	0	0	1.66873	0.0507224	0	0	0	0	0	0	0	0.585855	0	0	0	0	0	0	0	0	0	0	0	0	2.22572	0	0	0	0	0	0	0	0	1.98288	0	0	0
K00202	formylmethanofuran dehydrogenase subunit C [EC:1.2.99.5]	0	0	0.291618	0	0	0	0	1.70282	0.121287	0	0	0	0	0	0	0	0.5878	0	0	0	0	0	0	0	0	0	0	0	0	2.74523	0	0	0	0	0	0	0	0	1.77242	0	0	0
K00203	formylmethanofuran dehydrogenase subunit D [EC:1.2.99.5]	0	0	0.49439	0	0	0	0	1.74578	0.114215	0	0	0	0	0	0	0	0.516401	0	0	0	0	0	0	0	0	0	0	0	0	2.80173	0	0	0	0	0	0	0	0	1.78686	0	0	0
K00204	4Fe-4S ferredoxin	0	0	0	0	0	0	0	6.43583	0.230715	0	0	0	0	0	0	0	5.64518	0	0	0	0	0	0	0	0	0	0	0	0	7.44347	0	0	0	0	0	0	0	0	7.06595	3.71429	0	0
K00208	enoyl-[acyl-carrier protein] reductase I [EC:1.3.1.9 1.3.1.10]	0.2403518	0.4667998	16.41002	1.454913	0.0425543	0.676187	3.5058979	0.117549	0	1.914265	5.479038	3.0667414	8.1460718	8.647519	28.1128217	0.623293	0.460925	2.203593	0.6574478	0.299182	0	33.4564192	64.5237025	0.0234025	0.0575657	0.0347552	0.262757	0.6883397	2.904047	5.308206	1.0264754	0.1421963	9.521661	1.386581	0.278203	5.313982	0.0553687	0	0.0382534	0	0	3.689966
K00209	enoyl-[acyl-carrier protein] reductase / trans-2-enoyl-CoA reductase (NAD+) [EC:1.3.1.9 1.3.1.44]	29.6586	19.9785	0.630721	9.230459	12.2632	9.30504	8.29971	2.388005	5.271536	5.34103	3.01344	0.120953	1.633534	8.0448936	3.3567307	0	0.772359	2.98717	3.80319	23.589	18.491	2.2815357	3.28417	0.821162	9.100621	7.61054	13.2539	1.361205	0	3.219042	0.520598	3.21256	22.192163	7.65652	1.70143	0	16.8283678	21.9726158	36.784018	51.487601	43.5269792	0.588612
K00210	prephenate dehydrogenase [EC:1.3.1.12]	0	0.0750812	0	0	0	0.36308	2.09497	0.254314	0.263436	2.26429	2.05505	0.121264	4.24611	0.775403	0.337384	8.78234	0.560506	0.431409	0.212317	0.5244	0.681748	1.19128	0.77593	0.470365	1.21774	2.78851	0.689225	20.9011	0.111799	1.67102	0.0437791	0.490439	2.71557	3.68369	0	0	2.24543	1.02767	0.117648	0.056243	0.0471352	0
K00215	4-hydroxy-tetrahydrodipicolinate reductase [EC:1.17.1.8]	55.4771185	71.344471	26.7076999	33.0720895	118.1168005	71.3914882	50.0014384	32.6583411	25.4515236	61.5765709	47.8947315	30.5684778	53.4571751	11.7114179	22.942349	13.9610695	15.3184821	23.3937846	20.699553	79.5359378	33.5772834	40.2029419	85.8849883	29.9750306	28.4667916	46.3889831	61.4199184	11.2910214	4.325986	28.0129967	56.6988255	29.4156883	67.8925445	32.8538098	27.9960309	12.6117423	65.3975996	76.1510211	68.516212	66.365317	86.1780265	36.4962539
K00216	2,3-dihydro-2,3-dihydroxybenzoate dehydrogenase [EC:1.3.1.28]	0.0594384	0	0.9442887	0	0	0	0.1752902	0.0492182	0	0.0502478	0.124251	0	1.23508	1.30809	4.0073	0	0.0419181	0	0	0	0	0.0287057	0	0	0	0	0.191535	0.0558751	0	0	0	0.0668313	2.1122444	0.0990884	0.0483221	0.5702994	0	0	0	0.0965682	0	0.0992381
K00219	2,4-dienoyl-CoA reductase (NADPH2)	0.107942	0.167122	1.59472	0	0	0	0.123173	0	0	0.0278928	0.120709	0	4.798514	2.725	17.3392	0	0.567303	0.0163703	0	0.0955283	0	0.315956	0.3827181	0	0	0	0.177656	0	0	0	0.0438494	0	14.62762	0.614934	0	0.594371	0	0	0.0629919	0	0	0.164084
K00226	dihydroorotate dehydrogenase (fumarate) [EC:1.3.98.1]	0.6824573	2.121465	8.6982275	1.9925625	1.775553	0.5186878	7.5188417	0.613665	0.902368	49.0141768	35.1549829	12.312364	7.35297	2.0041902	1.120442	7.3771858	0.3389191	4.065768	2.896676	11.71109	0.380791	27.871909	52.5431701	31.6371424	0.80184	0	1.4284764	0.200702	1.8747808	5.8708726	2.8999138	2.3307538	1.8421897	3.0966074	7.0613034	7.0704891	0.1494459	0.5583392	0.0363267	0.1786038	1.2876466	7.0641629
K00228	coproporphyrinogen III oxidase [EC:1.3.3.3]	0	0.241038	4.60309	0	0	0.295606	2.32203	0.0470198	0	0	0.767869	0	6.28767	6.745448	23.9173	0.56661	0.368164	0.132227	0	0	0	0.0453297	0.2188386	0	0	0	0.321124	0.144549	1.73943	0.0738195	0.5949293	0	18.90842	1.611336	0.311387	1.94731	0	0.0702756	0	0	0	1.4887993
K00230	menaquinone-dependent protoporphyrinogen oxidase [EC:1.3.5.3]	0	0	1.5063	0	0	0.1012035	0.9639149	0.155842	0.0262003	0	1.20222	0.0339931	0.126929	2.9152	3.43146	0	0.51695	0.0438578	0	0	0.0587495	0.0345576	0.18651	0	0	0.0766406	0.564746	0.353492	3.78761	0.13981	0.125173	0.107335	7.91533	0.889062	0	1.4282474	0	0.0887318	0	0.0662348	0	1.55036
K00231	oxygen-dependent protoporphyrinogen oxidase [EC:1.3.3.4]	0	0	0	0.149364	0.1514	0	0	0.986782	0	0.121138	0.0810086	0	0	0	0.0348651	1.88835	0.154944	0	0	0	0	0.737554	0	0.188082	0	0.783973	0	0	0.0763395	0.16048	0.49866	0.3653407	0	0	2.59568	0	0.407331	1.86379	4.96959	0.963341	0.0663119	0.207649
K00236	succinate dehydrogenase (ubiquinone) cytochrome b560 subunit	0	0	0	0	0	0	0	0	0	0	0	0	0	0	0	0.0386185	0	0	0	0	0	0	0	0	0	0	0	0	0	0	0	0	0	0	0	0	0	0	0	0	0	0
K00237	succinate dehydrogenase (ubiquinone) membrane anchor subunit	0	0	0	0	0	0	0	0	0	0	0	0	0	0	0	0.122914	0	0	0	0	0	0	0	0	0	0	0	0	0	0	0	0	0	0	0	0	0	0	0	0	0	0
K00239	succinate dehydrogenase / fumarate reductase, flavoprotein subunit [EC:1.3.5.1 1.3.5.4]	3.0342049	4.607091	4.2335822	0.1710046	0.10728	2.7969383	13.122191	6.8406067	5.7448059	7.8054132	21.8696583	17.62527	7.6933891	21.7241002	6.0145335	12.3831479	20.9840703	3.4097891	0.516082	10.023627	33.288994	2.0970926	1.6436381	0.169275	0.0765425	4.388933	1.6841264	0.108303	3.3436	8.7786381	15.6532039	30.695699	25.458507	28.3306934	4.2011967	2.2509192	0	0.5640809	5.4684919	0.3607858	0.0543238	2.022563
K00240	succinate dehydrogenase / fumarate reductase, iron-sulfur subunit [EC:1.3.5.1 1.3.5.4]	11.907923	4.944931	7.576356	2.79405	3.0792501	22.1614583	15.057699	4.2002335	2.5216321	4.924229	5.5753851	0.5487791	10.4457336	6.41924	14.1633762	13.0512878	2.08037	1.700123	1.324259	2.9631511	0.945549	1.7682783	3.855455	2.116619	0.9145927	7.96352	4.3059195	32.048759	3.976934	3.4992871	3.8604463	4.6434867	26.2391651	9.738056	1.1770651	3.3995046	12.941699	4.576014	0.2252081	0.4183422	2.376133	16.20856
K00241	succinate dehydrogenase / fumarate reductase, cytochrome b subunit	1.327573	1.1068384	5.4647346	0.3061281	0.151641	0.9726137	5.7586649	0.8255909	0.1991253	16.511181	8.9040472	13.0065591	13.814609	6.9658643	11.0442314	17.6278753	1.609025	1.2097205	1.5557887	1.943992	0.853198	3.0484247	1.4026294	1.419456	1.3914285	3.873946	1.0096	26.862104	3.666933	2.989562	2.2226801	2.3860563	13.137605	6.0366336	0.8358348	2.2534192	5.28629	2.9723948	0.4320836	0.496257	0.0670166	3.94311
K00242	succinate dehydrogenase / fumarate reductase, membrane anchor subunit	0	0.4524672	3.221964	0.0406515	0	0.296658	1.70249	0.1701218	0.0596682	1.13705	1.945126	0	7.65116	4.32993	17.7581	0	0.69728	0	0	0	0	0	0.331574	0	0	0	0.304094	0.421179	5.49644	0.13981	0.229951	0	19.229048	1.7926	0.0397685	2.8985344	0	0	0	0	0	0.897654
K00243	hypothetical protein	42.4307054	27.3886582	13.213654	15.4716265	19.6700352	19.9453511	26.060597	11.9210552	15.9449794	50.2454009	58.9596579	13.9819128	3.4275288	19.0218341	6.2533788	9.126537	20.8712328	14.4776073	14.1855077	56.2227563	62.166668	37.1131477	59.8426918	20.9692427	16.4200925	12.5642882	18.7153416	3.0472352	24.8315	11.0258614	17.6182197	31.903172	29.3519412	44.0002433	14.4666096	16.8416378	24.3902833	32.761927	54.029044	71.0185167	68.165055	14.5489148
K00244	fumarate reductase flavoprotein subunit [EC:1.3.5.4]	12.2543398	5.053802	9.351347	12.9900667	2.8137081	7.975129	8.2565019	2.8795099	2.8050324	6.610627	8.0215387	1.3487264	8.4106786	6.9353861	22.8461204	2.7445118	0.5154193	4.719873	5.350676	6.6409323	3.81996	3.301521	4.9031805	11.4316388	6.026094	3.287946	3.487747	4.0644203	4.1774017	2.4808457	3.5247069	2.0083614	22.1310723	11.9717369	1.8036958	4.5188293	6.86886	8.504163	2.3683779	3.2778238	8.062965	14.1329966
K00245	fumarate reductase iron-sulfur subunit [EC:1.3.5.4]	0	0.218332	6.63219	0	0	0.0717195	0.534065	0	0	2.29152	6.608743	0.0147592	6.06662	3.35182	23.1876	0.378345	0.519205	0.61528	0.426685	0.208	0.0148299	0.0175028	0.247485	0	0.0147496	0	0.191145	1.217688	3.6208933	0.1044988	0.345081	0	2.7810848	0.3900386	0.207	1.92591	0	0	0	0	0	0.274886
K00246	fumarate reductase subunit C	0.16529	0.54482	12.006622	0.25729	0	0.068221	4.860227	0.109934	0	1.3093671	6.20839	0.0683547	6.29137	9.38566	26.7051	1.541677	1.234695	0.804599	0.475883	0.406974	0	0.2905711	0.8412026	0.120097	0	0	0.419586	1.788507	4.118389	0.2095868	1.518261	0	12.7757841	2.4734139	1.1450788	2.272996	0	0.0339742	0	0	0	2.700854
K00247	fumarate reductase subunit D	0.0581157	0.394005	14.604464	0	0	0.19979	5.25366	0	0	0.8189811	3.54745	0	10.2248	13.29865	44.6348	0.421585	0.569777	0.667987	0.169854	0	0	0	0.429862	0.095656	0	0	0	1.7045224	5.12869	0.0878804	1.25939	0	15.1979347	2.921921	0.2471326	2.62291	0	0.167323	0	0	0	3.156467
K00248	butyryl-CoA dehydrogenase [EC:1.3.8.1]	39.8433537	27.6138954	1.085984	12.8458944	17.806498	15.1431797	13.066493	5.68588	6.900538	15.0180055	8.21225	0	0.914886	2.23109	0.347293	4.0720763	0.3923359	4.644554	5.5967602	38.209896	30.960065	7.754697	8.6897123	2.254691	23.7193	10.109273	3.291619	3.0808125	0	5.80502	1.220036	4.168872	17.3428298	13.983595	6.64383	0.109589	24.271134	36.66802	78.85373	72.2235562	117.45578	0.981595
K00249	acyl-CoA dehydrogenase [EC:1.3.8.7]	0	0	0	0	0	0	0	0	0	0	0	0	0	0	0	0	0	0	0	0	0	0	0	0	0	0	0	0	0	0	0	0	9.59754	0	0	0	0	0	0	0	0	0
K00252	glutaryl-CoA dehydrogenase [EC:1.3.8.6]	0	0	0	0	0	0	0	0	0	0	0	0	0	0	0	0	0	0	0	0	0	0	0	0	0	0	0	0	0	0	0	0	10.918675	0	0	0	0.074891	0	0	0	0	0
K00253	isovaleryl-CoA dehydrogenase [EC:1.3.8.4]	0	0	0	0	0	0	0	0	0	0	0	0	0	0	0	0	0	0	0	0	0	0	0	0	0	0	0	0	0	0	0	0	9.466457	0	0	0	0	0	0	0	0	0
K00254	dihydroorotate dehydrogenase [EC:1.3.5.2]	0	0.472418	2.89636	0	0	0.3117432	2.8871002	0.0561542	0	0.351647	0.222958	27.3319	20.55398	4.33785	10.1863	2.499468	0.401501	0	0	0	0	4.24837	7.469604	0.0693728	0.0607303	0	0.111494	0	1.171896	3.25069	0.709715	0	16.178097	9.4194215	0.291335	1.1146468	1.47579	24.5123	2.24043	0.185847	0.0394614	1.45368
K00259	alanine dehydrogenase [EC:1.4.1.1]	0.2707383	0.059244	0.0877915	0.485497	0.204638	0	0.2041826	0.293874	0	1.81611	0.96873	23.13927	0.23519	0	0.0391762	4.4536961	0.0671132	0.220563	0.231799	1.1238992	0.0679856	1.6626806	0.3524842	0.4131392	0.206232	0	0	5.08181	52.7653	0.6730334	0.1560458	0.7160946	0.9798331	0.2051905	0.3591405	1.14913	0.1900177	0.447589	0	0	0.3487109	1.158407
K00260	glutamate dehydrogenase [EC:1.4.1.2]	0	0	0	0	0	0	0	0	0	0	0	0	0.150352	0	0	0.17267	0.100757	0	0	0.0543239	0	0	0	0	0	0	0	0	1.79973	0.588985	0.137237	0.187349	0	0	0.0920175	0	0	0	0	0.0848839	0	0.082535
K00261	glutamate dehydrogenase (NAD(P)+) [EC:1.4.1.3]	0	0	1.424801	3.82468	2.27539	0	0.274517	0	0	0	0	0	0.0433363	0	0	0.420737	0	0	0	0.13444	0.153138	0	0.01265694	0	0	0	0	0	0	0	0.093109	0	0	0	0.2627794	0	0.0459884	0.0686956	0	0	0.108191	0.140646
K00262	glutamate dehydrogenase (NADP+) [EC:1.4.1.4]	31.0472117	26.2653455	19.8472528	26.085899	24.1313936	11.9552732	26.9206731	38.1335828	40.51981	89.212904	59.5610169	79.0257121	59.6705004	24.189162	11.5613317	74.575019	32.0322489	29.2073961	32.0998031	38.4820603	18.465339	35.1644334	21.5936714	26.0600646	21.5370139	50.2478476	24.2192957	106.091659	121.339064	36.1262417	48.4762621	34.0243591	34.2051708	25.9554752	36.7781314	14.2222462	46.0105478	29.5698007	34.1038334	28.8571055	12.413811	41.3016635
K00263	leucine dehydrogenase [EC:1.4.1.9]	0.152375	0.0505533	0	0	0	0	0	0	0	0	0	0.366776	0.235648	0	0	0	0	0	0	0	0	0.544775	0.771076	0	0	0	0.0865925	0	0	0.0928937	0	0	0.122022	0	0	0.0548833	0	0	0.256615	0.363126	0	0.179875
K00265	glutamate synthase (NADPH/NADH) large chain [EC:1.4.1.13 1.4.1.14]	2.2554315	7.085068	4.786327	7.21692	4.51632	20.139165	27.038576	7.999983	11.997251	4.298711	18.0176931	0.0612996	2.3658774	14.572567	5.226729	3.887341	20.8073829	5.026999	7.399336	13.2333129	31.7007	4.09958927	2.56963	12.5188007	7.765852	5.873798	21.1738799	1.5253864	3.70034	4.618757	14.28426	26.02738996	5.621458	22.0321397	10.5100308	4.32184	7.4914847	4.1335437	8.8225122	18.786097	3.0624188	1.999001
K00266	glutamate synthase (NADPH/NADH) small chain [EC:1.4.1.13 1.4.1.14]	103.0467783	99.979141	47.2640054	93.716708	134.233056	105.472501	119.5701225	77.2430133	97.19256	76.1244731	89.695112	6.07929261	43.7108631	48.6528366	36.1528239	21.9668714	91.664022	64.7815462	105.2093656	134.9083196	150.802236	61.6031693	74.6340694	108.7009388	101.4673846	110.539586	138.2326256	25.8118187	0.274872	29.2614175	61.7035282	96.6732764	90.9344668	104.8587077	78.5411395	37.85652	129.5717198	117.9481125	121.0622065	173.7021047	185.0565502	68.7972308
K00274	monoamine oxidase [EC:1.4.3.4]	0	0	0	0	0	0	0	0	0	0	0	0	0	0	0	0	0	0	0	0	0	0	0	0.0399811	0	0	0	0	0	0	0	0	0	0	0	0	0	0	0	0	0	0
K00275	pyridoxamine 5'-phosphate oxidase [EC:1.4.3.5]	0.175596	0.4322162	9.1323356	0	0	0.266904	3.2561667	1.6854174	0.0620201	1.5213123	5.790588	17.546036	6.475779	6.44581	23.3857	11.890441	0.5102548	1.087837	0.497164	0.588453	0.105876	2.096949	0.3441762	0.0590767	0.719571	1.502503	0.2730256	10.450484	57.890598	1.5203093	1.5362544	0.4702747	19.0657394	2.3420831	3.740579	2.332064	0.612199	3.2780355	6.318402	1.01518	0	2.7057531
K00276	primary-amine oxidase [EC:1.4.3.21]	0	0	1.38916	0	0	0.0149059	0.112038	0	0	0	0	0	0.984223	1.39874	7.64113	0.0908937	0.147335	0	0	0	0	0.0111397	0	0	0	0	0	0	0	0	0	0	0	0.137901	0	0.499008	0	0	0	0	0	0.211191
K00278	L-aspartate oxidase [EC:1.4.3.16]	43.5170848	31.9561565	5.590407	20.1483988	22.1576806	21.520256	16.519844	10.686793	11.039104	8.046543	7.4516786	2.8971441	6.1149858	6.8588708	24.7105956	2.5225057	5.255649	8.174208	8.059149	40.37516	33.77578	7.9868721	8.3636282	4.5982707	14.027786	21.222562	23.656948	2.6089877	2.36331	8.2952037	2.434989	6.0270205	33.506947	12.7953824	5.2004815	5.0690386	26.1581887	33.3434626	56.029388	81.155192	66.974665	2.191714
K00281	glycine dehydrogenase [EC:1.4.4.2]	0.245835	0.470291	4.5836781	0	0	0.2646295	3.0963001	0.29065559	0.0448612	0.6521179	0.3392978	44.11046139	25.172678	4.4991787	9.76968	8.6727023	0.4196412	0.0707572	0.0391702	0.0679174	0	5.96422714	7.9275914	0.2325362	0.0960495	0	0.1076363	6.9536139	49.2542048	4.2516044	0.830104	0.82148125	27.8019146	9.9756337	0.4724022	0.5467717	1.5967162	25.0038267	2.6200872	0.185433	0	2.8452945
K00282	glycine dehydrogenase subunit 1 [EC:1.4.4.2]	0.286441	0.64005	0.2562722	0.3637663	0	1.38017	0.538459	0.951393	0.502329	0.0693323	0	0.498151	1.564108	0	0	0.591717	0.470946	0.769141	0.542359	0	0	0.394666	0.947119	0	0.340612	0	0	0	0.157359	1.2068996	0.200303	0.057536	0	0	0.109767	0	0	0	0.6019141	0.117279	0	0
K00283	glycine dehydrogenase subunit 2 [EC:1.4.4.2]	0.279127	0.547016	0.286823	0.3735	0	1.56799	0.597155	1.4204	0.617	0.0666326	0	0.199877	1.0155497	0	0	0.565683	0.267434	0.819996	0.585052	0	0	0.342038	0.486449	0	0.524515	0	0	0	0	0.444717	0.329473	0.0523537	0	0	0.0742516	0	0.0454814	0	0.5028739	0.129352	0	0
K00285	D-amino-acid dehydrogenase [EC:1.4.5.1]	0	0.204536	4.3515571	0	0	0.2333923	1.603425	0.0206188	0	0.6706308	0.4824332	0.00999835	6.904031	2.7953062	17.858285	0.200335	0.450472	0.0316968	0	0	0.025291	0	0.1833635	0.0107277	0	0	0.241911	0.01537472	3.470266	0.0220635	0.7046922	0	26.108628	1.6412546	0.215639	0.9079224	0	0.0287214	0	0.0817445	0.0616941	1.8293537
K00286	pyrroline-5-carboxylate reductase [EC:1.5.1.2]	11.6522435	13.955945	19.1404657	44.5399954	63.6303009	28.9539248	29.281384	29.0032288	28.6235432	17.7603442	23.288029	26.0705718	25.7571496	12.7578125	19.123452	18.8385046	16.4859528	19.0239342	22.9781873	21.5122506	18.549922	28.8764008	44.0693734	27.4173513	10.8349279	30.7918	46.997857	34.1303626	62.204491	24.8307151	9.3299982	15.9500132	36.7110796	12.6900675	18.9533951	17.9444723	18.5721652	12.08541	21.4327087	35.0543726	24.6118368	18.4127463
K00287	dihydrofolate reductase [EC:1.5.1.3]	15.6529921	44.9507159	15.8694308	16.3291578	100.5512848	53.3493769	34.1179722	17.7245887	14.0905876	12.9298191	9.9888151	19.7980335	22.8845446	2.6392595	4.2081805	15.4211641	4.7721729	14.7219446	9.1725285	35.8475979	3.2261834	35.1610558	67.2924893	3.3718931	3.878234	38.2097924	34.4334668	30.0605394	29.566657	11.3235511	36.5097661	14.7072671	39.9898093	5.9616536	15.4406882	9.7355817	42.7420634	19.0711084	17.469522	3.2867939	30.310407	14.9767294
K00290	saccharopine dehydrogenase (NAD+, L-lysine forming) [EC:1.5.1.7]	2.0207729	1.593965	2.556726	2.608403	5.14485	1.12638	1.0592	5.624336	6.24333	2.037037	3.112508	0.115535	2.253172	1.162379	0	1.583917	6.0986789	10.59185	10.489176	12.6375	1.683887	5.027978	2.289075	0	0	9.978348	4.09154	1.515703	0	3.2262813	1.390821	1.3894929	1.852931	18.425953	4.187798	1.894677	0.113831	0.265407	1.4721694	2.5057	1.51101	0.665137
K00293	saccharopine dehydrogenase (NADP+, L-glutamate forming) [EC:1.5.1.10]	0	0	0	0	0	0	0	0.067817	0	0	0	0.330556	0.602506	0	0	0	0.236002	0	0	0	0	0	0.750504	0	0	0	0	0	0	1.0095	0	0	0	0	0	0	0	0	0	0	0	0
K00294	1-pyrroline-5-carboxylate dehydrogenase [EC:1.2.1.88]	0	0	0	0	0	0	0	0.0713863	0	0	0	0.529397	0.80203	0	0	0	0.343534	0	0	0	0	0.0461234	0.966936	0	0	0	0	0	0	1.4440309	0	0	0	0	0	0	0.055458	0	0	0.112969	0	0
K00295	methylenetetrahydrofolate dehydrogenase (NAD+) [EC:1.5.1.15]	0	0	0	0	0	0	0	0	0	0	0	0	0	0	0	0	0	0	0	0	0	0	0	0	0	0	0	0	0	0	0	0	0	0	0	0	0	0	0	0.0384926	0	0
K00297	methylenetetrahydrofolate reductase (NADPH) [EC:1.5.1.20]	43.42751	30.5396938	12.333991	27.142558	23.0482373	18.6444668	22.3144785	16.340711	16.9117508	43.4668029	44.353324	5.5011046	18.1464945	8.220582	1.6091804	18.618434	6.6253141	18.0744845	17.5102424	45.7650937	36.9694983	8.4769872	8.3408841	35.5736127	13.815474	17.4748425	10.124042	44.9712322	6.4768465	13.578172	5.4554551	9.537133	35.3990254	25.8568554	10.3234391	7.2029596	29.6244123	37.3332358	44.608135	72.454191	67.4850258	17.6959693
K00299	FMN reductase [EC:1.5.1.38]	0	0	2.72478	0.0579339	0	0	0.2558015	0	0	0.1763284	0.036621	0.1142711	5.45884	3.84567	20.478316	0	0.383761	0	0	0.0683428	0	0.0271664	0.0385279	0.342563	0.0499447	0	0.0605741	0.300547	0.0491286	0	0.1150218	0.0674678	14.26811	0.41659	0.0362669	1.8807	0	0	0	0	0	0.4527803
K00302	sarcosine oxidase, subunit alpha [EC:1.5.3.1]	0	0	0	0	0	0	0	0.139057	0	0	0	0.822198	1.567709	0	0	0	0.909773	0	0	0	0	0	1.915697	0	0	0	0	0	0	3.444526	0	0	10.8558	0	0	0	0	0	0	0.0207356	0	0
K00303	sarcosine oxidase, subunit beta [EC:1.5.3.1]	0	0	0	0	0	0	0	0.561031	0.594265	0	0	0.664868	1.0858406	0	0	0	0.663358	0	0	0	0	0.0940821	1.240414	0	0	0	0	0	0	1.653365	0	0	10.6413	0	0	0	0	0	0	0	0	0
K00304	sarcosine oxidase, subunit delta [EC:1.5.3.1]	0	0	0	0	0	0	0	0	0	0	0	0	0	0	0	0	0	0	0	0	0	0	0	0	0	0	0	0	0	0	0	0	14.3549	0	0	0	0	0	0	0	0	0
K00305	sarcosine oxidase, subunit gamma [EC:1.5.3.1]	0	0	0	0	0	0	0	0	0	0	0	0	0	0	0	0	0	0	0	0	0	0	0	0	0	0	0	0	0	0	0	0	12.5786	0	0	0	0	0	0	0	0	0
K00311	electron-transferring-flavoprotein dehydrogenase	0	0	0	0	0	0	0	0	0	0	0	0	0	0	0	0	0	0	0	0	0	0	0	0	0	0	0	0	0	0	0	0	10.333473	0	0	0	0	0	0	0	0	0
K00313	electron transfer flavoprotein-quinone oxidoreductase	0.0823689	0.0953977	2.3922063	3.354001	0.4015059	0.0120834	0.3692129	0.0142767	0	0.107823	0.3588441	0.3820201	9.763531	4.78378	21.3501365	0.17909	0.500277	0.0116017	0	0.477137	0.0763576	0.0117378	0.2878207	0.150656	2.17002	0.2534655	0.5680196	0.3216101	1.6408565	0.1536865	0	0.095501	8.985321	1.732602	0	1.26386	0	0.0613225	0.5284928	0.176091	1.13666	1.103109
K00316	spermidine dehydrogenase [EC:1.5.99.6]	0	0	0	0	0	0	0	0	0	0	0	0	0	0	0	0	0	0	0	0	0	0	0	0	0	0	0	0	0	0	0	0	0.548714	0	0	0	0	0	0	0	0	0
K00318	proline dehydrogenase [EC:1.5.-.-]	0	0	0.0591997	0	0	0	0	0	0	0	0	0	0	0	0	0	0	0	0	0	0	0	0	0	0	0	0	0	0	0	0	0	0	0	0	0	0	0	0	0.1062656	0	0
K00319	methylenetetrahydromethanopterin dehydrogenase [EC:1.5.98.1]	0	0	0.230931	0	0	0	0	8.11913	0.3060522	0	0	0	0	0	0	0	6.066056	0	0	0	0	0	0	0	0	0	0	0	0	8.99781	0	0	0	0	0	0	0	0	9.46663	4.32225	0	0
K00320	5,10-methylenetetrahydromethanopterin reductase [EC:1.5.98.2]	0	0	0.128013	0	0	0	0	1.71157	0	0	0	0	0	0	0	0	0.337146	0	0	0	0	0	0	0	0	0	0	0	0	2.91809	0	0	0	0	0	0	0	0	1.69189	0	0	0
K00322	NAD(P) transhydrogenase [EC:1.6.1.1]	0	0.325142	4.53153	0	0	0.281718	3.95817	0.0966075	0	0.447296	1.93889	0	5.6803	5.13645	8.90395	0.290156	0.191292	0.126517	0	0	0	0	0.38704	0.0322565	0	0	0.254402	0.0799938	1.69527	0.0442563	0.59688	0	16.37426	2.25084	0.240734	1.18079	0	0.0842633	0	0	0	1.89904
K00324	NAD(P) transhydrogenase subunit alpha [EC:1.6.1.2]	12.99517	32.713327	12.1937281	11.96032	74.58379	41.4284248	16.8977448	13.1162247	8.238852	1.6235887	4.6491947	1.7073315	12.319055	1.4269822	2.1828497	5.495335	1.610455	6.72206	2.477471	22.542278	0.435836	20.5427442	45.3430712	0	0	24.19767	23.768094	4.0438997	4.76838	1.5563393	25.0102256	10.4449975	16.839001	0.7747857	10.977699	2.001986	33.76912	16.12395	15.4140772	1.391072	14.932056	6.776803
K00325	NAD(P) transhydrogenase subunit beta [EC:1.6.1.2]	0	0.299856	4.22838	0.96026	0	0.148996	1.88688	1.1863165	0	0.4881478	2.6521005	0	3.57067	3.21997	1.21917	5.419634	0.148573	0.4995622	0.309672	0.1983174	0	1.652997	0.3052107	0	0	1.39312	0.156078	0.880606	4.99741	0.8616471	1.452801	0.371046	4.284558	1.0231	3.567646	1.0171	0.569113	3.2503196	5.7543363	0.946135	0	1.57796
K00330	NADH-quinone oxidoreductase subunit A [EC:1.6.5.3]	1.94847	3.760486	11.7331091	0.12602	0.324223	0.843864	7.712513	1.554655	1.157399	14.671894	6.373018	43.24578	24.561636	12.85172	36.025946	37.012224	2.978523	1.141357	0.1360732	2.822048	1.2655158	9.7401416	4.2438254	1.735105	3.179	7.8648469	3.56716	55.206083	75.042376	6.8608252	3.5665526	4.45052	47.991795	8.8082505	1.8718662	3.2013354	3.549801	7.1577	0.684752	0.174605	0	4.372264
K00331	NADH-quinone oxidoreductase subunit B [EC:1.6.5.3]	5.135995	4.0915379	4.866179	0.0408397	0.0337401	1.5105049	6.096622	0.9508605	0.554021	12.5114851	4.7638703	61.871641	31.2643887	6.17842	10.971473	34.265503	1.983639	1.9055524	0.1149233	2.486505	1.194754	13.625318	10.266141	1.150682	10.469839	11.333086	2.7757025	47.0417802	49.708951	14.6868443	1.218658	3.9247395	27.089939	17.1934152	0.8853098	1.12177	5.129462	29.7903395	3.171802	1.008135	0.3694974	4.175183
K00332	NADH-quinone oxidoreductase subunit C [EC:1.6.5.3]	0	0	0.202399	0	0	0.0645497	0.102261	0	0	0	0.0864717	0	0	0	0	0.8614958	0	0	0.041543	0	0	0.374205	0.0599011	0	0.0259046	0	0	0	0.0830507	0.0669043	0.332338	0.124101	0	0.0338033	0	0	0	0	0	0.0544752	0.0340212	0.0421074
K00333	NADH-quinone oxidoreductase subunit D [EC:1.6.5.3]	0	0	0.230007	0	0	0	0.051251	0	0	0	0.104047	23.0346	17.4041	0	0	2.688131	0.201734	0	0	0	0	4.113995	6.2354	0	0.0473143	0	0	0	0.0519647	3.2598212	0.281724	0.0319296	4.76864	6.69892	0.0863238	0.0715423	1.32669	21.7325	2.32976	0.248394	0	0
K00334	NADH-quinone oxidoreductase subunit E [EC:1.6.5.3]	0.0474385	0.4906953	6.161068	0.8666413	0	0.4265327	3.6937704	0.3422855	0.3893773	0.951058	0.6417134	0.909788	9.7515548	5.63474	10.4148	0.5489195	0.5545979	1.1637006	0.1924744	0.4095282	0.1729456	0.3945784	1.3130573	0.1627312	0.330768	0.1629067	0.150678	1.394129	1.19252	1.418665	1.41201	1.5595964	12.7970419	0.962987	0.2531655	2.3310036	0.532569	1.6925786	0.7139495	0.5569808	0.3039813	4.9293333
K00335	NADH-quinone oxidoreductase subunit F [EC:1.6.5.3]	2.386219	4.32158	6.127002	7.8418051	4.25721	12.8114933	15.3486982	3.5524773	8.675573	0.9707203	3.0305766	0.8985685	11.933568	7.334037	6.999466	0.9920154	8.1254775	4.570767	6.19752	5.89384	13.3094158	2.7391539	2.556913	9.9945199	3.604308	5.02487	17.462428	1.5943309	1.401765	3.911169	4.648937	6.433966	11.809382	3.5590514	6.1932438	5.0078639	7.5672464	3.8851088	4.837258	20.855342	12.5893328	1.978731
K00336	NADH-quinone oxidoreductase subunit G [EC:1.6.5.3]	2.7825021	4.98062	4.572391	11.6061919	8.285723	20.0765731	26.070185	10.2995504	11.7119782	4.387019	19.135478	0.2626771	6.3759888	14.611036	7.77788	4.205153	21.987995	5.732475	9.23772	15.26938	33.5545384	6.2168416	5.1627357	11.0529852	3.6402073	16.4562911	20.1388307	0.8627038	0.8026559	5.2945768	14.8100254	25.881167	17.707822	24.8611464	10.733233	3.5988727	8.978323	6.0702925	7.9051037	16.7519292	4.9719554	3.1067922
K00337	NADH-quinone oxidoreductase subunit H [EC:1.6.5.3]	1.588924	2.696942	4.0936854	0.545263	0	1.334143	6.629324	1.0012886	0.485322	11.8802338	3.7189973	27.5587331	11.138318	4.9795603	8.9252714	24.040242	1.071865	4.009362	0.5735734	2.359489	1.161327	5.891033	2.260242	0.614627	2.44982	7.33425	2.239438	40.086133	62.1722381	7.84458959	2.289509	3.4252453	21.639265	7.4147413	0.7328716	0.80634	2.39241	3.217129	0.465262	0.1829374	0.0415145	3.17489
K00338	NADH-quinone oxidoreductase subunit I [EC:1.6.5.3]	0.401839	2.935028	5.632312	0	0	0.6080333	4.873937	0.156039	0.102086	5.679694	2.2443772	2.9294615	9.20933	8.47734	23.13652	7.4817012	0.708496	0.640401	0	0.609642	0.537814	2.9866967	1.081209	0	1.47735	1.0516	0.930301	14.973556	9.508706	0.748465	0.7872266	1.25383	14.744213	4.380044	0.852162	2.532906	0	3.841173	0	0.0776452	0	2.981059
K00339	NADH-quinone oxidoreductase subunit J [EC:1.6.5.3]	1.017004	2.95437	2.238658	0.2048102	0.0399571	0.540489	5.419579	0.8567586	0.253876	9.274918	2.83747	3.626203	9.516023	3.2029839	4.3029562	17.121089	1.4144993	1.34384	0.0701725	1.691007	0.8826522	4.3961425	2.360106	1.2025898	2.638391	4.470776	2.293218	38.450264	6.360502	3.3461715	1.052534	2.4258438	23.127976	8.040186	0.1786764	1.097862	2.7682	3.4547	0.0869745	0.1194675	0.0565075	2.7609771
K00340	NADH-quinone oxidoreductase subunit K [EC:1.6.5.3]	0	0.472624	11.950525	0	0	0.419167	3.926833	0.115245	0	0.683843	1.965171	27.578366	29.75518	9.72478	46.4694	4.36733	1.105394	0	0.0933875	0	0	4.856561	7.230536	0	0.102796	0	0.61841	0.45534	4.38051	3.65199	1.857865	0	32.514028	11.278623	0.961072	3.7329	1.9955	25.427544	2.78607	0.156677	0	2.545955
K00341	NADH-quinone oxidoreductase subunit L [EC:1.6.5.3]	0.992243	0.757419	1.941769	0.0758828	0.164726	0.557754	4.208207	0.59379142	0.2521559	4.422655	2.4561735	7.4692393	10.39977	4.547145	6.75665	13.75847	0.8453427	0.506539	0	0.974887	0.515361	2.0597429	1.6889224	0.99403671	1.0890182	3.259232	1.105427	21.191018	0.7089566	2.402202	1.114244	1.9069588	15.31426	5.7770919	0.2876239	0.6486659	2.39432	1.204673	0.0785665	0.110175	0.0506151	1.835778
K00342	NADH-quinone oxidoreductase subunit M [EC:1.6.5.3]	1.12143	0.970167	2.509127	0	0	0.688747	5.2564462	0.8425741	0.327474	3.256906	2.5109774	2.8688539	7.648557	5.390991	9.399487	10.056862	0.6671724	0.6411965	0.136763	0.633556	0.567058	2.2445084	1.5601053	1.0023369	0.965911	2.828605	1.226217	22.706252	1.5356297	2.7190213	0.7496918	2.0360377	18.232968	6.05372	0.2547003	0.9978351	2.4394	1.0094282	0.144676	0.0592832	0.0772032	1.66205
K00343	NADH-quinone oxidoreductase subunit N [EC:1.6.5.3]	0	0.241868	4.58336	0.248357	0.157504	0.4882046	4.9294941	0.6772817	0.0886315	1.820624	2.3090459	26.789464	10.75233	5.586859	16.0888483	15.4500591	1.191911	0.311516	0.0326255	0.969234	0.231888	2.2315886	1.1169585	1.072185	0.4440151	1.49827	0.8286689	12.0524864	55.2888595	1.8997268	2.160791	1.2829067	20.755571	3.7358107	0.3917727	1.3668249	1.2573521	1.0723005	0.086776	0	0	2.982551
K00344	NADPH2:quinone reductase	0.2210485	0.94271	7.163755	2.5260231	0.280001	1.0911935	3.308922	0.729816	1.033638	0.34261749	0.8824412	0.4238486	6.526863	3.513248	19.91066	1.052632	1.4975047	0.82243	0.710542	1.267601	0.934304	1.5024619	2.4751675	0	0	0.6672145	0.9532496	0.2051316	0.186643	0.6902863	1.3547307	0.8088154	16.4378514	1.9311873	0.991965	1.286575	0	0	1.06087	1.10088	1.214952	3.395294
K00346	Na+-transporting NADH:ubiquinone oxidoreductase subunit A	1.15136	0.841395	8.57382	0	0	0.6232651	3.4723162	1.5482546	0.2014446	3.6200701	3.4656234	12.680299	10.038645	0.742733	0.211325	16.360961	0.889192	1.145708	0.533646	1.030987	0.570979	3.0840467	1.6086274	0.489179	1.13692	3.855924	1.059748	20.365613	2.025154	2.840476	2.049539	3.1958586	14.216124	3.6060099	3.435397	0.0512001	2.870066	4.2768406	4.4690185	0.7711677	0.0786948	0.0986738
K00347	Na+-transporting NADH:ubiquinone oxidoreductase subunit B	0.645015	1.232354	4.363622	0	0	0.640391	4.7692345	1.9589785	0.2237471	7.3194104	4.9325768	5.0486656	6.9109424	0.657276	0.234944	19.379002	0.870739	0.794328	0.0724097	1.724966	0.604813	4.591354	1.333138	0.6212449	2.005812	4.801793	1.333249	30.2792	3.9701305	3.317075	1.288791	2.33398	13.111138	5.8229523	4.658468	0	2.9341094	7.6611512	6.45376	0.9244805	0.0662202	1.0387427
K00348	Na+-transporting NADH:ubiquinone oxidoreductase subunit C	1.230825	0.7902645	1.579567	0	0	0.0597663	0.0600809	1.8053335	0.1271664	1.2479831	0.504686	22.87915	0.945093	0.0988195	0	12.936273	0.2778417	0.136089	0	0	0	4.433774	1.3273891	0	0	2.467405	0.2962319	6.3221086	56.56518	2.3040499	0.9795646	2.7651415	12.756954	0.1074024	3.9112246	0	0.791032	3.6357482	5.16316	0.979711	0.0682852	0.705299
K00349	Na+-transporting NADH:ubiquinone oxidoreductase subunit D	0.0870547	0	0.267197	0	0	0.274558	2.01762	0.270436	0.0884642	2.5080865	2.3248825	0.0859676	3.2643	2.048316	0.127201	7.60405	0.602313	0.319687	0.101599	0.651563	0.426103	0.821273	0.369206	0.441338	0.706327	1.90935	0.844321	17.3779	0.185463	2.01909	0	0.591067	13.4140106	4.2178177	0	0	2.65439	1.09581	0.168894	0.0717702	0	0.103848
K00350	Na+-transporting NADH:ubiquinone oxidoreductase subunit E	3.54719	3.03193	4.157365	0.158607	0	1.053369	4.4882541	1.2325303	0.562398	9.90044	3.460627	32.8563061	12.18248	4.19671	0.0535203	29.730376	1.179695	1.653247	0.0926215	2.222849	1.012213	7.511316	2.738759	0.59868	7.661373	6.91359	1.9827323	40.5029	56.8643488	6.3008	1.7475324	3.248016	18.43545	6.067528	0.819899	0.0373406	3.008288	4.315594	0.472043	0.2072717	0.2922339	1.941289
K00351	Na+-transporting NADH:ubiquinone oxidoreductase subunit F	0.2861706	0.32728	3.7224315	0	0	0.5172376	4.735245	1.7967371	0.0565882	2.923674	6.6805226	21.669399	4.150536	3.272501	0.157364	13.770406	0.596339	0.801194	0.541234	0.5079388	0.231516	3.8836	0.9710791	0.399024	0.63706	3.284723	0.871621	24.508995	49.7139463	2.852013	0.63845	1.799557	13.397665	3.8057741	4.495991	0.0777059	3.440358	4.747688	6.488544	1.1253332	0	1.266096
K00354	NADPH2 dehydrogenase	0	0	0	0	0	0	0	0	0	0	0	0	0	0	0	0	0	0	0	0	0	0	0	0	0	0	0	0	0	0	0	0	0	0	0	0	0	0	0	0.0910787	0.0392793	0
K00355	NAD(P)H dehydrogenase (quinone) [EC:1.6.5.2]	0.224051	0.1341119	0.795126	1.388135	4.813818	0.2632479	0.476625	0.276225	0.54335	36.1420903	26.7182963	2.93161	4.576166	2.664545	0.9123601	1.04576	0.0441443	2.3068436	2.1793749	11.6241214	0.398443	6.82603	5.1670791	0.4165829	0.146	0	0.0831065	0.1204254	0	0.18212	1.120179	1.920463	1.0212229	1.794992	3.049455	0.80547	0.145343	0.1811946	0	0	4.98347	7.8345534
K00362	nitrite reductase (NADH) large subunit [EC:1.7.1.15]	0	0.275623	1.1230965	0	0	0.349961	2.42962	0.015865	0	0.301582	1.093805	0.0143255	0.214501	0.358115	3.30867	0.114642	0.132364	0.0471553	0	0	0	0.0109249	0.0925539	0.00857567	0	0	0.117565	0.131301	3.79048	0.0218282	0.3525844	0	13.257808	2.00015	0.0758741	0.198429	0	0.0967813	0	0.1390766	0	1.2928726
K00363	nitrite reductase (NADH) small subunit [EC:1.7.1.15]	0	0.357472	3.38475	0	0	0	1.7651316	0.0996182	0	0	2.64633	0	0	0.671397	1.27052	0	0.416004	0.0981224	0	0	0	0	0.231821	0.100966	0	0	0.340173	0	4.5326	0	0.46302	0	28.467592	3.38988	0	3.63058	0	0	0	0	0.0469727	1.7845229
K00364	GMP reductase [EC:1.7.1.7]	0.116176	0.2725825	13.3626426	1.1112978	0.258846	0.44936	9.8682729	0.338497	0	3.4523445	4.1848994	4.017496	4.8835623	6.716977	13.7904948	2.2362656	0.9845994	1.68852	2.334694	0.5237637	0	28.9468953	59.5817735	6.383224	0.862586	0	0.1961926	0.1350089	6.367763	3.2592273	19.2954306	2.3082327	7.0946936	3.506325	0.7710781	7.3460632	0.0876226	0.1261685	0.0326964	0.221723	0.0695013	9.3255921
K00366	ferredoxin-nitrite reductase [EC:1.7.7.1]	0.92315	0.618326	1.462646	0	0	0	0	0.9316526	1.5529	0.473564	1.865929	0	2.34716	0.4604695	0.119369	0.0613533	1.401491	0.277611	1.19691	0.8133	4.96504	0.280852	0	0.104446	0	0.5907927	0.590125	1.253896	0	0.0639462	0.715449	0.5246234	0.105844	0.7706002	0.191889	2.838215	0.0924805	0.2387898	0.705889	3.01584	6.04167	0.0341389
K00368	nitrite reductase (NO-forming) [EC:1.7.2.1]	0	0.0367659	0	0.0703459	0.0814436	0	0	0	0	0.0990532	0.0734802	0	0	0	0	0	0.183495	0.0256125	0	0.0755368	0	0	0.0332335	0.296013	0	0	0	0	0	0	0.370342	0.128802	0	0	0	0.0555414	0	0	0	0	0	0.236225
K00370	nitrate reductase / nitrite oxidoreductase, alpha subunit [EC:1.7.5.1 1.7.99.4]	0	0.181081	1.2651617	0.135021	0.0796084	0.06717952	2.0011057	0	0	1.3734482	1.4826228	0.0102222	0.1367489	2.4187593	0.3588891	0.3572295	0.4697189	0.0137973	0	0.289021	0.0516777	0.07577478	0.2117747	0.613322	0	0	0.2697091	0.0439222	6.40108	0.00603294	1.0438831	0.1066231	8.0259125	1.5932854	0.0601673	0.4106858	0	0.014299	0	0.0768989	0.0220922	1.899903
K00371	nitrate reductase / nitrite oxidoreductase, beta subunit [EC:1.7.5.1 1.7.99.4]	0	0.526819	2.411622	0	0.0503601	0.2016546	2.7784023	0.0167434	0.0767911	0.542049	1.157237	0.0331184	2.5700604	3.6241908	6.081282	0.166079	0.2723688	0.0851211	0	0.0700388	0	0.03288405	0.3081125	0.2983966	0	0.0753368	0.1579926	0.06143781	5.43917	0.03878349	1.0301754	0.0708412	10.00985	2.928902	0.1382535	0.6326755	0	0.0196555	0	0.080127	0	2.442182
K00372	assimilatory nitrate reductase catalytic subunit [EC:1.7.99.4]	0	0	0.8096471	0	0	0	0.0945033	0.0243488	0	0.651076	0	0	0	0.127612	0	0.1712895	0.23153869	0	0	0	0	0	0	0	0	0	0	0	0	0	0.0444229	0	0.494191	0	0.2089838	0	0	0	0	0	0	0.214927
K00373	nitrate reductase delta subunit	0	0	3.81392	0.0621224	0	0.2280613	0.5268516	0.0653139	0	0	0.555773	0.0282798	6.975628	4.31663	14.88494	0.456401	0.996564	0	0	0	0	0.189875	0.0210011	0.0534525	0	0	0.12603	0.3136459	1.431164	0.0699685	0.0649274	0	12.75983	0.654781	0	2.1201327	0.0807135	0	0	0.150533	0	1.035938
K00374	nitrate reductase gamma subunit [EC:1.7.5.1 1.7.99.4]	0.906985	0.681708	3.63588	0.5248377	0.112727	0.1903494	1.219508	0.0920187	0.0233583	0.64725	1.7619567	0	3.47911	2.2144498	0.247551	1.851764	0.9417143	0	0	0	0	0.519862	0.3027398	0.4127734	0.0469853	0	0.2574496	0.0972399	3.79202	0	0.700206	0.1414847	9.534384	2.0701892	0.0497106	0.2069855	0.0304822	0.0499116	0	0.0840413	0.0411958	1.5067157
K00375	GntR family transcriptional regulator / MocR family aminotransferase	43.169197	24.613961	6.274278	15.433439	17.386076	16.663553	15.917036	10.921846	11.596102	13.8880343	19.392491	1.069666	4.8710734	10.1753541	2.3425649	1.3096124	5.902831	8.930627	41.014915	33.4763953	26.64946	8.7904778	8.001363	11.170439	4.243414	13.087546	6.829192	2.175918	0.119107	8.0515853	1.485443	5.250092	13.562563	10.940706	9.5731521	2.976372	21.1003084	28.072211	47.921748	66.1066354	54.397952	1.0467431
K00376	nitrous-oxide reductase [EC:1.7.2.4]	0	0	0	0	0	0	0	0	0	0	0	0	0	0	0	0	0	0	0	0	0	0	0	0	0	0	0	0	0	0	0	0	8.39168	0	0	0	0	0	0	0	0	0
K00380	sulfite reductase (NADPH) flavoprotein alpha-component [EC:1.8.1.2]	0	0.218332	4.234854	0	0	0.18286883	3.1616057	0.0629848	0	0.378528	0.710587	0.0163868	0.283857	3.0763127	0.927515	0.5439197	0.1328655	0.0894698	0	0	0	0	0.0583073	0	0	0	0.0791954	0.158589	3.01459	0.0130462	0.8751442	0.0133298	9.8617427	1.1369816	0.217411	0.0909793	0.084567	0.00770596	0	0.065259	0.0615826	1.789691
K00381	sulfite reductase (NADPH) hemoprotein beta-component [EC:1.8.1.2]	0	0.104099	5.54131	0	0	0.272665	3.177085	0.0203413	0	0.238117	1.461168	0.0166093	9.75719	7.384653	32.4479	0.521115	0.632182	0.0259416	0	0	0	0.0132757	0.2331062	0	0	0	0.15116	0.112015	4.139351	0.0238832	0.605896	0.0159448	18.680207	2.02714	0.365244	1.51107	0	0.122306	0	0	0	2.283694
K00382	dihydrolipoamide dehydrogenase [EC:1.8.1.4]	3.3522139	29.7244328	13.6832488	8.8522044	57.2188282	0.6435082	4.1098485	10.7705555	6.900342	4.3696595	5.7709137	7.0220466	13.0483567	14.6559878	19.0683603	7.515331	2.0958145	4.6692413	3.025078	4.0484045	1.0842853	18.95450626	36.4294961	0.4053788	0.1946275	21.107594	18.9017538	1.1051749	0.41006	11.0252669	6.5220671	4.7775024	35.0972771	3.1476269	10.394267	6.8332978	1.025251	5.176585	8.1836252	0.9526387	3.3575906	8.0772754
K00383	glutathione reductase (NADPH) [EC:1.8.1.7]	0.0385344	0.473361	2.8590113	0.9565727	2.469575	0.2018336	7.4631511	0.4443805	0.53369	41.304423	30.1326796	3.08209	5.756792	5.6033297	16.9127369	2.1091689	0.3068582	2.3570139	3.501417	13.1931164	0.206033	0.2911506	1.5899864	17.927404	0.8559495	0.2530481	1.2997223	0.130105	1.54835	0.5806772	2.2430104	1.992363	22.6196603	3.29948	5.7139411	6.0957536	0.519683	0.3468997	0	0.3779313	1.5961849	12.1140456
K00384	thioredoxin reductase (NADPH) [EC:1.8.1.9]	67.3605862	89.5148907	34.179579	54.0358045	140.4738731	79.8319528	66.0234435	55.83538274	61.1177321	79.8209478	54.9312397	28.522084	39.6979875	14.7409522	7.3603681	23.0099015	18.9490649	40.0805291	50.9221623	69.1189308	43.372535	40.0413131	70.346995	64.6999549	27.5721393	57.9715705	65.9057055	38.8940859	64.2846251	30.9303828	27.5459089	37.884223	50.9135665	24.855478	43.8905008	18.0103607	69.4352407	59.679374	64.5692649	124.3820285	81.8012823	41.319109
K00385	anaerobic sulfite reductase subunit C	0	0	0	0	0	0	0	0	0	0	0	0	0	0	0	0	0	0	0	0	0	0	0	0	0	0	0	0	0	0	0	0.0718678	0	0	0	0	0	0	0	0	0	0
K00387	sulfite oxidase [EC:1.8.3.1]	0	0	0	0	0	0	0	0	0	0	0	0	0	0	0	0.078136	0	0	0	0	0	0	0	0	0	0	0	0	0	0	0	0	0	0	0	0	0	0	0	0	0	0
K00389	putative membrane protein	0	0.319558	5.829251	0	0	0	1.41182	0	0	0.0393621	2.52078	0.169851	12.1131	9.21718	49.9982	0	1.5805	0.131573	0	0	0	0.12946	0.663147	0	0	0	0.347536	0.589651	4.68607	0.0932064	1.069095	0	15.2065	2.56086	0	5.0158	0	0.133098	0.0412315	0	0	2.199
K00390	phosphoadenosine phosphosulfate reductase [EC:1.8.4.8 1.8.4.10]	0.517454	0.517935	6.70791	0	0	0.4037119	3.0796672	1.9175196	0.0333132	0.491012	0.841533	0.308531	11.2028555	5.49931	17.8805243	0.741557	1.0364318	0	0	0.122128	0.0343156	1.7936222	5.0080267	0.099225	0.3311167	0.4881433	0.369365	0.204396	1.47486	3.7395157	0.482543	0.0645027	18.311162	2.299473	0.4083889	1.330731	0.1280703	0.192859	0.113405	0.2591143	26.3199	1.7648339
K00392	sulfite reductase (ferredoxin) [EC:1.8.7.1]	0	0	0	0	0	0	0	0	0	0	0	0	0	0	0	0	0	0	0	0	0	0	0.0218257	0	0	0	0	0	0	0	0	0	0	0	0	0	0	0	0	0	0	0
K00394	adenylylsulfate reductase, subunit A [EC:1.8.99.2]	32.369979	20.056369	3.518379	13.33814	19.45347	21.2999	16.147655	9.301191	13.944765	5.767206	6.124445	0.3391583	6.1645637	3.952083	0.762647	0.934489	6.506444	8.353718	5.831203	33.34051	32.31351	4.9703552	3.822082	5.51252	25.541007	13.947982	27.7978	3.753778	0	7.777372	4.697603	10.39916	18.206818	15.215199	9.282105	5.400715	20.1410823	29.26787	43.998107	62.411566	52.725122	10.1762826
K00395	adenylylsulfate reductase, subunit B [EC:1.8.99.2]	34.78687	24.3266	2.940944	11.9567	23.93388	21.8682	18.73568	7.76221	13.8151	8.022404	6.0927	0	4.02892	3.9298839	0.562118	0.851541	4.984902	10.51941	6.5741	42.1706	33.9871	6.57034	3.431792	4.114304	27.43877	14.90452	29.6783	3.115603	0	7.82968	4.367704	10.85243	20.157946	17.489638	10.75976	2.53151	25.11102	35.7375	52.6824	68.98866	56.97549	11.753683
K00399	methyl-coenzyme M reductase alpha subunit [EC:2.8.4.1]	0	0	0.292801	0	0	0	0	1.89294	0.172004	0	0	0	0	0	0	0	0.512355	0	0	0	0	0	0	0	0	0	0	0	0	2.68446	0	0	0	0	0	0	0	0	8.52695	3.67619	0	0
K00400	methyl coenzyme M reductase system, component A2	0	0	0.360502	0	0	0	0	3.20095	0.1274333	0	0	0	0	0	0	0	1.148417	0	0	0	0	0	0	0	0	0	0	0	0	4.82688	0	0	0	0	0	0	0	0	3.40032	0	0	0
K00401	methyl-coenzyme M reductase beta subunit [EC:2.8.4.1]	0	0	0.304886	0	0	0	0	1.61518	0.0440295	0	0	0	0	0	0	0	0.577695	0	0	0	0	0	0	0	0	0	0	0	0	2.84102	0	0	0	0	0	0	0	0	1.81352	0	0	0
K00402	methyl-coenzyme M reductase gamma subunit [EC:2.8.4.1]	0	0	0.392929	0	0	0	0	1.26529	0	0	0	0	0	0	0	0	0.511339	0	0	0	0	0	0	0	0	0	0	0	0	2.4635	0	0	0	0	0	0	0	0	1.91178	0	0	0
K00404	cytochrome c oxidase cbb3-type subunit I [EC:1.9.3.1]	0	0	0	0	0	0	0	0	0	0	0	0.0702232	0	0	0	0	0	0	0	0	0	0	0	0	0	0	0	0	0.0688621	0	0	0	1.32863	0	0	0	0	0	0	0	0	0
K00405	cytochrome c oxidase cbb3-type subunit II	0	0	0	0	0	0	0	0	0	0	0	0.0814693	0	0	0	0	0	0	0	0	0	0	0	0	0	0	0	0	0	0	0	0	0.641232	0	0	0	0	0	0	0	0	0
K00406	cytochrome c oxidase cbb3-type subunit III	0	0	0	0	0	0	0	0	0	0	0	0.0471016	0	0	0	0	0	0	0	0	0	0	0	0	0	0	0	0	0	0	0	0	0.277048	0	0	0	0	0	0	0	0	0
K00411	ubiquinol-cytochrome c reductase iron-sulfur subunit [EC:1.10.2.2]	0	0	0.138681	0	0	0	0	0	0	0	0.124423	0	0	0	0	0.114472	0	0	0	0	0	0	0	0	0	0	0	0	0	0	0	0	2.811954	0	0	0	0	0	0	0	0	0
K00412	ubiquinol-cytochrome c reductase cytochrome b subunit	0	0	0	0	0	0	0	0	0	0	0	0.0378722	0	0	0	0	0	0	0	0	0	0	0	0	0	0	0	0	0.0879888	0	0	0	8.584653	0	0	1.12516	0	0	0.0658196	0.232835	0	0
K00413	ubiquinol-cytochrome c reductase cytochrome c1 subunit	0	0	0	0	0	0	0	0	0	0	0	0	0	0	0	0	0	0	0	0	0	0	0	0	0	0	0	0	0.0850763	0	0	0	10.769959	0	0	0	0	0	0	0	0	0
K00416	ubiquinol-cytochrome c reductase subunit 6	0	0	0	0	0	0	0	0	0	0	0	0	0	0	0	0.0395236	0	0	0	0	0	0	0	0	0	0	0	0	0	0	0	0	0	0	0	0	0	0	0	0	0	0
K00425	cytochrome d ubiquinol oxidase subunit I [EC:1.10.3.14]	0.494955	0.981886	5.1647823	1.750315	0.0765021	0.4400104	9.7620595	0.0701643	0.155538	0.09810611	0.4794449	3.02212997	9.9888768	6.16663	20.8375826	3.211236	0.8487167	0.0786989	4.24647	0.4729868	0.1494853	2.5580984	1.0320973	0.190679	0.4981388	0.2892146	0.670221	0.271291	1.158914	2.5659069	1.189395	0.97896015	8.578965	2.2297825	0.7366267	4.2985112	0.1392027	0.92485	0.0803402	0.0952813	0.514147	3.7222415
K00426	cytochrome d ubiquinol oxidase subunit II [EC:1.10.3.14]	0.362697	0.5528453	2.0119676	1.5440329	0.365491	0.3252941	3.5936223	1.9921545	0.1492214	2.4239684	2.5654471	16.6423866	16.294142	5.663976	16.661783	21.227975	1.1030821	0.5489214	0.0665089	0.98632	0.6524595	5.5451982	3.2144857	1.0933207	1.4466966	3.824326	1.9820262	25.58421	51.9689537	3.3817989	18.9466414	3.6351898	15.93412	5.450544	4.0704386	2.4662515	2.9201276	5.3238017	5.9476347	1.1127143	0.5068843	7.4082243
K00427	L-lactate permease	0	0.396129	4.7316464	0.0298516	0	0.311286	3.72848	0.022936	0	0.314349	0.163383	0.0139328	5.3323768	6.40294	20.6776	0.288055	0.366697	0	0	0	0	0.0231321	0.20472	0.0114398	0	0	0.142788	0.0463497	0	0	0.386977	0.0151028	4.095681	2.50557	0.189534	1.301979	0	0	0	0	0	1.99599
K00428	cytochrome c peroxidase	0	0	2.38224	0	0	0.0470659	0.230579	0.0635784	0	0.00814219	0.196889	0.0506569	3.99941	2.49618	10.8346	0	0.317128	0	0	0	0	0.0250993	0.020635	0	0	0	0.144737	0.161709	0.5575412	0	0	0	16.7377	0.399518	0	1.910763	0	0.0231148	0.0410636	0.255306	0	0.345868
K00432	glutathione peroxidase [EC:1.11.1.9]	3.6935901	1.059927	3.3039217	6.270238	2.4568	1.5154666	6.7872782	1.0895758	0.4278264	28.7047464	21.8355692	0.6232522	3.6423333	3.303673	9.2875707	4.3134744	0.4540656	2.613723	3.3429363	9.4141767	0.878904	2.1787073	2.1094466	0.981509	3.9601829	1.251561	1.617891	1.8300993	8.679526	1.8770144	1.4633658	1.3246838	12.7711383	4.7428995	6.2667311	1.8759983	2.2709102	3.3574256	5.956136	1.1551759	2.59078	5.2230908
K00437	cytochrome-c3 hydrogenase	0	0	0	0.317731	0	0	0	0	0	0	0	0	0	0	0	0.579783	0	0	0	0	0	0.139888	0	0	0	0	0	0	0	0.0785571	0.178901	0	0	0	0.0793026	0	0	0	0	0	0	0
K00440	coenzyme F420 hydrogenase subunit alpha [EC:1.12.98.1]	0	0	0.174808	0	0	0	0	1.54758	0.113095	0	0	0	0	0	0	0	0.43829	0	0	0	0	0	0	0	0	0	0	0	0	2.51579	0	0	0	0	0	0	0	0	2.08208	0	0	0
K00441	coenzyme F420 hydrogenase subunit beta [EC:1.12.98.1]	2.12647	1.21943	0.320275	0	0	0	0	6.773133	0.536319	0	0	0	0.0920077	0	0	0	4.535036	0.250277	0.173228	0	0	0	0.189797	0	0	0	0	0	0	7.58015	1.05649	4.11013	0.333557	0.0480238	0	0	0	0.17388	7.24572	3.16049	0	0
K00442	coenzyme F420 hydrogenase subunit delta	0	0	0.277362	0	0	0	0	1.79589	0	0	0	0	0	0	0	0	0.7386	0	0	0	0	0	0	0	0	0	0	0	0	3.64541	0	0	0	0	0	0	0	0	2.43584	0	0	0
K00443	coenzyme F420 hydrogenase subunit gamma [EC:1.12.98.1]	0	0	0.241184	0	0	0	0	1.83139	0	0	0	0	0	0	0	0	0.652142	0	0	0	0	0	0	0	0	0	0	0	0	2.33286	0	0	0	0	0	0	0	0	2.03924	0	0	0
K00444	wingless-type MMTV integration site family, member 5	0	0	0	0	0	0	0	0	0	0	0	0	0	0	0	0.0688526	0	0	0	0	0	0	0	0	0	0	0	0	0	0	0	0	0	0	0	0	0	0	0	0	0	0
K00451	homogentisate 1,2-dioxygenase [EC:1.13.11.5]	0	0	0	0	0	0	0	0	0	0	0	0	0	0	0	0	0	0	0	0	0	0	0	0	0	0	0	0	0	0	0	0	9.219142	0	0	0	0	0	0	0	0	0
K00452	3-hydroxyanthranilate 3,4-dioxygenase [EC:1.13.11.6]	0	0	0	0	0	0	0	0	0	0	0	0	0	0	0	0	0	0	0	0	0	0	0	0	0	0	0	0	0	0	0	0	0	0	0	0	0	0	0	0.0364063	0	0
K00453	tryptophan 2,3-dioxygenase [EC:1.13.11.11]	0	0	0	0	0	0	0	0	0	0	0	0	0	0	0	0	0	0	0	0	0	0	0	0	0	0	0	0	0	0	0	0	9.55467	0	0	0	0	0	0	0	0	0
K00456	cysteine dioxygenase [EC:1.13.11.20]	0	0	0	0	0	0	0	0	0	0	0	0	0	0	0	0.0241015	0	0	0	0	0	0	0	0	0	0	0	0	0	0	0	0	0	0	0	0	0	0	0	0	0	0
K00457	4-hydroxyphenylpyruvate dioxygenase [EC:1.13.11.27]	0	0	0	0	0	0	0	0	0	0	0	0	0	0	0	0	0	0	0	0	0	0	0	0	0	0	0	0	0	0	0	0	10.8458	0	0	0	0	0	0	0	0	0
K00459	nitronate monooxygenase [EC:1.13.12.16]	0	0	0	0	0	0	0.57745	0	0	0	0	0	0	0	0	0	0	0	0	0	0	0	0	0	0	0	0	0	0.0814637	0	0	0	18.6413	0	0	0	0.112366	0	0	0	0	0
K00474	trimethyllysine dioxygenase [EC:1.14.11.8]	0	0	0	0	0	0	0	0	0	0	0	0	0	0	0	0.021857	0	0	0	0	0	0	0	0	0	0	0	0	0	0	0	0	0	0	0	0	0	0	0	0	0	0
K00483	4-hydroxyphenylacetate 3-monooxygenase [EC:1.14.14.9]	0	0	1.2022602	0	0.11242	0	0.0722529	0.0537574	0	0	0	0	0	0	0	0.0951966	0	0	0	0	0	0	0.85444	0	0	0	0	0	0	0	0.0979146	0	10.4841	0.0392222	0.131814	0.0842991	0	0	0	0.0676843	0	0.0258036
K00484	flavin reductase (NADH) [EC:1.5.1.36]	0	0	0	0	0	0	0	0	0	0	0	0	0	0	0	0	0	0	0	0	0	0	0	0	0	0	0	0	0	0	0	0	11.4998	0	0	0	0	0	0	0	0	0
K00485	dimethylaniline monooxygenase (N-oxide forming) [EC:1.14.13.8]	0	0	0	0	0	0	0	0	0	0	0	0	0	0	0	0.0399734	0	0	0	0	0	0	0	0	0	0	0	0	0	0	0	0	0	0	0	0	0	0	0	0	0	0
K00491	nitric-oxide synthase, bacterial [EC:1.14.13.165]	0	0	0.0476991	0	0	0	0	0	0	0	0	0	0	0	0	0	0	0	0	0	0	0	0	0	0	0	0	0	0	0	0	0	0	0	0	0	0.0556375	0	0	0.0931413	0.036152	0
K00496	alkane 1-monooxygenase [EC:1.14.15.3]	0	0	0	0	0	0	0	0	0	0	0	0	0	0	0	0	0	0	0	0	0	0	0	0	0	0	0	0	0	0	0	0	13.188	0	0	0	0	0	0	0	0	0
K00500	phenylalanine-4-hydroxylase [EC:1.14.16.1]	0	0	0	0	0	0	0	0	0	0	0	0	0	0	0	0	0	0	0	0	0	0	0	0	0	0	0	0	0	0	0	0	1.4454	0	0	0	0	0	0	0	0	0
K00506	tyrosinase-related protein 1 [EC:1.14.18.-]	0	0	0	0	0	0	0	0	0	0	0	0	0	0	0	0.0566647	0	0	0	0	0	0	0	0	0	0	0	0	0	0	0	0	0	0	0	0	0	0	0	0	0	0
K00508	linoleoyl-CoA desaturase [EC:1.14.19.3]	0	0	0.0777649	0	0	0	0.0939145	0	0	0	0	0	0	0	0	0	0	0	0	0	0	0	0	0	0	0	0	0	0	0	0	0	0	0	0	0	0	0	0	0	0	0
K00520	mercuric reductase	0	0	0	0	0	0	0.337222	0	0	0	0	0	0	0.2260208	0	0	0	0	0	0	0	0	0	0	0	0	0	0	0	0	0	0	0.1259861	0.104535	0	0	0	0	0	0	0	0
K00522	ferritin heavy chain [EC:1.16.3.2]	0	0	0	0	0	0	0	0	0	0	0	0	0	0	0	0.09879391	0	0	0	0	0	0	0	0	0	0	0	0	0.01854788	0	0	0	0	0	0	0	0	0	0	0	0	0
K00525	ribonucleoside-diphosphate reductase alpha chain [EC:1.17.4.1]	16.463441	3.7487563	20.2145213	10.8135926	3.7481316	24.7310099	24.1029878	7.4803789	0.9489287	11.6286746	4.7912154	31.689013	20.9145586	11.1967664	43.1904003	27.9172396	3.13123	4.5593088	2.0260928	5.2634125	2.742338	44.3036798	71.0357696	2.0241032	5.5699486	8.311681	5.6783045	44.0737578	63.9919961	8.4369116	6.5229861	6.962985	36.479725	10.9830781	5.702112	3.4243319	14.5075682	13.807695	7.1560402	2.0264987	2.3031037	12.5159069
K00526	ribonucleoside-diphosphate reductase beta chain [EC:1.17.4.1]	15.1685224	5.5252597	10.8316336	22.4956772	9.5457951	45.9148054	32.4874148	10.4135536	6.937285	3.547448	8.638194	1.8301749	13.58966	10.9305237	24.962742	2.745669	3.7164382	4.971558	5.567564	9.6823037	3.8050942	8.9194638	11.0311403	1.5314547	0.1150171	10.0187228	29.8492215	5.1745251	7.1376656	3.89196235	7.6366652	12.2059929	14.325502	2.8068918	2.5602966	6.1065593	22.3632439	10.9892282	11.2798342	19.4857204	2.6615606	11.707036
K00527	ribonucleoside-triphosphate reductase [EC:1.17.4.2]	0	0	0	0.192607	0	0	0	0	0	0.180018	0.534169	0	0	0	0	0.106154	0	0	1.58342	0.12064	0	0	0	6.47653	0	0	0	0	0	0	1.07875	0	0	0	0	0	0	0	0	0	0	0.2279
K00528	ferredoxin--NADP+ reductase	5.8859689	35.729754	14.447522	16.682323	92.3174692	40.2127959	18.7999597	10.6430855	9.5270732	2.0013186	4.155325	3.1084572	22.745903	4.8513791	30.1907499	5.9490752	3.7384724	8.507425	4.828233	33.9993311	3.598491	23.3722079	49.8378389	0.2427485	1.25365	22.7595448	25.039128	1.0560053	0.22052	2.7986963	33.696205	11.9857118	48.084023	4.983208	12.4492852	4.207751	35.76418	16.4337171	19.756527	2.8453653	28.3085138	5.6027398
K00529	3-phenylpropionate/trans-cinnamate dioxygenase ferredoxin reductase component [EC:1.18.1.3]	0	0.0374004	4.925	0	0	0.224406	0.9732436	0	0	0	0	0	2.03144	1.57193	8.23355	0.707413	0.564547	0	0	0	0	0	0.00794141	0	0	0	0	0	0	0	0	0	2.36201	0.2150402	0.23958	0.388352	0	0	0	0	0	0.353931
K00533	ferredoxin hydrogenase large subunit	1.20634	0.599312	0	0.334687	0	0	0	0	0	0	0	0	0	0.077097	0	0.551831	0.125396	0	0	0	0	0.162088	0.0370662	0	0	0	0	0	0	0.0833554	0.213873	0	0.237793	0.337726	0.0625087	0	0	0	0	0	0	0
K00534	ferredoxin hydrogenase small subunit	1.00587	0.457668	0	0.50968	0	0	0	0	0	0	0	0	0	0	0	1.10174	0.116508	0	0	0	0	0.265824	0	0	0	0	0	0	0	0.164043	0.2833	0	0.398914	0.213945	0.230657	0.505208	0	0	0	0.150402	0	0
K00537	arsenate reductase	38.603807	28.9554157	5.141238	24.8358539	24.698286	40.694729	37.951956	11.8658678	17.8352593	10.779505	10.040427	17.199588	7.2851534	13.816165	19.7649674	2.096631	10.949809	15.7948071	21.177508	43.8334578	34.1412403	14.4039648	8.1298165	24.263224	12.6750311	20.31998	41.353493	2.713556	33.9419042	7.3771584	22.3633934	18.331513	14.841655	11.8077132	15.313831	4.133954	36.399706	37.6526218	51.48573	103.29617	58.973419	8.1846549
K00541	nicotinamide N-methyltransferase [EC:2.1.1.1]	0	0	0	0	0	0	0	0	0	0	0	0	0	0	0	0.0594661	0	0	0	0	0	0	0	0	0	0	0	0	0	0	0	0	0	0	0	0	0	0	0	0	0	0
K00547	homocysteine S-methyltransferase [EC:2.1.1.10]	5.452428	3.662136	8.044823	3.879759	41.629839	1.2833485	2.8926564	8.2793873	11.139239	3.447286	5.4206579	0.0875795	8.1697196	4.8963443	0.2922587	1.701909	4.46593	4.6222903	6.4800087	4.4421651	9.8381338	3.5082911	6.6560633	31.6291442	0.120804	3.6900885	2.049764	2.024072	0	1.0926353	2.963562	2.8984568	14.69696	7.384541	6.9544975	7.5478365	3.4727206	5.5112809	2.5218359	7.2573433	12.5806184	11.558597
K00548	5-methyltetrahydrofolate--homocysteine methyltransferase [EC:2.1.1.13]	5.0288878	7.8680816	6.1134652	14.454229	6.04508	16.320162	20.3437346	10.85478535	17.2990911	4.4872073	6.2531246	4.4805201	11.0391	7.5195499	2.0301607	3.4746675	14.5277228	9.0393949	13.8927806	17.3310383	24.3482461	7.23965838	4.9178336	22.1431112	6.5896826	11.6243661	32.6836438	2.396429	3.969212	10.01298435	5.8342288	10.605202	14.2031175	4.070875	13.329079	5.8379914	9.0064876	5.35240985	8.5509939	39.6797587	19.2261475	5.4891568
K00549	5-methyltetrahydropteroyltriglutamate--homocysteine methyltransferase [EC:2.1.1.14]	49.750018	57.0530601	16.1697192	24.7499406	91.816737	52.5502969	32.158486	17.2664748	15.6722689	52.6063243	43.8320942	12.7252894	20.748402	8.22	7.8078506	7.2745458	3.2971738	13.3052505	13.596608	68.5361633	30.639571	31.8020814	56.2296049	26.0230503	10.7012828	34.242956	41.111831	3.96242	25.6543571	7.3431135	26.346052	14.7574	45.1803658	17.646906	16.7084637	8.1935522	57.5171106	46.4316663	61.132092	71.474744	82.9930117	16.9860377
K00554	tRNA (guanine-N1-)-methyltransferase	56.3759897	74.0746178	27.8284494	22.256469	91.8775867	45.2199416	38.8775224	29.7863305	25.8876674	66.9775814	55.35733	70.1064686	50.160539	13.6736861	6.7823963	42.2453786	10.931969	25.9223013	20.7053718	57.2559803	35.0248517	41.6624438	67.430527	36.3279748	32.0324466	54.656586	55.1387045	39.3568833	59.995387	25.4699257	34.9600653	23.7660168	44.1037145	32.9548461	31.2948854	28.0298225	36.5893337	71.1294129	55.5124485	66.4121049	58.5045657	36.6615116
K00555	tRNA (guanine-N2-)-methyltransferase	0	0	0.219612	0	0	0	0	7.13328	0.2379017	0	0	0	0	0	0	0	5.987128	0	0	0	0	0	0	0	0	0	0	0	0	8.04269	0	0	0	0	0	0	0	0	7.79387	2.55367	0	0
K00556	tRNA (guanosine-2'-O-)-methyltransferase	1.15572	0.528048	7.43329	0.4504263	0	0.115343	0.7012304	0	0	1.2765487	0.2649475	1.06901	4.266358	2.92377	15.1605	2.019052	0.528383	0.149207	0	0	0	1.331544	0.9936636	0	0	0.685453	0.2463746	0.062511	0.0636158	0.0612102	1.048834	0.7445766	2.776438	0.477234	0.4593501	1.36003	0	0	0	0	0	0.219427
K00557	tRNA (uracil-5-)-methyltransferase	0	0.579785	7.1962976	0	0	0.389911	4.526612	0.0739312	0	0.492531	1.33821	0.0347147	5.82512	6.24414	13.8701	0.623733	0.446951	0.0143431	0	0	0	0.0502083	0.3739679	0	0	0	0.415036	0.279455	5.09812	0.0228129	1.14722	0.0238875	20.692012	1.5408045	0.5821	1.38188	0	0.14455	0	0	0	2.865451
K00558	DNA (cytosine-5)-methyltransferase 1 [EC:2.1.1.37]	20.7923379	27.3591226	23.7502997	10.6743732	28.085464	33.9485851	23.0344382	47.2051311	41.8612576	15.942651	27.6975355	13.0932446	23.1218508	12.9543924	5.9613012	10.1846658	51.2792468	27.2261199	26.3392872	21.002559	32.3138157	33.1182456	28.3714946	112.9448968	52.9009867	24.0413068	14.789826	11.8135716	2.7891241	27.811701	28.2306325	23.0105596	10.9341843	10.6048354	14.5222228	13.6174664	46.881548	30.873873	19.8575329	54.0217098	36.4038992	18.6868758
K00560	thymidylate synthase [EC:2.1.1.45]	14.9022054	7.678281	13.0618381	7.37613969	9.7487699	20.5374983	20.6454662	15.4216739	2.9364232	62.6821534	43.6418641	41.0797579	29.8400321	10.9007404	27.6670082	39.1427809	9.74445	6.7302877	4.7956657	18.2021954	3.490152	25.94916121	18.5770009	20.7671996	9.764254	12.7755198	9.9680322	49.8753289	71.0611706	23.8728862	23.8551763	10.7251588	36.7827867	12.6722321	10.7137974	22.2249943	12.2847543	14.2639408	15.0041414	6.045011	7.9578044	34.7430846
K00561	rRNA (adenine-N6-)-methyltransferase	34.77215	22.7457128	39.86786	23.8412501	32.8813	59.946503	24.805516	4.5972628	0.8578564	49.129641	42.448091	45.6447	17.591286	2.598201	0	68.7151701	1.250576	12.9110584	14.668063	2.060202	0.949577	10.856117	10.92529	0.769421	7.94832	6.816542	2.9662235	74.706363	4.107885	34.0489128	3.713787	32.397474	11.31347	11.24878	0.952141	2.55169	1.559182	6.97192	35.954784	4.3256138	4.7993445	5.468753
K00563	rRNA (guanine-N1-)-methyltransferase	4.1114787	2.825581	4.821244	1.235362	1.7109682	4.0278527	9.1671385	3.7513348	3.5658498	4.84087	5.898077	0.13521	2.5338302	3.0155326	5.5943373	0.802491	1.095075	4.2612408	5.66472	2.2994124	0	1.154372	2.7150702	16.9030098	2.6335185	12.14428	1.4293413	0.532956	3.05475	4.1408181	1.239551	0.357286	18.19757	5.992826	2.7425061	1.000976	5.202326	6.986913	0.594676	1.4875331	3.1686709	13.4713999
K00564	ribosomal RNA small subunit methyltransferase C	0.365901	0.367378	9.3130643	0.3396479	1.6359971	0.3298119	3.0509831	0.585815	0.372753	34.291404	30.0591628	0.0465309	7.33103	8.4072995	12.5582139	2.006131	0.689098	1.8997154	4.6845036	8.0323417	0	0.1646871	0.3536073	17.7700667	0.3617361	0.0574724	0.8781811	0.8420227	4.69381	0.2094513	1.209046	1.1063755	27.9019894	3.550593	5.8406316	5.517517	0.0865342	0.1792742	0.4485198	0.2582382	1.390009	7.436894
K00566	tRNA-specific 2-thiouridylase [EC:2.8.1.-]	16.1977922	16.9682021	24.4969201	14.0064393	20.7871046	33.9074709	62.6905687	41.1872191	50.0759973	100.9280332	81.429944	98.9475213	61.7462244	46.5787038	18.1339105	68.4993613	30.6638823	35.6168979	48.3467689	44.4729574	48.4984492	30.2894364	20.0770467	63.5819936	30.4724205	40.9346858	36.1691149	108.3390187	190.6436074	37.8080366	36.8100035	46.3712644	64.8288142	65.9341761	44.1828426	19.3419423	46.9698664	71.1950115	26.312126	42.8975974	34.4034658	58.293225
K00567	methylated-DNA-[protein]-cysteine S-methyltransferase	23.4839968	47.552055	17.9285504	26.1638409	81.7709143	46.4651901	29.5685909	20.2658142	16.1826448	30.3204252	16.2279966	34.6033268	39.779411	22.3185026	13.6546753	8.063841	11.0877278	12.8505472	12.3975837	17.2272584	8.4714422	31.7369524	65.8340289	2.0548315	4.1847914	32.96959	50.778207	8.505536	11.0235487	11.3794012	34.2694475	17.8826399	19.4889175	11.8751422	15.6289107	25.30044	26.2898012	39.5605785	8.8221655	20.1381784	8.100958	22.1388796
K00568	2-polyprenyl-6-hydroxyphenyl methylase / 3-demethylubiquinone-9 3-methyltransferase [EC:2.1.1.222 2.1.1.64]	0	0.12489	6.374776	0	0	0.246525	3.541276	0.160603	0	0.442467	1.153102	0.062622	5.65597	6.900142	24.72542	0.626917	0.5349	0.0323156	0	0	0	0.0957747	0.3561174	0.0255024	0	0	0.2551935	0.349292	2.0697399	0.0504163	0.912178	0.0741792	24.882788	2.0645432	0.4961691	2.7753431	0	0.122645	0	0	0	2.419864
K00569	thiopurine S-methyltransferase [EC:2.1.1.67]	0	0	0	0	0	0	0	0	0	0	0	0	0	0	0	0	0	0	0	0	0	0	0	0	0	0	0	0	0	0	0	0	11.579313	0	0	0	0	0	0	0	0	0
K00571	site-specific DNA-methyltransferase (adenine-specific)	50.072586	38.0993	46.195968	37.256234	30.220322	57.8119072	47.007563	53.8376091	75.6027281	26.1709079	25.6476981	0.4931049	23.2807726	40.090461	8.1093287	11.0359409	38.8984386	41.1306243	28.994937	73.787831	134.9569562	13.0027982	13.7348626	20.0051415	21.4870613	35.2618131	51.813369	10.0426356	0.0686019	17.4503427	39.975733	26.5176231	24.9224415	41.7369472	39.0369308	88.8046297	43.0253596	23.9110266	76.405532	108.903137	70.172346	23.382958
K00572	wingless-type MMTV integration site family, member 7	0	0	0	0	0	0	0	0	0	0	0	0	0	0	0	0.0384532	0	0	0	0	0	0	0	0	0	0	0	0	0	0	0	0	0	0	0	0	0	0	0	0	0	0
K00573	protein-L-isoaspartate(D-aspartate) O-methyltransferase	0	0.322142	6.374143	0.197226	0	0.364626	3.516237	0.0739305	0	0.029044	1.2913332	0.0248268	1.20606	5.2327186	3.68132	7.332417	0.59817	0.0728204	0	0	0	0.2100371	0.4500403	0	0	0	0.0901627	0.0490277	3.0353431	0.14031823	1.0603252	0	19.5021081	2.1987345	0.6324583	0.629857	0	0.0920802	0	0	0	2.430847
K00574	cyclopropane-fatty-acyl-phospholipid synthase	0	1.66591	2.27137	0.946782	0.0831951	0.614515	6.70432	0.118645	0	0.2875117	0.261337	0.4579292	5.101536	2.622882	16.179	1.1486983	1.073003	0	0	0.95633	0	0.2534928	2.1302861	3.4253708	0.9625054	0.0405346	0.6293124	0.0583708	0.71229	1.1871557	0.4815724	0.211103	2.7589464	0.3214163	0.341985	1.233687	0	0.2856083	0	0	0	1.3876318
K00575	chemotaxis protein methyltransferase CheR [EC:2.1.1.80]	0.1657584	1.3516781	2.7428936	0.3989457	0.174789	0.0656865	1.084982	2.945085	0.862167	0.0815981	0.592868	0.2669091	6.356765	1.8823082	9.6404671	0.878118	0.620357	4.530338	5.331159	0.851548	0.63222	0.662055	0.1512243	0.655527	0.36781	1.016772	0.244765	0.974174	0.323792	3.3535562	0.6698369	0.2438915	32.8205648	1.5641941	1.1543415	1.407747	0.112897	0.242182	0	0.6138915	1.886644	2.473939
K00577	tetrahydromethanopterin S-methyltransferase subunit A [EC:2.1.1.86]	0	0	0.274588	0	0	0	0	1.54284	0.0720983	0	0	0	0	0	0	0	0.352824	0	0	0	0	0	0	0	0	0	0	0	0	2.70674	0	0	0	0	0	0	0	0	2.20237	0	0	0
K00578	tetrahydromethanopterin S-methyltransferase subunit B [EC:2.1.1.86]	0	0	0.364037	0	0	0	0	1.83671	0.0600819	0	0	0	0	0	0	0	0.95876	0	0	0	0	0	0	0	0	0	0	0	0	2.62726	0	0	0	0	0	0	0	0	1.78433	0	0	0
K00579	tetrahydromethanopterin S-methyltransferase subunit C [EC:2.1.1.86]	0	0	0.152354	0	0	0	0	1.69702	0.067698	0	0	0	0	0	0	0	0.720195	0	0	0	0	0	0	0	0	0	0	0	0	2.25271	0	0	0	0	0	0	0	0	1.55097	0	0	0
K00580	tetrahydromethanopterin S-methyltransferase subunit D [EC:2.1.1.86]	0	0	0.272815	0	0	0	0	1.75039	0.078796	0	0	0	0	0	0	0	0.536486	0	0	0	0	0	0	0	0	0	0	0	0	2.8405	0	0	0	0	0	0	0	0	2.00581	0	0	0
K00581	tetrahydromethanopterin S-methyltransferase subunit E [EC:2.1.1.86]	0	0	0.218422	0	0	0	0	6.35335	0.2972946	0	0	0	0	0	0	0	5.106915	0	0	0	0	0	0	0	0	0	0	0	0	8.24616	0	0	0	0	0	0	0	0	7.25567	2.72003	0	0
K00582	tetrahydromethanopterin S-methyltransferase subunit F [EC:2.1.1.86]	0	0	0	0	0	0	0	4.66	0.240328	0	0	0	0	0	0	0	0	0	0	0	0	0	0	0	0	0	0	0	0	4.61372	0	0	0	0	0	0	0	0	2.29414	0	0	0
K00583	tetrahydromethanopterin S-methyltransferase subunit G [EC:2.1.1.86]	0	0	0.293677	0	0	0	0	2.93874	0.169643	0	0	0	0	0	0	0	0.902362	0	0	0	0	0	0	0	0	0	0	0	0	4.88511	0	0	0	0	0	0	0	0	2.33912	0	0	0
K00584	tetrahydromethanopterin S-methyltransferase subunit H [EC:2.1.1.86]	0	0	0.363439	0	0	0	0	1.70019	0.0883964	0	0	0	0	0	0	0	0.752314	0	0	0	0	0	0	0	0	0	0	0	0	2.40408	0	0	0	0	0	0	0	0	2.09783	0	0	0
K00595	precorrin-6Y C5,15-methyltransferase (decarboxylating) [EC:2.1.1.132]	10.323501	11.6750731	8.8572057	28.3364152	16.24484	18.2225203	21.125207	21.8286905	23.5972985	5.8551688	20.029533	2.0090478	10.4182694	15.3993354	4.8788725	6.599071	27.1955698	7.4631766	8.7022396	12.071591	44.4531533	5.9370896	3.2855525	3.64434	0.6187023	13.9279061	27.5874161	8.575169	0.110734	10.2327338	30.656732	27.5138078	11.529308	25.671741	18.2338193	13.9804839	7.496803	4.8924694	28.2282875	21.6882753	14.708805	17.45511
K00598	trans-aconitate 2-methyltransferase	0	0	2.69971	4.38333	7.79346	0.233088	1.8584902	0	0	0.703376	0	0	19.04926	0.919923	4.14048	1.072747	0.297674	0	0	0.730424	0	27.54664	17.8605586	0	0	0	0.0706201	0	0.0489562	0.0383058	0.353947	0	4.502812	0.3860513	0.0989339	0.534448	0	0	0	0	8.4537	13.4333296
K00600	glycine hydroxymethyltransferase [EC:2.1.2.1]	52.8593787	52.8891896	25.6706341	27.3784264	80.457229	54.2358893	38.8466929	38.0402902	27.6713973	64.1539757	46.242972	34.5351154	34.8713504	13.2777619	16.6056799	40.8442697	15.9088842	39.0003028	38.5145671	62.604767	23.8720226	33.5868552	56.8656108	26.15323354	24.8481977	47.642591	41.8713483	51.7871941	56.8327345	33.2016721	48.3226779	27.4433392	69.8070585	24.6893812	29.0004256	26.3576642	70.6300699	49.6218266	64.4683429	60.4530117	63.6855482	38.979642
K00602	phosphoribosylaminoimidazolecarboxamide formyltransferase / IMP cyclohydrolase [EC:2.1.2.3 3.5.4.10]	66.1733717	47.9663284	45.4119623	81.8145926	56.3840675	81.4754709	82.7686757	59.2404719	71.1402606	116.3078977	105.6540038	42.2541292	25.9935255	44.5181156	16.3445218	51.9303209	64.1508905	49.1841328	67.471246	90.7044043	103.9324204	63.2632397	74.9473965	120.2646022	92.4490092	72.9484662	88.014517	56.7431554	71.1647582	35.2092926	47.7437965	65.4815893	78.3428852	100.4747829	62.8463279	57.0525099	69.9115193	80.4926849	64.2516957	90.9902739	108.6001338	74.7835074
K00603	glutamate formiminotransferase [EC:2.1.2.5]	1.97377	0.446367	0.0698951	0.141142	0	0.0676764	0.0438495	0	0	1.512531	0.338603	2.0416912	0.123254	0.0792249	0.204148	0.141653	0.122721	0	0.121445	0.287593	0	0.2053846	0.1643484	0.264732	0	3.104673	0.470257	0	0	0.143602	0	0.0680075	0	0.281694	0.357519	0.0667649	0	0.152875	0.124871	0.192569	0	0.0451392
K00604	methionyl-tRNA formyltransferase [EC:2.1.2.9]	49.4755762	69.2695436	39.4655155	28.2785647	110.4681049	46.8822868	49.3256412	36.1524662	48.3899777	90.049514	64.7671292	58.977824	63.0454601	16.3034924	37.0452682	30.2542141	10.9825573	31.7906559	39.7801454	75.4323657	46.0949379	62.5773547	119.6787827	37.5284096	16.4073921	49.9227862	48.9763157	42.6142718	61.3257321	22.2123699	50.1591723	29.5603006	71.2294775	36.821272	36.5759658	16.6240544	76.6159026	86.9452963	66.772775	89.822562	98.485795	37.2805549
K00605	aminomethyltransferase [EC:2.1.2.10]	4.0998814	2.6134315	7.8973011	0.6537073	0.0543825	1.2045509	8.6669649	2.1213282	0.4884646	13.8383996	6.497773	37.4965739	14.027086	1.5531805	0.209587	39.7192502	3.0288666	1.8750289	0.1769312	2.5842286	1.4449514	11.8741789	4.5765966	1.1157215	8.045855	9.4783081	2.6439033	38.9244197	60.8780139	9.7646135	3.1838935	3.5608546	39.7768397	8.3970237	4.1425086	2.0677773	3.3982066	6.180997	7.2558333	1.3796826	0.3172606	4.1324927
K00606	3-methyl-2-oxobutanoate hydroxymethyltransferase [EC:2.1.2.11]	48.5273522	30.165447	8.1773469	15.6901181	29.2704735	29.058214	39.6073743	27.416365	39.501705	32.652056	14.876212	31.6770515	23.7862924	10.7890647	1.0953184	36.274141	8.1919623	23.6349645	27.562511	50.8146952	50.347349	15.031125	8.5086219	8.2261393	35.211742	27.8943362	35.0870453	48.88309	61.5033997	17.334933	7.2339587	20.662751	59.2184096	29.1217197	11.208392	4.6809768	43.2945335	51.100753	60.2360254	89.960716	82.9099233	19.421779
K00609	aspartate carbamoyltransferase catalytic subunit [EC:2.1.3.2]	17.7865117	35.1310907	23.4515162	17.2376139	74.7905976	39.694863	32.2599125	23.6371803	17.5776841	74.5850225	51.9294878	59.9217145	50.6545321	25.551477	14.152373	43.0847933	16.836079	17.230375	10.9225627	45.718074	15.3494198	60.9592545	106.2590134	32.5327449	23.8657873	41.8776225	36.0997757	39.0278045	54.8375355	30.6455818	52.7809599	22.8236342	52.0400614	27.6025021	26.0036922	19.1263838	38.1391596	54.8242521	37.2223396	14.7640156	34.8464051	35.48954234
K00610	aspartate carbamoyltransferase regulatory subunit	34.9187572	24.245848	5.0857413	14.3346605	20.165802	20.409341	21.171873	17.5729102	7.655856	12.8261377	7.516743	22.6244819	27.683473	12.532244	40.4549481	27.784926	9.3031774	17.095741	14.8375363	28.5536661	22.8727535	21.0175094	15.51473	2.49384878	11.803784	14.4812972	13.8480682	39.6111456	62.2477598	18.0912071	4.494774	7.6477155	26.614558	14.828656	6.5780196	4.284459	25.419076	34.1080182	56.6097852	66.1537772	49.9565909	13.9514761
K00611	ornithine carbamoyltransferase [EC:2.1.3.3]	14.1249285	22.7711673	28.7568931	12.759804	48.1704388	45.0379129	30.1361038	20.4758873	10.26477	50.8369084	39.6636185	39.4944757	33.9065169	7.5746348	14.6241103	8.682366	10.3620431	13.1376003	8.4356825	37.0803716	1.9216126	63.7175659	115.9214444	23.8172878	1.7766159	19.3997477	22.0893863	5.1436087	35.3468453	23.4606409	32.0077979	13.1375289	57.2793136	13.8415652	14.8703938	10.9053877	40.7628151	40.2544246	25.1009583	6.210247	21.1876682	24.2566694
K00612	carbamoyltransferase	0	0	0	0	0	0	0	0	0	0	0	0	0	0	0	0	0	0	0	0	0	0	0	0	0	0	0	0	0	0	0	0	10.3479	0	0	0	0	0	0	0	0	0
K00613	glycine amidinotransferase [EC:2.1.4.1]	14.8711	3.62073	1.84492	12.5654	1.96798	10.4866	4.67815	2.81976	5.78446	2.09493	0.477111	1.4644	4.94269	1.16499	0.659795	1.78181	3.82354	3.92305	1.71243	2.63766	2.60716	3.96492	6.14701	0.501191	4.79714	0.62024	3.54737	1.60276	1.06844	2.27222	3.93837	1.98788	7.4982	4.78797	3.07372	4.31312	2.51254	1.22226	3.93963	3.89765	7.88874	1.69441
K00614	NO_NAME	0	0	0	0	0	0	0	0	0	0	0	0	0	0	0	0.0395043	0	0	0	0	0	0	0	0	0	0	0	0	0	0	0	0	0	0	0	0	0	0	0	0	0	0
K00615	transketolase [EC:2.2.1.1]	55.4198594	74.1645332	29.0068882	59.8639453	128.3789805	59.9560603	59.8223611	48.90412361	45.7621746	35.2364891	35.4414125	7.04710382	57.0689226	29.3571245	29.4479234	28.9796385	14.5081322	41.5912424	45.7313357	68.7987189	40.9348296	49.872109	88.032713	40.5164495	19.2912602	62.50518654	62.32120125	74.6931421	14.5406343	28.4208705	47.5895826	25.458205	63.9062673	31.5876136	28.7067587	18.6303441	82.4952388	57.1242138	67.1396471	84.8141066	92.8819088	33.0321602
K00616	transaldolase [EC:2.2.1.2]	12.283854	7.636878	22.4481394	9.8972106	17.1164517	6.4185253	17.2350637	23.6502113	34.7106881	40.24310791	11.7768075	26.96763983	37.4944245	15.9616495	31.013769	22.738463	9.5982722	11.683831	18.2917993	13.3974029	24.63406908	8.157535	6.521224	7.2431293	9.023415	22.348383	8.8079555	47.9430606	59.7228381	8.866149	21.0445732	23.2971194	33.3782402	17.0832293	26.4470551	6.3064518	55.7261511	22.3675839	5.066454	21.8690917	22.0224546	16.109975
K00619	amino-acid N-acetyltransferase [EC:2.3.1.1]	0	0	0	0.331631	0	0	0.099625	0	0	0	0	0	0	0	0	0.8821749	0	0	0	0	0	0.19273	0.0617026	0.139482	0	0	0.107789	0	0	0.2518182	0.1692994	0.0426112	0	0	0.2132384	1.446193	0	0	0.0368538	0.365203	0	0
K00620	glutamate N-acetyltransferase / amino-acid N-acetyltransferase [EC:2.3.1.35 2.3.1.1]	50.0827863	54.97784	24.6118012	54.7706949	79.59678	41.189607	26.8803722	25.013889	20.793838	49.3259969	39.7389221	3.688733	28.4116729	8.4004786	2.0126867	6.2954902	23.313506	14.9799163	10.7386492	70.9176945	32.31915	65.1958754	113.9128975	23.23562	11.168483	35.447361	55.8639553	11.433277	0.3958161	17.4407476	76.987641	25.9252461	44.3744722	15.240344	35.8324745	11.0207799	65.0098033	48.4681432	90.9569352	73.7847624	62.2158145	29.3189698
K00622	arylamine N-acetyltransferase [EC:2.3.1.5]	0	0	0	0	0	0	0	0	0	0	0	0	0	0	0	0.0323441	0	0	0	0	0	0	0	0	0	0	0	0	0	0	0	0	0	0	0	0	0	0	0	0	0	0
K00625	phosphate acetyltransferase [EC:2.3.1.8]	47.2396715	28.7008172	11.4108429	10.7696139	21.323487	27.837342	25.5378382	17.4288689	25.477108	23.206165	21.303539	24.3079015	11.6829262	9.5903723	1.4392974	17.7729921	15.059781	16.7365811	29.467006	45.3277932	42.042552	14.0769119	7.6302038	21.7567962	39.5096543	26.51967	36.1494963	37.3322757	44.121477	13.0252971	26.132452	16.031745	33.4385037	28.198348	17.8439672	11.6157975	36.7473377	44.112111	51.8743627	68.701304	75.5305139	26.798946
K00626	acetyl-CoA C-acetyltransferase [EC:2.3.1.9]	7.2948044	5.6604233	12.2865834	9.8680548	10.598762	22.7372796	34.0056865	14.196433	16.631592	6.8405768	26.301385	2.005565	20.1335256	26.4845621	18.1585052	8.730473	47.270443	7.3193585	6.664459	22.431435	44.8569527	9.2287696	5.7067018	4.3398863	22.201764	10.304336	22.5723736	4.9033613	5.6591296	13.5736264	31.813854	57.6346926	46.041487	38.9232513	11.7523301	13.7423043	7.5988403	10.1503007	20.1202473	23.7297968	19.2945803	20.5784523
K00627	pyruvate dehydrogenase E2 component (dihydrolipoamide acetyltransferase) [EC:2.3.1.12]	0.0857109	0.280036	4.1851095	1.0880617	0.45434	0.50304927	1.9844244	0.2199261	0.1244554	11.94869427	9.7519616	30.450637	23.221291	2.1097564	7.834708	4.5792804	0.6149029	0.4929245	0.7398872	3.8515019	0.0976615	7.6234701	9.1363067	1.074918	0.4873857	0.124607	0.5293855	0.7565623	22.7568936	3.7508726	1.9943921	1.2367072	25.3275241	12.448179	1.5842986	5.5057345	1.773577	28.6358301	2.912585	0.5812084	0.409637	6.1291344
K00631	glycerol-3-phosphate O-acyltransferase [EC:2.3.1.15]	0	0.346274	3.90487	0	0	0.3140561	3.338692	0.02403257	0	0.0134269	0.0335857	0	2.61538	5.21472	13.8197	0.288102	0.5167752	0	0	0	0	0.0220464	0.1829031	0	0	0	0.0855653	0.0546218	0.0703167	0	0.706315	0	15.416915	2.173305	0.334727	0.8295349	0	0	0	0	0	2.330834
K00632	acetyl-CoA acyltransferase [EC:2.3.1.16]	0.843447	2.452341	8.5151839	0.0163624	0	2.7868398	9.1400718	1.0633636	1.3331639	2.7611494	4.016483	0.8456664	1.8059534	11.0493652	1.20798	1.635309	3.5432594	1.1037374	0.746059	2.32649	2.2800651	2.7017752	3.7473909	0.0692864	0.1296111	0.383919	1.2730863	0.0643164	8.67365	1.0264564	3.05808	1.647718	25.0932963	4.716577	2.6190432	1.2621323	0	0.174248	3.1582128	3.822853	2.148513	5.809625
K00633	galactoside O-acetyltransferase	0.560129	2.037078	0.952331	0.229723	0	0.0126457	0.139988	0.1506347	0	0.0106136	0.390111	0.0909917	0	1.536604	8.46135	0.737774	0.68858	0.3701741	0	0.566992	0	0.2813928	11.1226845	0	0.0450595	0	0.9269648	0.180505	0.558704	0.144179	0.3193886	0	5.310315	0.705111	0.0750838	0.533035	0	0	0	0.0683799	0	0.513905
K00634	phosphate butyryltransferase [EC:2.3.1.19]	0.224347	0.278029	0.0497262	0.0702899	0	0	0	0.0686086	0	0.132968	0	2.289537	0.83389	0.12302	0	0.188118	1.0604522	0	1.60417	0.0800509	0.115297	0.4719339	1.0466837	0.114642	0	0	0	0	0	1.067814	0.0427265	0.9972771	0.162889	0.0445366	0.252712	0.288954	0	0.1107323	0	0.0707573	0.0572163	0
K00638	chloramphenicol O-acetyltransferase	0	0	0	0	0	0	0	0	0	0	0	0	0	0	0	0	0	0	0	0	0	0	0	0	0	0	0	0	0	0	0	0	11.88975	0	0	0	0	0	0	0	0	0
K00639	glycine C-acetyltransferase [EC:2.3.1.29]	0	0.414392	5.9770929	0.980445	0	0.536566	3.777975	2.0713249	0	0.852702	1.4980899	14.20607	0.479515	6.3655223	11.8062041	6.628147	0.0881366	0.880969	0	1.46432	0	6.417015	0.7768742	0.0834065	0	1.11742	0.1473858	0.1581089	30.41053	1.7179534	3.1881132	0.4657221	7.0759342	2.8774264	6.224974	3.9195174	1.610539	3.847771	7.726586	1.4585897	0	6.008652
K00640	serine O-acetyltransferase [EC:2.3.1.30]	17.901173	17.218602	22.3457371	56.0908698	35.1872836	4.339326	6.2089894	19.8749013	16.6715736	55.0610302	53.474591	22.194376	41.9774764	16.462601	2.196399	9.1928282	39.821774	12.022634	16.108336	47.4424853	20.9951071	28.7920715	28.2859595	51.8175244	1.4521014	20.71711	35.630379	26.9308807	60.597019	24.5520025	92.2818406	28.8027369	23.382012	11.1532707	64.0855192	13.442695	31.2395592	20.766903	69.969295	49.066832	4.5951353	36.5243923
K00641	homoserine O-acetyltransferase [EC:2.3.1.31]	0.452217	0.53751	0.2465783	0.0341332	0.106652	0.10697	0.2113988	1.4316092	0.073476	0.880338	0.396487	1.131265	1.5801752	0	0.0432341	0.545227	0.625253	0.147575	0	0	0	0.8759298	1.9473193	0.2082247	0	0.739019	0.0913892	0	0.0588714	3.7146646	0.2845324	0.8648746	9.90554	0.1894189	0.0192911	0.1962585	0	0	1.7826	0	0	0.119023
K00645	[acyl-carrier-protein] S-malonyltransferase [EC:2.3.1.39]	3.576947	5.135673	15.0147972	27.8516845	11.45655	9.5125637	14.1521697	11.3842166	9.387215	2.9026185	6.0011656	1.6280742	11.934666	6.6376566	10.4875843	7.2740247	5.5543819	7.9259282	6.6858666	9.4786105	6.0178692	44.6305572	76.5471906	5.43536	1.2343545	6.4412034	9.165499	0.8196704	3.3368995	11.0389976	2.8254885	5.6999056	8.402021	2.8599068	9.5280906	7.5247086	3.424283	8.478972	21.6278412	10.02431053	9.514361	11.4807657
K00647	3-oxoacyl-[acyl-carrier-protein] synthase I [EC:2.3.1.41]	0	0.413858	7.4292066	0	0	0.282057	2.9415411	0.1710978	0	2.2733333	3.444597	2.9901428	8.4458331	3.61308	4.41844	4.7541855	1.3343656	0.5558119	0.154629	0.197245	0	1.365204	0.669693	0.054142	0	0.1734319	0.218452	1.1988012	3.65423	5.98576	1.094995	0.571634	19.2710274	1.9218879	0.177677	1.25461	0	1.5334718	0	0	0	1.954233
K00648	3-oxoacyl-[acyl-carrier-protein] synthase III [EC:2.3.1.180]	10.6550984	8.4888919	13.7609611	9.2474121	5.8687816	8.6961911	19.4606765	14.1014287	9.4031927	64.6772736	55.9603741	33.0158451	17.4049432	7.8471013	5.4126417	39.9885452	8.7724721	14.3596106	16.2801862	17.207653	5.7961382	13.54707775	11.5003084	40.8322229	6.4996571	30.6049953	7.3853901	46.6811091	66.1960689	18.4196564	5.1478569	7.5556511	25.3849803	15.8695207	14.6117921	11.1185907	7.5693177	18.5554109	10.9782771	11.8878985	6.758187	25.4892105
K00651	homoserine O-succinyltransferase [EC:2.3.1.46]	47.781556	79.9470273	23.5583138	36.8873453	134.7945172	53.542486	52.9171592	36.952091	46.910566	60.2325945	37.2344291	32.8677131	39.9656731	12.8133883	23.7904119	34.8855225	8.8174451	26.0871908	28.0349247	80.3900071	38.4789784	42.3946377	83.6982236	23.1088297	17.625409	52.624887	60.4639514	46.9865312	61.6322089	16.9183786	36.2223085	27.5840717	47.7971728	23.4811675	31.3345305	7.0389669	71.6597154	55.7913523	69.3832544	87.3611715	93.996606	23.2555752
K00652	8-amino-7-oxononanoate synthase [EC:2.3.1.47]	1.8059739	2.9140602	5.177458	0	0	0.662625	3.5892874	1.813644	0	6.9361486	2.926573	10.017798	10.150432	3.087354	3.140208	18.065647	1.003433	0.8300615	0.2737695	0.897694	0.443633	4.1290355	0.8049138	0.282763	1.958956	3.45983	1.282192	22.624868	3.930317	2.544094	1.1322753	2.358628	14.2984397	3.9777575	4.0917671	0.792628	2.5937759	7.2241472	6.729216	1.4912892	0	1.3335636
K00653	histone acetyltransferase	0	0	0	0	0	0	0	0	0	0	0	0	0	0	0	0.031693	0	0	0	0	0	0	0	0	0	0	0	0	0	0	0	0	0	0	0	0	0	0	0	0	0	0
K00655	1-acyl-sn-glycerol-3-phosphate acyltransferase [EC:2.3.1.51]	59.3978808	43.4273956	29.7138931	34.8077133	29.3020725	61.1850621	53.1933362	28.7212646	33.3465028	31.8900842	36.6364085	2.5786278	25.7326031	16.8510392	20.6474786	26.6474916	22.9635518	23.986464	60.9205943	54.3663019	54.2130459	45.7960894	67.24297548	38.6217532	27.5279148	44.2092456	54.809781	26.5693273	2.7077437	22.2907512	16.5371154	21.5001325	37.078436	25.6743895	27.1433857	13.9878728	52.4630728	52.8431008	65.2696539	110.1554492	82.9045064	17.0954073
K00656	formate C-acetyltransferase [EC:2.3.1.54]	10.7786925	33.915163	24.1397397	31.4400831	85.5449257	44.3404993	42.0338829	24.68497114	25.414689	7.17522947	28.399636	4.58746035	34.8995186	24.8324323	35.3928774	9.4706828	25.4686899	14.59956423	6.1381579	40.0360077	39.7027512	34.46770629	56.8999603	15.6069931	16.9346566	27.9185947	36.1603644	18.1428095	7.82538	15.52429169	57.7042997	39.1961314	43.328135	37.6196191	19.679989	22.5018525	35.8890108	19.84929745	24.3320723	11.6099888	40.5831117	31.8992253
K00657	diamine N-acetyltransferase [EC:2.3.1.57]	1.2067	0.5612757	0.9715419	0.0575346	0.0788047	1.1718224	6.689839	0.41185	0.3081769	3.733186	2.3525459	1.271142	6.47564	1.303539	3.325086	6.154928	0.442289	0.7816382	0.0641888	0.5972646	0.445376	1.6921542	1.9828701	0.468434	1.256698	2.55317	1.0578727	22.3930635	0.30974	2.5962183	0.5708217	3.0234963	4.3038171	4.9666922	0	1.0167537	3.334392	2.253864	0.0948482	0.3020082	0.2220424	4.278116
K00658	2-oxoglutarate dehydrogenase E2 component (dihydrolipoamide succinyltransferase) [EC:2.3.1.61]	0.224922	0.671695	3.6300155	0	0	0.374945	2.5765829	3.0963264	0	0.6770606	1.278493	4.228455	4.3370567	1.2093025	6.828583	9.608464	0.2526228	0.0468157	0	0	0	6.627791	0.4043924	0	0.647602	0.3806753	0.10337967	30.3787676	2.140442	3.04171784	0.608567	0.15192	10.937187	1.96549038	0.2894614	0.599235	0	2.3345769	0	0	0	1.3837967
K00659	bile acid-CoA:amino acid N-acyltransferase [EC:2.3.1.65 3.1.2.2]	0	0	0	0	0	0	0	0	0	0	0	0	0	0	0	0.0551381	0	0	0	0	0	0	0	0	0	0	0	0	0	0	0	0	0	0	0	0	0	0	0	0	0	0
K00661	maltose O-acetyltransferase	18.489478	12.9587836	17.8372071	52.8255867	27.5145692	57.7525835	61.763318	46.144076	52.1044391	26.890208	27.574088	30.6635398	32.7029972	43.0453456	26.942428	32.0236534	20.5468019	22.1705565	30.9170251	23.23604	22.948702	17.3377906	19.2864111	15.1323889	4.954611	27.8050612	26.1741707	35.4141068	60.8102682	26.186294	23.625465	45.6908282	27.8909134	19.8787154	27.0275403	14.539809	47.6461932	26.4472087	9.1144501	31.0364204	50.5488183	27.9100443
K00662	aminoglycoside N3'-acetyltransferase	0	0	0	0	0	0	0	0	0	0	0	0	0	0	0	0	0	0	0	0	0	0	0	0	0	0	0	0	0	0	0	0	0	0	0	1.83093	0	0	0.0468192	0	0	0
K00663	aminoglycoside N6'-acetyltransferase	0	0	0	0	0	0	0	0	0	0	0	0	0.314111	0	0	0	0	0	0	0	0	0	0	0	0	0	0	0	0	0	0	0	0	0	0	0	0.123993	0.0680965	0.113486	0	0	0.240567
K00666	fatty-acyl-CoA synthase	4.5139	1.028624	0.744494	5.40885	0.959821	2.440642	8.7397655	4.843912	4.409377	2.64211	18.340797	0.528398	0.461106	14.04319	7.572032	5.321041	29.720885	0.118262	0.0429591	7.96541	27.30297	1.22382	1.3826	0.2660389	2.17271	0.401125	1.32068	0.394647	0.380029	1.65156	20.946106	41.292627	7.492315	23.5731	0.245763	2.303909	0.930954	0.626647	4.8873587	0.9357059	1.26869	0.169491
K00672	formylmethanofuran--tetrahydromethanopterin N-formyltransferase [EC:2.3.1.101]	0	0	0.530945	0	0	0	0	9.02817	0.269593	0	0	0	0	0	0	0	5.527652	0	0	0	0	0	0	0	0	0	0	0	0	10.85994	0	0	0	0	0	0	0	0	11.33859	3.6706	0	0
K00673	arginine N-succinyltransferase [EC:2.3.1.109]	0	0.316618	1.80238	0	0	0.0204217	1.226962	0	0	0.1278524	0.205885	0.00769454	3.44345	2.2192	12.4602	0	0.312003	0	0	0	0	0.0151314	0.0196109	0	0	0	0.127316	0.0349766	0.0907515	0	0.329259	0	24.0094086	1.0991506	0	0.6394537	0	0	0	0	0	1.222103
K00674	2,3,4,5-tetrahydropyridine-2-carboxylate N-succinyltransferase [EC:2.3.1.117]	11.162988	3.7427333	9.4627705	3.5127518	4.4743162	21.6117315	11.559189	5.7217947	1.516003	65.155733	48.769045	10.143179	9.154348	6.4221794	6.7216103	11.788074	1.541587	4.8148384	5.754615	19.1526956	0.394649	2.1593344	6.97074	25.1111896	1.2985633	1.969732	3.8959807	4.976041	5.1904801	1.2343608	6.842699	7.4371997	19.516596	6.4687567	8.2997488	9.651472	9.981868	5.880478	0	0.5932477	2.6884121	17.493078
K00675	N-hydroxyarylamine O-acetyltransferase	0.162528	0.293784	4.50832	1.328203	0.249952	0.2772954	1.014383	0	0.1533054	0.068399	0.143424	0	3.189545	0.987889	6.67526	0.465659	0.0925699	0	0	0.725841	0.2175811	0.0501871	0.2500501	0	0	0.1877934	0.885085	0.0141737	0.471098	0.150137	0.4061797	0	11.9195501	0.719078	0.236125	0.131899	0	0	0.0211257	0	0.793982	0.892972
K00677	UDP-N-acetylglucosamine acyltransferase [EC:2.3.1.129]	1.14732	0.8007632	9.156745	0	0	0.7070954	6.433453	0.6910889	0.181996	3.3565394	4.109546	26.430321	33.997222	11.0378758	34.458993	12.6662088	1.7098582	1.068745	0.4557422	0.668831	0.533836	6.248149	9.3889992	0.628586	0.894224	3.430629	1.387988	21.489566	5.3566357	6.0013506	1.4073184	1.779301	29.947615	13.8538503	0.446695	2.768816	4.57472	26.481688	2.727226	0.4055006	0	2.7347638
K00678	phosphatidylcholine-retinol O-acyltransferase [EC:2.3.1.135]	0	0	0	0	0	0	0	0	0	0	0	0	0	0	0	0.124133	0	0	0	0	0	0	0	0	0	0	0	0	0	0	0	0	0	0	0	0	0	0	0	0	0	0
K00681	gamma-glutamyltranspeptidase / glutathione hydrolase [EC:2.3.2.2 3.4.19.13]	0.636898	0.9930782	3.3824596	0.473513	0	1.458309	4.019885	0.85316	1.09156	0.679841	1.125767	0.39541169	1.1537597	2.488201	0	1.408767	2.7234799	1.114877	1.439865	1.0100128	1.0523186	2.2149385	2.3675902	0.0428902	0	1.085851	0.8032346	0.2701124	0	2.539619	1.7365844	1.0322707	9.819081	1.557665	1.101145	0.926353	0.0379684	0.0581966	1.5148497	1.494441	1.2061526	1.6623596
K00684	leucyl/phenylalanyl-tRNA--protein transferase	0	0.374587	5.71197	0.39662	0	0.445579	4.133175	0.3796686	0.205995	2.3655969	3.136186	25.8229566	22.88845	3.462077	0.1414535	7.352411	1.012935	0.3194508	0.1618161	0.512571	0.723488	4.995553	8.289839	0.8962181	1.247234	3.25034	0.7437287	23.570303	3.3950943	5.5183832	0.9314549	0.508126	19.524622	14.776329	0.465425	0.2214327	4.02227	25.377501	2.05749	0.2495228	0	2.166206
K00686	protein-glutamine gamma-glutamyltransferase	0	0	0	0	0	0	0	0	0	0	0	0	0	0	0	0	0	0	0	0	0	0	0	0	0	0	0	0	0	0	0	0	0	0	0	0	0	0	0	0	0	0.0431816
K00687	penicillin-binding protein 2B [EC:2.3.2.-]	0	0	0.2589011	0	0	0	0	0	0	0.5334167	0.1283371	0	0	0	0.0502337	0.123918	0	0	0.0408463	0	0	0	0	0.0956579	0.0502128	0	0	0	0	0	0	0	0	0	0.286051	0	0	0	0	0	0	0.245703
K00688	starch phosphorylase [EC:2.4.1.1]	44.3120718	26.8919038	18.2069838	14.8599705	23.2584982	28.8935224	30.9972181	30.79039826	31.8891498	38.56695879	22.3080928	2.5691247	23.13577	17.0923892	27.8175513	3.7072045	7.2697275	18.1879083	27.619306	37.3194774	29.8827712	7.2621723	8.9696049	4.1419569	10.4064215	15.04374793	19.4642954	8.5872122	5.452683	12.0842471	7.4642815	16.3197966	23.0366305	14.9971177	15.7135452	9.9219709	38.9721809	36.7556298	43.2680951	71.7635394	60.961189	19.8884374
K00689	dextransucrase [EC:2.4.1.5]	0.0369473	0.208761	0	0	0	0	0	0	0	0.931538	0.081769	0	0	0	0	0.0878983	0	0.0532625	0	0.235592	0	0	0	0	0.0344361	0	0.2209048	0	0	0	1.09333	0.540807	0	0	0.0628945	0.492059	0	0	0	0	0.0794091	0.5766856
K00690	sucrose phosphorylase [EC:2.4.1.7]	16.39358	42.962254	21.2371223	17.4109738	119.749852	62.8464769	37.322341	35.117049	36.111074	19.557592	4.6292149	2.3321891	25.97954	2.7987639	0.4055262	1.966314	4.683521	22.3297933	23.442722	39.3281876	8.09727	28.9651317	72.9083222	3.5291773	0.826801	36.4056776	37.5379257	7.733564	0.0647448	1.8715536	40.5747992	24.6350269	23.6048618	2.0435208	25.8274911	3.6760927	56.1387962	25.21942	16.9754304	16.062154	34.655013	15.4421119
K00691	maltose phosphorylase [EC:2.4.1.8]	0.9905834	0.67336	0.5106082	0.1419755	0.2696352	0.6063315	0.2366375	0.1288361	0	1.5534167	0.273596	0.607022	0.501431	0	0	1.170169	0	0.146563	0	0.685956	0	1.613112	2.631434	0.330611	0.730733	0.60884	1.8743424	0	0	0.8437991	1.0957017	1.022827	0.508019	0.1798048	0	1.4156425	0	0.149523	0	0	0.0726639	6.010545
K00692	levansucrase [EC:2.4.1.10]	0	0	0	0	0	0	0.0415242	0.0891609	0.104941	0.777023	0	0	0	0	0	0.138456	0	0	0	0	0	0.0518888	0.0498367	0.1395613	0.0410369	0	0	0	0	0	0.054843	0	0	0	0	0.0363716	0	0	0	0	0	0.302541
K00694	cellulose synthase (UDP-forming) [EC:2.4.1.12]	0	0.434104	1.5334822	0	0	0.00828022	0.164839	0.00715712	0	0	1.23469	0	0.1961733	0.0542677	5.05579	0.244006	0.0170715	0.0844115	0	0	0	0.0075124	0.0963901	0.0493803	0	0	0.0991906	0.0219586	3.4189	0.0635344	1.700586	0.587948	2.2842453	0.132554	0	0.3477499	0	0.110295	0	0	0	2.3945886
K00697	trehalose 6-phosphate synthase [EC:2.4.1.15]	0	0.25782687	3.383167	0	0	0.2505195	1.4183289	0.0139058	0	0.33626146	0.58102437	0.02241706	3.01865	2.05718	11.0555	0.38885	0.388116	0	0	0.0602181	0	0	0.0782195	0	0	0	0.0877102	0.1519333	2.92182	0.01630555	0.292822	0	4.45478	0.4573388	0.413826	1.0396622	0	0	0	0	0	0.2974524
K00699	glucuronosyltransferase [EC:2.4.1.17]	0	0	0	0	0	0	0	0	0	0	0	0	0	0	0	0.1894818	0	0	0	0	0	0	0	0	0	0	0	0	0	0	0	0	0	0	0	0	0	0	0	0	0	0
K00700	1,4-alpha-glucan branching enzyme [EC:2.4.1.18]	30.2259973	44.154419	40.7771825	18.680505	92.3074172	56.4470922	51.8557889	47.2644331	53.9835731	39.4627326	26.3503765	13.451838	34.9974233	11.5029416	1.3811666	11.8079745	17.5368413	32.732798	59.497959	39.2646308	31.5954327	66.4465678	119.3601296	25.9205963	21.3899843	42.980969	40.3865654	23.116586	12.253619	11.7793417	52.8911203	32.8364395	43.714546	19.7764891	35.8398277	17.012913	59.0274981	36.9148602	22.4211302	33.0848581	51.905232	40.1871147
K00701	cyclomaltodextrin glucanotransferase	0	0	0	0	0	0	0	0	0	0	0	0	0	0	0	0	0	0	0	0	0	0	0	0	0	0	0	0	0	0	0	0	0	0	0.277928	0	0	0	0	0	0	0
K00702	cellobiose phosphorylase [EC:2.4.1.20]	2.7022733	4.227221	1.6152375	5.44101	2.5140989	5.31897	2.091297	8.5656807	5.5400973	0.5834253	2.673471	1.099204	4.4523448	7.3894795	0.7856273	4.676818	2.965152	15.322043	10.096082	1.74698	2.20275	2.576123	2.4778693	4.5275231	5.3660018	12.580462	2.7430123	0.582939	0	6.2318483	0.4256334	0.93226	1.07004	1.0880753	4.926017	1.986947	1.304844	0.9631326	3.499899	6.7469171	2.063914	3.422728
K00703	starch synthase [EC:2.4.1.21]	4.1078926	5.4649382	12.8479506	6.6602201	4.317578	1.97602	12.6715326	9.6000317	8.4161966	16.6159134	18.5155616	3.9205168	13.2787503	7.7655812	13.7712359	9.2462866	13.8058228	7.4962396	10.23037	9.067891	11.7050014	11.0003298	8.1476222	3.4658067	2.2283418	15.700258	8.3375812	4.7636899	7.5321601	8.8192848	29.8031763	6.9903592	15.5559345	6.1091723	9.8808503	12.6157461	4.9494761	10.1599184	11.250938	7.749218	13.1406319	13.6307516
K00705	4-alpha-glucanotransferase [EC:2.4.1.25]	83.3700718	89.3830979	36.5533273	82.6108924	133.492611	59.1804885	47.1598861	61.1786774	48.5824517	31.1588418	55.882162	16.8777062	61.1640078	21.7902887	6.9632122	25.9130481	54.5935234	29.8504585	50.9939848	85.0916272	83.950027	58.1865462	86.2719076	29.0986598	21.4234496	79.3954781	80.2147708	40.6667235	4.181236	36.5088916	95.6327008	60.4269775	44.9660411	50.2546256	53.2884174	24.3289293	72.2671299	63.2025137	110.5185318	98.6097809	71.8443658	42.3761893
K00710	polypeptide N-acetylgalactosaminyltransferase [EC:2.4.1.41]	0	0	0	0	0	0	0	0	0	0	0	0	0	0	0	0.0787939	0	0	0	0	0	0	0	0	0	0	0	0	0	0	0	0	0	0	0	0	0	0	0	0	0	0
K00712	poly(glycerol-phosphate) alpha-glucosyltransferase	0	0	0.322456	0.3102546	0.6044221	0	5.93096	0	0	0	0	0	0	0.2431775	0	0.693605	0	0.0709148	0.24879	0.351855	0	1.864268	2.708943	0	0.371595	0	0.4302604	0	0	0.398235	0.1131353	0.0914167	12.33909	0	0.290002	0.5879065	0	0	0	0	0	1.9457724
K00716	galactoside 3(4)-fucosyltransferase 3 [EC:2.4.1.65]	0	0	0	0	0	0	0	0	0	0	0	0	0	0	0	0.0710123	0	0	0	0	0	0	0	0	0	0	0	0	0.0269744	0	0	0	0	0	0	0	0	0	0	0	0	0
K00718	galactoside 2-L-fucosyltransferase 1/2 [EC:2.4.1.69]	0	0	0	0	0	0	0	0	0	0	0	0	0	0	0	0.0140495	0	0	0	0	0	0	0	0	0	0	0	0	0	0	0	0	0	0	0	0	0	0	0	0	0	0
K00719	galactosylgalactosylglucosylceramide beta-D-acetylgalactosaminyltransferase [EC:2.4.1.79]	0	0	0	0	0	0	0	0	0	0	0	0	0	0	0	0.0468825	0	0	0	0	0	0	0	0	0	0	0	0	0	0	0	0	0	0	0	0	0	0	0	0	0	0
K00720	ceramide glucosyltransferase [EC:2.4.1.80]	0	0	0.0377078	0.0694301	0.0661957	0	0.0590282	0	0	0.0760173	0.0527035	0	0	0.0570784	0.118906	0	0	0	0.0405402	0.0689753	0	0	0	0	0	0.044693	0	0	0	0	0	0	0	0.0417672	0	0	0	0	0	0	0.0490708	0
K00721	dolichol-phosphate mannosyltransferase [EC:2.4.1.83]	0.0851395	0	0	0	0.0623506	0.265721	2.4962392	1.641239	0.115357	2.04433	2.11172	0.112102	4.581019	0.848861	0.326969	13.4077284	0.475545	0.274988	0	0.7169343	0.680079	2.2953814	0.943742	0.7601754	0.6393132	3.73092	1.04652	19.1389	0.116271	3.181688	0.7210985	0.97914	3.06657	3.94372	3.6707	0.0587223	3.377413	4.419815	5.78647	1.100781	0	0.0578707
K00726	alpha-1,3-mannosyl-glycoprotein beta-1,2-N-acetylglucosaminyltransferase [EC:2.4.1.101]	0	0	0	0	0	0	0	0	0	0	0	0	0	0	0	0.0447216	0	0	0	0	0	0	0	0	0	0	0	0	0	0	0	0	0	0	0	0	0	0	0	0	0	0
K00727	beta-1,3-galactosyl-O-glycosyl-glycoprotein beta-1,6-N-acetylglucosaminyltransferase [EC:2.4.1.102]	0	0	0	0	0	0	0	0	0	0	0	0	0	0	0	0.0824163	0	0	0	0	0	0	0	0	0	0	0	0	0	0	0	0	0	0	0	0	0	0	0	0	0	0
K00728	dolichyl-phosphate-mannose-protein mannosyltransferase [EC:2.4.1.109]	0.18954	0.0435087	0	0	0	0	0	0	0	0	0	0.24282	0.170634	0	0.0225597	0	0	0	0	0.0501	0	0.411281	0.760405	0.231184	0.0345676	0	0.170788	0	0	0.133248	0.08136	0.0383066	0.113345	0	0	0.0502324	0	0	0.281591	0.25868	0	0.177604
K00734	galactosylxylosylprotein 3-beta-galactosyltransferase [EC:2.4.1.134]	0	0	0	0	0	0	0	0	0	0	0	0.0358439	0	0	0	0	0	0	0	0	0	0	0	0	0	0	0	0	0	0	0	0	0	0	0	0	0	0	0	0	0	0
K00736	alpha-1,6-mannosyl-glycoprotein beta-1,2-N-acetylglucosaminyltransferase [EC:2.4.1.143]	0	0	0	0	0	0	0	0	0	0	0	0.0455421	0	0	0	0	0	0	0	0	0	0	0	0	0	0	0	0	0	0	0	0	0	0	0	0	0	0	0	0	0	0
K00737	beta-1,4-mannosyl-glycoprotein beta-1,4-N-acetylglucosaminyltransferase [EC:2.4.1.144]	0	0	0.073112	0	0	0	0	0	0	0	0	0	0	0	0	0.227986	0	0	0	0	0	0	0	0	0	0	0	0	0	0	0	0	0	0	0	0	0	0	0	0	0	0
K00739	acetylgalactosaminyl-O-glycosyl-glycoprotein beta-1,3-N-acetylglucosaminyltransferase [EC:2.4.1.147]	0	0	0	0	0	0	0	0	0	0	0	0	0	0	0	0.0521726	0	0	0	0	0	0	0	0	0	0	0	0	0	0	0	0	0	0	0	0	0	0	0	0	0	0
K00741	N-acetyllactosaminide beta-1,3-N-acetylglucosaminyltransferase [EC:2.4.1.149]	0	0	0	0	0	0	0	0	0	0	0	0.025758	0	0	0	0.038752	0	0	0	0	0	0	0	0	0	0	0	0	0	0	0	0	0	0	0	0	0	0	0	0	0	0
K00742	N-acetyllactosaminide beta-1,6-N-acetylglucosaminyltransferase [EC:2.4.1.150]	0	0	0	0	0	0	0	0	0	0	0	0	0	0	0	0.0535569	0	0	0	0	0	0	0	0	0	0	0	0	0	0	0	0	0	0	0	0	0	0	0	0	0	0
K00747	chondroitin polymerizing factor [EC:2.4.1.175 2.4.1.226]	0	0	0	0	0	0	0	0	0	0	0	0	0	0	0	0.06029	0	0	0	0	0	0	0	0	0	0	0	0	0	0	0	0	0	0	0	0	0	0	0	0	0	0
K00748	lipid-A-disaccharide synthase [EC:2.4.1.182]	0.0617373	0.715129	5.0019076	0	0	0.497824	6.0401182	2.0249908	0.148566	3.338254	9.756438	1.969852	6.178884	4.2968156	1.156187	14.8174418	1.1295735	1.1900298	0.5967928	1.307526	0.719476	2.694934	2.4163657	0.7147077	1.527689	4.1750326	1.2253053	24.752189	9.2178772	6.6564031	1.094019	1.0401324	20.393829	6.0371735	3.8682582	0.7773303	3.6600311	5.3522507	5.41625	0.8480668	0	2.250275
K00752	hyaluronan synthase	0	0	0	0	0	0	0	0	0	0	0	0	0	0	0	0.1406604	0	0	0	0	0	0	0	0	0	0	0	0	0	0	0	0	0	0	0	0	0	0	0	0	0	0
K00754	NO_NAME	0	0	0	0	0	0	0	0	0	0	0	0	0	0	0	0	0	0	0	0	0	0	0	0	0	0	0	0	0	0	0	0	0	0	0	0	0	0	0	0.0980823	0	0
K00756	pyrimidine-nucleoside phosphorylase [EC:2.4.2.2]	0.090574	0	1.1133149	0.5929194	1.6870993	0.163658	0.422751	1.525249	1.0865884	32.22319	23.80537	0.378525	0.736862	1.7381904	0.864957	0.812149	0.4808873	4.3355828	4.258909	6.4202263	0.1914204	1.2175731	1.4489927	2.0164225	0.302054	0.98695	0.137265	0.2763153	0	1.0944962	1.0634002	0.5432244	6.484196	1.745605	2.984572	2.4830696	0.1654295	0	0	0.4060096	1.459062	5.3953251
K00757	uridine phosphorylase [EC:2.4.2.3]	4.6713924	5.4476184	3.8764775	29.8026079	12.8818761	8.3510797	16.7633909	12.8277784	15.9843742	4.42647	7.341283	1.8075256	9.4136766	4.7657526	1.9136247	3.323526	10.1787573	7.808889	13.349232	6.6886824	5.8774407	11.2245223	13.0339808	15.0570181	4.604628	20.765154	23.416565	1.6434149	4.59795	9.9057062	1.9076882	7.8224481	9.8491145	20.056465	7.492845	3.2215297	3.4602595	2.929436	12.4826296	26.4734118	10.2201337	6.0983828
K00758	thymidine phosphorylase [EC:2.4.2.4]	0	0.254292	2.45156	0	0	0.221762	3.3046132	0	0	0.572227	0	0	3.61961	4.78331	3.08376	0.173594	0.235399	0	0	0	0	0	0.195891	0.0590324	0	0	0.12466	0.0568754	1.7961	0	0.5808215	0	4.725348	1.80832	0.125357	0.590525	0	0	0	0	0	2.22233
K00759	adenine phosphoribosyltransferase [EC:2.4.2.7]	12.8048384	38.6118584	32.2951196	13.1169158	72.274339	20.8609505	30.384403	33.3892472	35.425607	70.3266607	45.859923	46.9777973	36.0910961	23.8791763	33.9410405	32.5004613	7.8342661	21.0080845	28.5585113	21.7195014	10.0220708	58.7420604	99.9481584	28.7992131	4.7430832	29.3976229	25.6301755	61.961253	97.2738076	17.5806844	33.8136827	17.5115731	24.6904312	14.0584606	26.6875054	16.2914861	26.3681469	15.0300701	5.0981022	15.090605	14.074072	27.7415408
K00760	hypoxanthine phosphoribosyltransferase [EC:2.4.2.8]	13.0396156	17.0052537	17.8342516	46.225929	28.4788464	2.800169	14.2192819	16.558922	12.4094011	62.3241921	47.8938546	46.58714	39.4140324	16.3616145	23.4621706	30.4250176	29.9593455	8.7866768	8.9602602	44.877579	19.0189952	33.3988994	27.7648419	24.720118	3.4017983	17.8505144	31.3812812	31.3967448	96.21751	24.0070583	80.9075018	26.7245218	29.3248968	11.9031734	45.212263	17.2385615	27.9725289	24.4691465	61.9375099	24.0503096	5.0460368	40.3853103
K00761	uracil phosphoribosyltransferase [EC:2.4.2.9]	17.8259931	57.9354626	38.3703471	80.3741513	147.1000649	91.5515094	97.9657439	58.1047989	67.3334176	81.1318326	75.8167938	8.3585558	48.016012	50.2757539	33.6280076	20.8202452	54.43748	50.1466664	53.3797283	94.4566775	105.330508	47.067664	79.9292236	82.2458277	42.7575813	73.668793	116.071056	38.5912505	12.8226936	25.4205594	84.532067	83.8853473	84.8349213	73.3876318	61.5295773	38.2020572	76.9393369	37.9084403	31.9867594	54.6779137	66.1213989	43.0795398
K00762	orotate phosphoribosyltransferase [EC:2.4.2.10]	31.5076254	35.276913	30.8246462	73.1589397	77.388961	29.8958923	41.7265807	60.1700892	48.1536836	88.0202031	67.9405	34.2855794	65.8827011	23.5918302	30.2282607	46.814336	49.0365658	28.9131948	36.4637707	53.465776	31.3654175	46.7982923	55.5748105	31.4496415	14.1553963	52.587207	49.1647614	70.559453	57.8286637	48.5775901	82.8862516	39.1422139	51.2575318	26.3207526	58.9164204	29.7418416	56.7467532	39.6401278	75.2607161	47.3221522	18.6542643	51.6630102
K00763	nicotinate phosphoribosyltransferase [EC:6.3.4.21]	3.4784447	3.0183999	11.0857138	3.913583	11.8856655	3.5758366	13.4800397	19.458547	24.5612049	53.048226	32.5092701	2.9383082	25.380265	6.5461952	11.4059509	9.4231642	5.2392474	14.5602934	27.5356977	13.7655698	7.0070986	20.1236166	17.0287012	22.1902705	1.7530423	12.962385	2.3878784	4.4199931	4.3033135	7.5183109	84.8905099	17.7404095	33.3279869	5.0546719	17.6398576	6.9703021	13.2036628	9.6223306	3.678405	13.8102717	15.8199099	45.3318977
K00764	amidophosphoribosyltransferase [EC:2.4.2.14]	52.2448128	33.5113498	15.9064427	26.8085671	18.7560499	17.5394371	23.1082567	25.2889969	16.3017586	38.1811581	24.6740597	45.281657	21.3888119	19.5862054	10.6310292	28.1461985	18.8698981	14.702406	21.8267172	42.70132	30.9315116	21.4353533	14.9480174	20.0725244	34.384623	31.9654807	25.5635301	32.9088219	81.7431249	22.8609639	8.5286745	11.0778708	50.8891874	35.9207763	13.4758871	6.6162007	40.6594883	50.8872107	63.5713234	73.1992525	76.9962219	27.4719118
K00765	ATP phosphoribosyltransferase [EC:2.4.2.17]	42.9572948	58.3489048	27.8476935	21.7974601	86.6736366	52.423185	37.7313248	28.2730211	23.6439082	51.6629509	35.8062672	44.2845595	35.039846	12.7827118	28.8248529	35.2802523	18.4170928	19.547505	14.2568486	62.2213835	35.118445	62.9531576	114.6030153	23.2010831	26.647659	43.1357472	47.0954767	46.6699551	66.1648546	26.9647125	28.5388548	24.2149485	56.700313	23.3924743	19.9327926	10.9756711	52.7885948	47.0805362	64.4707335	64.0513262	64.6840181	22.5537289
K00766	anthranilate phosphoribosyltransferase [EC:2.4.2.18]	14.2025985	37.4920531	25.5956878	15.0472017	80.5464815	45.7431983	36.1618647	39.4991458	35.2168188	71.717522	40.6384801	20.632433	36.815293	5.3709626	1.3108632	25.7722475	10.6927201	20.8400955	28.2142517	40.2321813	7.7545113	64.9182639	118.3091237	24.0216325	3.852481	31.214812	28.4248989	48.3818766	50.4826675	14.6291127	29.4252913	21.2727121	35.8024171	8.9987569	26.251023	7.5854514	57.0012163	25.0944839	21.4615328	17.593327	34.7912726	28.3189176
K00767	nicotinate-nucleotide pyrophosphorylase (carboxylating) [EC:2.4.2.19]	58.4395782	33.9177964	17.3550042	17.8452646	32.4917769	45.2824211	33.2860312	19.5958059	18.6557806	19.5458113	14.5378684	30.0303032	33.4932771	9.4247665	16.7912984	31.0817328	12.110337	16.8198552	14.517339	50.903253	46.2313516	29.731906	22.3685823	6.082968	36.0813734	34.668875	36.1102775	49.4850058	64.3793759	22.4734524	10.1762549	20.934631	47.605744	27.5396662	14.9712833	9.0563539	42.0631472	46.782319	63.268816	83.5588458	88.9576076	25.7973467
K00768	nicotinate-nucleotide--dimethylbenzimidazole phosphoribosyltransferase [EC:2.4.2.21]	2.0865106	3.46028	3.8689426	0.998741	0.0463555	1.9260473	4.2724342	3.7668298	2.1516033	5.127574	5.6712414	21.622154	5.1686693	2.5177632	0.3534852	19.6268558	3.2808788	4.2736546	3.6651772	2.872332	2.2060717	8.5314168	3.3552893	1.814541	1.1201714	8.5229161	1.497753	33.965631	55.2965498	4.4021261	1.912327	2.7425723	14.5379672	4.5702605	5.460509	2.6166938	3.3937513	7.5207836	8.6525188	2.5665801	2.231447	1.5648079
K00769	xanthine phosphoribosyltransferase [EC:2.4.2.22]	0	0.0877567	5.79236	0	0	0.271559	3.114652	0	0	1.369805	0.658298	0	9.64978	4.34034	5.15634	1.08875	0.297867	0	0	0	0	0	0.185907	0	0	0	0	0.2025593	0.632153	0	0.884084	0	5.6255416	1.88708	0.755794	0.837262	0	0	0	0	0	2.083163
K00772	5'-methylthioadenosine phosphorylase [EC:2.4.2.28]	0	0	0.28144	0	0	0	0	1.36853	0	0	0	0	0	0	0	0.3093811	0.571496	0	0	0	0	0.0397412	0	0	0	0	0	0	2.05502	2.5307083	0	0.050153	0	0	0.3141524	0	0	0	2.26415	0	0	0.262437
K00773	queuine tRNA-ribosyltransferase	57.5735211	93.161979	40.8867906	75.9561983	181.8125249	80.8104318	57.4828721	36.8491312	43.2882559	79.9461979	70.2501793	11.0221982	53.3299756	39.9046828	6.8413808	13.9502016	38.4086761	32.6884283	28.0729597	118.131081	58.0453238	93.9890362	171.3436493	43.2661941	32.5162871	71.038149	111.6965097	14.6445833	13.581732	30.3614983	116.8735448	47.6529277	78.248899	33.5195678	68.6952554	43.9807785	96.758932	77.1015367	118.3820846	107.7354301	105.8434832	53.8828452
K00775	NAD(P)-arginine ADP-ribosyltransferase	0	0	0	0	0	0	0	0	0	0	0	0	0	0	0	0.0238593	0	0	0	0	0	0	0	0	0	0	0	0	0	0	0	0	0	0	0	0	0	0	0	0	0	0
K00780	beta-galactoside alpha-2,3-sialyltransferase (sialyltransferase 4A) [EC:2.4.99.4]	0	0	0	0	0	0	0	0	0	0	0	0	0	0	0	0.0455791	0	0	0	0	0	0	0	0	0	0	0	0	0	0	0	0	0	0	0	0	0	0	0	0	0	0
K00782	hypothetical protein	0.515997	0.0627704	1.7946247	0.3911239	0	0.2061023	1.9698642	0.598566	0.118518	2.4680206	3.0694788	1.8749265	7.21195	1.770806	9.7663	14.9957123	1.4071147	0.577711	1.9158466	0.8018725	0.9564207	1.8339749	1.1460368	0.4781919	1.42682	3.731482	1.0280912	22.66068	6.0106871	2.957904	0.7872073	0.6574941	3.1071585	3.5637225	0.2269186	0.3787864	2.82608	1.106413	0.3664292	0.1368177	0.1548722	1.0671917
K00783	hypothetical protein	41.1451976	47.808434	29.0065659	22.8968498	86.7086465	35.2383935	34.2253198	29.0013907	25.633254	86.8944337	76.3513627	73.6128877	63.3545451	47.7569449	18.7940763	50.2968358	23.1140477	19.045979	16.4616625	36.7532537	45.903463	43.8492961	69.4507431	35.8202133	13.7136819	42.3601329	39.0224006	54.7099753	68.1048236	30.6676292	56.036573	37.5248512	54.9868794	44.7066622	27.6763075	28.3110629	20.8650356	45.7067903	20.0431895	14.7995785	27.4660354	35.7093278
K00784	ribonuclease Z [EC:3.1.26.11]	93.2917693	63.2548152	28.79236	37.3696392	56.2240323	52.1679529	62.9007388	41.0838587	51.0183137	87.1318311	57.463434	23.3541324	29.89743	16.0876144	11.9296759	28.5111827	14.047782	38.4220388	46.885487	107.856821	77.9801374	45.9845549	69.1127184	43.8842852	36.3733658	39.8549204	46.580584	49.4889415	61.2609552	26.8725211	30.0430798	31.6114128	63.1263846	46.5413028	38.3292186	17.1302557	79.3805737	97.3859308	122.8294707	174.3724652	161.6158237	45.172961
K00786	NO_NAME	1.32241	0.978035	1.26773	0	0	0	0.573947	0.153861	0	0.745168	2.31835	0	0.268675	0	0	3.83182	0	0.257636	2.06648	0	0	0.313144	0.0859314	0.195853	0.452087	0.370329	0	0.0490096	0	1.81972	0	0.267045	1.51035	1.31261	0.0901773	0	0.52506	0.73587	0	0	0.416032	1.968041
K00788	thiamine-phosphate pyrophosphorylase [EC:2.5.1.3]	82.2075579	53.4984063	23.2349322	40.8847788	35.1576016	36.7539049	56.8841457	41.2816133	35.966994	30.043928	59.8761118	41.6468746	32.0657724	39.1305191	39.9269445	42.57935	53.430841	19.774485	22.7312584	82.6933318	128.6822419	18.6742979	18.9455275	9.0532412	7.5485473	35.7490243	16.3039867	75.3524169	70.8766179	41.2948947	31.9232434	61.3195549	69.5413168	83.8375442	17.1918723	21.1311985	44.4453483	61.0458104	111.5218115	152.6366456	124.001022	10.2744749
K00789	S-adenosylmethionine synthetase [EC:2.5.1.6]	17.6393439	43.5797169	21.0185359	18.6134792	90.5861959	42.3005197	33.1555096	28.8664732	16.2945824	68.0278385	47.3949189	80.8353735	59.1944555	15.790166	21.835433	49.5023154	13.8383451	20.0828421	16.9838259	46.8208096	8.465478	42.4263579	73.8643433	31.9627466	13.6111053	54.9497235	35.54367	56.7407581	67.1229482	34.3504034	54.8394902	23.7901113	54.694178	25.1136349	25.0355594	25.2110914	56.7248088	58.5468402	31.4357955	8.3765886	32.3421512	42.3300731
K00790	UDP-N-acetylglucosamine 1-carboxyvinyltransferase [EC:2.5.1.7]	5.0749735	4.8455174	31.6121185	4.9869891	4.3448911	4.1625113	25.8086712	7.6622172	5.6433086	90.3247233	72.7443682	59.9171872	38.5625524	19.9049926	29.7721035	42.0058061	8.6673612	20.2422086	20.5137577	25.4407454	3.7211074	84.0968041	143.3849792	41.7021184	10.8243293	19.8624694	5.58048	49.7273758	63.111943	23.0575741	7.7368146	5.6715099	37.6923009	21.2319941	19.2315916	15.9230096	10.063809	29.1920033	12.7983154	4.3822405	6.1133094	29.2918386
K00791	tRNA dimethylallyltransferase [EC:2.5.1.75]	54.460043	68.681977	25.0828125	38.3809901	103.4146271	71.0537081	59.8224111	28.3015813	25.48742	68.23962	52.2942334	89.8154392	58.5053453	11.5052164	9.6369831	52.5336705	14.2590454	21.0465389	19.9083453	74.2066185	38.5557967	48.1237693	76.5279658	34.1631769	21.2957398	58.872202	52.1563326	85.4463926	132.2362181	27.1001802	54.6444	31.8563804	75.6160855	37.575088	29.5377346	17.956665	72.1696525	91.0741467	77.2066029	91.378136	85.6905627	25.74726
K00793	riboflavin synthase [EC:2.5.1.9]	36.798219	25.138363	11.6681666	12.8374186	23.19257	17.2579442	25.208555	26.1982412	33.2079446	21.389595	5.9507105	25.0674757	17.846062	12.4553221	27.3721782	6.9550881	5.2423586	14.0357412	22.4537501	34.347616	34.5197479	6.9239507	8.0489617	1.512656	8.4805015	14.1601382	22.11925	14.164977	53.6842081	9.6857571	5.359905	15.4049354	24.6063963	12.045347	14.8048507	2.1674785	35.5339577	37.4176122	46.5723054	75.2834546	61.001853	10.818285
K00794	6,7-dimethyl-8-ribityllumazine synthase [EC:2.5.1.78]	50.2704458	33.0342479	17.7817503	17.2489156	26.406356	19.3771103	42.9943654	34.9999185	38.422836	40.2359361	18.4914607	44.6730936	26.6441276	20.1159426	14.8321008	43.061312	13.4794734	31.022802	38.7677114	43.8914191	55.6712514	16.4297894	12.9983291	4.317186	21.269538	29.3457321	27.0708002	57.5364776	72.0589842	32.024142	7.2166025	17.9180862	51.946223	22.0857905	21.3205675	6.6792919	42.1407347	48.5423942	58.6898168	89.5303258	69.3434719	16.6931205
K00795	farnesyl diphosphate synthase [EC:2.5.1.1 2.5.1.10]	0	0.301298	2.32216	0	0	0.0783177	0.493043	0.0352648	0	0	0.343795	0.0146976	4.66715	1.81085	14.1635	0	0.167549	0.0216664	0	0	0	0.0276968	0.117828	0.0105193	0	0	0.252203	0.12231	2.361473	0.0572138	0.267111	0.0300387	5.5933734	1.65959	0	0.422845	0	0.013288	0	0	0	1.16233
K00796	dihydropteroate synthase [EC:2.5.1.15]	4.8041485	40.7731377	11.4024447	8.4646235	82.6700177	1.9877023	4.627496	11.9229349	10.6775932	7.82852	5.011175	4.3834461	16.1740381	1.7403611	2.2642617	10.149964	4.1400432	7.7587973	2.949351	6.2917589	2.0223126	24.967477	53.8241957	6.6882224	1.940313	31.1892001	29.7139679	20.6937801	6.5794178	6.4722466	9.5172459	4.8912344	11.2519262	6.154	10.430239	3.8946146	3.185843	1.3165805	1.7514501	1.5321078	1.3857703	5.5757222
K00797	spermidine synthase [EC:2.5.1.16]	6.4026814	3.2851712	17.8651882	3.7578313	12.8449629	4.6746162	18.0834622	25.8689437	31.519188	24.0385155	8.3722085	0.6923215	17.298339	8.5829544	4.1498728	4.9131684	7.8491547	22.601549	33.7689989	18.6606762	8.6270519	5.502637	4.4728233	2.919409	2.571232	24.72873	4.3046522	5.5287089	0.408651	4.9315996	4.4494331	11.8633903	30.9316042	21.8956005	16.9814905	4.664325	27.1691593	9.5553863	2.6884269	17.2293492	10.4604428	11.6596898
K00798	cob(I)alamin adenosyltransferase [EC:2.5.1.17]	0.951643	1.033141	0.3486479	0	0	0.1430902	2.1051	2.001445	0.10449	6.281992	2.890491	3.433086	5.3866742	0.840636	0.19456	9.2638288	0.5481554	0.782353	0.5681609	0.889966	0.817856	4.281955	1.432238	1.18854	1.41829	6.568813	1.532762	22.1578	0.101105	3.318518	0.8491098	2.565872	3.397299	4.6958125	2.823343	0	3.548985	4.168124	5.726134	1.2130941	0	0.3886645
K00799	glutathione S-transferase [EC:2.5.1.18]	0	0.7718961	12.8553932	0.0242819	0	0.498002	3.2790267	0.0773352	0	2.1765521	1.428688	0.0546104	15.65649	7.82823	37.96454	0.923349	0.940354	0	0	0	0.0183293	0.0793594	0.2260787	0	0	0.0442209	0.493004	0.4853843	3.291762	0.0401193	0.6250386	0	16.341511	1.791326	0.507994	3.367432	0	0	0	0	0	1.4587406
K00800	3-phosphoshikimate 1-carboxyvinyltransferase [EC:2.5.1.19]	25.190816	40.1072918	39.4199885	23.741022	16.9326081	26.1198947	42.3185917	40.6521292	35.3739028	70.654676	61.0195137	46.4370677	45.0356689	15.4877649	14.6532698	35.9137476	22.9117716	25.3521417	32.3960735	28.941902	31.8318936	61.0390055	103.0607656	46.1586053	7.5945942	35.8831663	22.1602783	50.0175731	51.3479483	31.0513496	21.2374542	33.4011279	32.082976	42.2651642	29.3415677	11.6026749	32.5597775	44.7184137	23.2805583	24.274755	19.0472187	30.4792331
K00803	alkyldihydroxyacetonephosphate synthase [EC:2.5.1.26]	0.307282	0.1708731	0	0	0	0	0	0	0	0	0	0.966847	0.516464	0	0	0	0	0	0	0	0	1.154879	1.302537	0	0	0	0.374113	0	0	0.1558594	0	0	0.155839	0	0	0	0	0	0.443481	0.803665	0	0.0873228
K00805	heptaprenyl diphosphate synthase [EC:2.5.1.30]	7.2691301	11.3026383	9.7429334	11.9910608	13.070442	34.827894	29.214199	11.3361127	15.2143506	4.6082267	9.7318435	0.8347276	10.9051027	30.891519	0.9241348	7.4389971	11.5250493	14.017209	18.963129	11.393083	13.7795685	9.891802	6.243649	29.1653401	19.37563	8.476451	13.4729959	4.1543896	0.0768733	11.100511	10.2832451	16.4737384	13.1375088	12.7515737	19.112909	20.0415926	21.371495	23.541764	13.1806711	27.1223902	12.7848872	28.8226337
K00806	undecaprenyl diphosphate synthase [EC:2.5.1.31]	15.6643308	38.650936	15.5027603	34.7715989	97.5400398	53.9464969	31.8672766	19.705246	16.4275883	46.343218	38.447162	29.2643469	27.7381984	10.2838814	10.2132703	16.4646525	5.830279	11.2902571	8.3528285	43.2996488	4.711883	34.458338	65.2065985	27.6593551	2.0842479	27.7245966	31.015457	14.0680589	73.3567226	12.6173195	33.5688182	17.5690411	48.526806	5.1423899	18.4442109	6.8004894	38.961121	17.266062	16.4990911	7.9658669	33.9278931	24.7393339
K00810	NO_NAME	0	0	0	0	0	0	0	0	0	0	0	0	0	0	0	0.0473884	0	0	0	0	0	0	0	0	0	0	0	0	0	0	0	0	0	0	0	0	0	0	0	0	0	0
K00812	aspartate aminotransferase [EC:2.6.1.1]	0.4509623	0.396447	0.0435393	0.766985	0.0808249	0.417952	3.11887	0.636933	0.157456	1.89621	1.9737036	3.2002405	5.3363562	3.7377274	0.5143856	6.565	1.3569944	0.496803	0.0475883	0.6447009	0.6647791	1.944455	1.9458841	1.135108	0.918073	2.9015683	0.7653606	20.5661	0.1282203	3.2982393	0.5036156	1.2884893	3.1595527	4.202388	0.107706	0.23433	2.82416	1.3631	0.2493077	0.1555804	0	0
K00813	aspartate aminotransferase [EC:2.6.1.1]	0.0672351	0.416781	5.66875	0.0112253	0	0.265629	2.71051	0.0762208	0	0.99743	4.785388	0.016477	4.03968	4.63967	12.0055	0.442239	0.380188	0.5983542	0.373849	0.231617	0	0.0143527	0.24682	0	0	0	0.0568798	1.02341	0.844388	0.0143106	0.384895	0	3.564	1.67965	0.199416	1.39495	0	0	0	0	0	1.26122
K00817	histidinol-phosphate aminotransferase [EC:2.6.1.9]	17.2106922	40.8473647	30.878743	24.5353681	93.2237535	46.6653014	37.9142776	34.9134067	19.9641939	43.9731663	47.9092215	51.1372471	58.8958671	15.3277785	21.9512036	26.9728081	25.79112	17.8406554	13.3506297	45.0455356	26.8659208	79.6273015	138.931438	24.2671738	6.2608182	48.165257	35.5142061	42.0578478	60.9538018	26.7662048	35.4709053	32.8829425	63.6037813	39.6541595	20.6239441	9.36393	42.1137526	41.6961698	31.7610017	12.6287565	28.414623	21.8636492
K00819	ornithine--oxo-acid transaminase [EC:2.6.1.13]	0	0	0.0455216	0	0	0.224074	1.46872	0.235424	0.1548105	1.1938	1.57677	0.147095	2.64121	0.304831	0.110145	4.6386	0.601741	0.303854	0.0489371	0.43611	0.639547	0.794648	0.4268618	0.516683	1.24037	1.60224	0.586107	12.8392	0.0963571	1.46993	0	0.328766	2.06256	2.7000961	0	0	2.2793388	0.711815	0.101398	0.0807911	0.0682722	0
K00820	glucosamine--fructose-6-phosphate aminotransferase (isomerizing) [EC:2.6.1.16]	27.331199	51.2356885	24.6980647	28.3484184	99.5092613	66.3888278	50.3819006	26.6845959	17.9620347	44.8970546	43.5290964	42.510902	37.8045069	23.0652094	41.807482	34.3421173	24.9009715	18.5121812	17.317402	45.0706492	18.1960763	38.1787983	68.5644754	15.4777899	9.7706842	46.7688434	35.6051815	27.1830849	60.187988	20.8867265	47.6580861	34.5396413	56.5934699	48.8711233	21.5269735	14.9508706	50.8113238	28.6456585	26.4482235	6.4984845	27.5771179	23.7300669
K00821	acetylornithine/N-succinyldiaminopimelate aminotransferase [EC:2.6.1.11 2.6.1.17]	46.1749704	40.785653	29.9012915	16.3917707	52.456956	46.1669789	39.5809545	27.5142616	22.102889	15.459267	26.6624448	21.0962134	18.3543138	11.8183348	13.5425541	23.5138817	16.5160545	18.5696919	17.913011	45.9814203	40.6699569	60.758525	113.6144664	15.438315	17.053332	30.1541841	30.4982694	34.9611115	61.6823655	15.4328568	25.5503234	31.4710904	37.5014274	38.8321468	14.0433349	5.563692	45.966355	42.7249776	45.4923989	49.1080366	53.3535645	20.2205971
K00822	beta-alanine--pyruvate transaminase [EC:2.6.1.18]	0	0	0	0	0	0	0	0	0	0	0	0	0	0	0	0	0	0	0	0	0	0	0	0	0	0	0	0	0	0	0	0	19.96067	0	0	0	0	0	0	0	0	0
K00823	4-aminobutyrate aminotransferase [EC:2.6.1.19]	0	0	1.1005	0	0	0.0233845	0.0810391	0.0441915	0	0	0	0.379292	7.086054	2.28182	18.2386	0.156902	0.4870202	0	0	0.617681	0	0.0246308	0.754312	0	0.102015	0	0.2089072	0	0	0.9636	0	0	4.671714	0.204455	0.255475	0.164997	0.137478	0	0	0	0	0.650235
K00824	D-alanine transaminase [EC:2.6.1.21]	0	0	0.172155	0	0	0	0	0	0	0	0	0	0	0	0	0.254405	0	0	0	0.0537931	0	0	0	0.1174204	0	0	0	0	0	0	21.2606	2.69929	0	0	0	0.171941	0	0	0	0	0	4.06155
K00826	branched-chain amino acid aminotransferase [EC:2.6.1.42]	48.0948222	34.226188	22.4903084	22.0961096	20.7466155	29.1927015	31.6473681	12.9150828	14.1364367	30.6003817	29.8039735	1.275009	11.3600188	10.2374263	2.8626014	15.7548063	10.4324819	21.0451517	25.6431016	39.4293911	32.3624091	10.5043032	9.572631	16.1725687	17.858313	20.02831	41.7084322	59.8704997	4.36487	16.9989786	6.5985678	17.1585867	37.017387	18.1860064	14.381173	3.9380833	36.9874419	34.8532023	50.383366	78.6560863	62.3174727	10.8417076
K00830	alanine-glyoxylate transaminase / serine-glyoxylate transaminase / serine-pyruvate transaminase [EC:2.6.1.44 2.6.1.45 2.6.1.51]	0	0	0	0.421374	0	0	0	0	0	0	0	0	0	0	0	0.956118	0.235306	0	0	0	0	0.319415	0.068174	0	0	0	0	0	0	1.154924	0.245854	0	0	0	0.0538919	0	0	0	0	0	0	0
K00831	phosphoserine aminotransferase [EC:2.6.1.52]	14.2360668	45.6014083	35.0959507	18.5971899	105.735745	38.784661	30.4829461	16.1205974	14.311092	43.5556417	33.4010222	30.01531	28.164184	7.5913283	14.786666	30.7592812	5.469587	18.0877462	9.9963989	43.6079049	5.4532049	76.5281823	150.9536164	19.9915088	9.1012275	40.4187662	36.2879428	37.4305616	61.6743192	10.3050386	37.0674314	16.097801	46.0667002	11.7476542	23.0094176	7.9139786	39.3473655	22.3571871	22.3041509	4.2950836	27.9856214	16.9404681
K00832	aromatic-amino-acid transaminase [EC:2.6.1.57]	0	0.502163	3.092	0	0	0.0273387	0.720176	0.2968043	0	0	0.0369205	0	2.05672	3.08151	16.0866	0.155748	0.751281	0	0	0	0	0	0.164641	0.0375852	0	0.344106	0.0988681	0	0	0	0.4980913	0	27.55409	2.0129027	0.469724	2.7490355	0	0	0	0	0	1.63506
K00833	adenosylmethionine---8-amino-7-oxononanoate aminotransferase [EC:2.6.1.62]	0.771949	2.4904526	4.718121	0.281106	0	1.7741503	7.379466	7.925877	4.2744184	4.1757759	17.0165806	21.8990332	7.3895366	8.3828816	7.27182	16.1660306	13.9408556	4.882514	5.3484653	6.293459	20.311383	3.9160102	1.569668	1.01169	1.252175	4.431041	0.2136847	18.201558	55.7537499	3.4450961	9.832848	20.2147344	18.4345608	20.1828381	7.9693755	1.420197	1.0070602	7.0407284	9.0906325	1.4703823	0.940524	2.6372161
K00835	valine--pyruvate aminotransferase [EC:2.6.1.66]	0	0.123146	0.955352	0	0	0.303287	2.61694	0.0167806	0	0.0181816	0.2201971	0.018709	1.77828	3.26594	5.01442	0	0.275122	0	0	0	0	0	0.166691	0	0	0	0.140158	0.0362976	0.262599	0.0168838	0.297477	0	4.555021	1.92208	0	1.24731	0	0	0.0121596	0	0	1.69332
K00836	diaminobutyrate-2-oxoglutarate transaminase [EC:2.6.1.76]	0.304907	0.232406	0.639536	0	0	1.05564	0.973931	0.331923	0.198618	0.422501	1.773605	0	0.349702	0.155893	0	0.902401	1.42837	0.4625	0.205298	0.988436	1.13207	1.31814	1.16804	0.181735	0.639839	0	0	0	0	0.779545	0.844547	0.686945	0	0	0.691019	0	0	0	1.27242	1.20853	0.766163	0
K00839	(S)-ureidoglycine-glyoxylate aminotransferase [EC:2.6.1.-]	0	0	0	0	0	0	0	0	0	0	0	0	0	0	0	0	0	0	0	0	0	0	0	0	0	0	0	0	0	0	0	0	0	0	0	0	0	0	0	0.0794738	0	0
K00840	succinylornithine aminotransferase [EC:2.6.1.81]	0	0.270071	2.661245	0	0	0.1152238	0.637184	0.0142075	0	0.00981144	0.279616	0.0346291	2.55715	4.14516	8.7878911	0.100749	0.3366975	0.01770232	0	0.0244791	0	0	0.1613976	0	0	0	0.1913568	0.163517	0.527616	0.0233348	0.2821751	0	19.7538811	1.1443755	0.135305	0.638973	0	0	0	0	0	1.883726
K00841	aminotransferase [EC:2.6.1.-]	0.0810853	0.180779	0.7550313	0.2763648	0.238021	0.721305	0.175271	0.0597999	0.159287	16.458283	8.951851	0	0	0.533929	0.134454	0.6626593	0	0.4390342	4.803046	4.0346137	0.0845068	1.18878	1.1331343	5.016105	0.7203508	0	0.730526	0.0969692	0	0.1109929	0.5202171	1.0247506	6.1971292	0.506429	1.1079099	6.7379453	0.1801319	0	0.0984742	0.0602131	0.338242	4.09482
K00844	hexokinase [EC:2.7.1.1]	0.0884567	0.164344	0	0	0	0	0	0.676599	0	0	0	0	0.0646456	0	0	0.186333	0.43132	0	0	0	0	0.266318	0.269996	0	0	0.60406	0	0	0	0	0.526345	0	0	0	0	0.818185	0	0	0.0953409	0	0	0
K00845	glucokinase [EC:2.7.1.2]	58.0940111	46.02013	23.9434915	72.3338782	60.1929712	25.1921199	21.9199475	28.9919664	25.5275605	18.0272615	17.3440078	42.9366502	43.8420435	27.412311	13.425719	20.0476583	33.369259	20.3770573	22.0164061	69.2139847	50.7294559	71.1856431	95.9350036	9.4163241	17.0235452	30.05067	36.2168632	38.4007045	100.498295	27.3370145	77.0499218	30.4578025	68.002034	29.1269475	37.321158	18.4367486	66.5362396	80.1270362	124.0705244	165.5098089	77.7274747	44.5381053
K00847	fructokinase [EC:2.7.1.4]	46.4614673	41.7694072	18.3980827	52.9884629	79.7541703	43.8968927	35.441232	22.9494879	24.8102947	57.0870488	45.361459	31.9609752	66.7057191	11.435198	9.4679491	15.3724107	26.7939582	30.5160733	25.1150996	90.535092	48.3633039	44.2678548	57.7617604	41.5008877	24.2150645	42.6182708	48.2507328	27.3659263	0.197708	20.2845358	82.073009	31.6223678	45.2181292	25.6541336	38.6167355	17.9812597	77.2029097	78.1099752	107.1174	89.0347694	94.7089525	42.0021642
K00848	rhamnulokinase [EC:2.7.1.5]	0.4406629	3.5388363	5.4954297	1.315363	0.0904723	1.0473398	4.514045	2.3379424	0.4711321	6.4579128	1.7975959	5.603891	5.8326041	2.2096382	14.3319399	14.613326	0.927884	1.0442196	2.38819	0.85169	0.3751982	3.0107075	2.8952669	0.1105782	2.657417	16.189622	28.3824613	15.248192	11.231932	4.293366	35.5186339	4.053208	9.274909	3.7755999	15.3586417	0.9763762	0.0824684	4.6883161	0.2380615	0.0667725	0.6800551	2.8449222
K00849	galactokinase [EC:2.7.1.6]	41.9276611	29.6338926	17.7842257	12.2820757	16.7664012	14.553701	20.7610448	10.4440962	9.996112	57.1966003	43.5369271	6.682482	11.8469627	13.5437325	3.796229	17.6857107	5.566421	11.5166648	14.797612	39.8186867	22.854776	36.5818142	66.2752126	28.1016585	14.0368374	20.136297	21.1296932	7.5879286	3.232624	16.5404119	27.4798585	10.2702945	31.4085077	17.7898031	9.4355301	8.8208604	22.4239229	33.9453167	42.36479135	59.7646184	53.116129	30.9356583
K00850	6-phosphofructokinase 1 [EC:2.7.1.11]	11.6210018	7.4575847	15.6594085	5.6048639	8.4624545	7.1753892	26.8543346	23.7357034	28.7999493	85.892714	57.84705	55.0111004	33.835993	37.27514	17.7815784	49.4948694	10.5886243	18.26880338	27.8834428	20.340125	15.0312151	20.1853271	9.8882212	19.2487475	15.9251049	21.515715	6.944495	71.6164773	73.4940528	24.746789	23.3475478	16.5898995	26.879074	20.985269	23.597347	11.8968543	21.9622821	19.5130066	10.9448897	18.0023572	14.9815747	24.5723172
K00851	gluconokinase [EC:2.7.1.12]	17.5601984	1.5941143	8.4064601	1.6518119	2.4103287	34.8215153	17.072591	6.3787396	0.560765	2.075953	1.31849	0.339341	2.041563	0.18453	2.20207	0.23237	0.930983	1.4692453	1.485726	2.8893628	0	4.828128	6.3034945	0.6125243	0.904266	2.35776	4.3511048	4.958383	8.74302	1.3920255	6.4055936	5.617274	11.571666	1.353522	1.020036	4.175631	13.4511	6.0468553	0	0	1.18247	6.4800053
K00852	ribokinase [EC:2.7.1.15]	0.8073205	3.584677	6.0134129	9.559592	5.9842416	5.8368944	10.8937384	11.5671037	2.8854631	0.3233658	1.3590735	2.135313	4.5736812	3.8080474	10.7860742	10.2060645	2.9345536	0.689193	1.610403	3.730089	2.026618	4.8222384	6.6787479	8.1977594	1.6681998	1.2668149	4.0925125	0.3879069	0.563467	9.1698921	2.5515441	1.9876236	19.785654	2.3069218	1.0164691	3.206343	0.6763839	4.237094	2.7945674	4.63069	0.6510975	5.7749526
K00853	L-ribulokinase [EC:2.7.1.16]	0.207111	0.631864	4.636437	2.880008	1.0796154	0.2247287	2.9069024	0.1032221	0.102187	0.2002784	0.670637	2.5785211	2.957625	5.3196668	10.518166	0.363212	1.022882	0	0	0	0	0.5585761	1.480458	0.0373758	0.0559919	0.8967	2.00218	0.03553	0.566567	0.078867	0.642098	0.927782	8.8143236	2.179595	0.321589	1.88158	0.0159927	0	0.0541923	1.01326	0	1.8107519
K00854	xylulokinase [EC:2.7.1.17]	7.7425463	4.4947591	9.7149845	15.5796708	5.981971	10.9073629	20.0738483	14.4848165	14.6820613	7.2190207	23.860719	18.6759657	12.2389941	12.864718	4.3255711	16.3818051	25.40627	7.0661172	13.1255191	15.5193488	42.4686199	9.6323241	7.1030352	4.6181232	3.6354249	9.2699213	9.7201021	27.5339792	53.507617	14.9340337	14.4381803	27.5062171	25.2704059	28.3031727	7.400821	11.5069751	5.6970711	5.4534287	12.1340194	21.7626979	15.3814611	8.327929
K00855	phosphoribulokinase [EC:2.7.1.19]	0	0.464501	6.07456	0.0125814	0	0.350256	3.5014275	0.0125741	0	0	0	0	7.4882	6.7766	15.76018	0.491849	0.741836	0	0	0	0	0	0.146868	0.0127503	0	0	0.211617	0.0463297	0.121483	0	0.607071	0.0237193	4.675126	2.426913	0.192214	0.731757	0	0.0272001	0.0336412	0.0169753	0	2.730175
K00856	adenosine kinase [EC:2.7.1.20]	0	0	0	0.524705	0	0	0	0	0	0	0	0	0	0	0	0.636296	0	0	0	0	0	0.264695	0.0508454	0	0	0	0.0639518	0	0	0.148645	0.29338	0	0	0	0	0	0	0	0.0304028	0	0	0
K00857	thymidine kinase [EC:2.7.1.21]	1.0245159	3.5283788	14.2784237	1.6408289	0.3736069	2.7549781	12.4575466	1.821639	0.6067439	22.0261097	15.474772	24.624869	19.0595463	4.4073662	14.7423973	23.761246	2.3991022	4.6471618	1.438567	5.557887	1.5972962	37.1333414	61.4256399	19.3298091	4.3101	6.41518	3.3424411	42.3002262	31.987217	12.2533455	4.1252422	2.9284431	19.6510746	10.0804983	2.7408429	8.671446	3.387407	10.4268811	0.3883449	0.3972192	0.8083379	7.7426292
K00858	NAD+ kinase [EC:2.7.1.23]	46.9030969	27.2958815	27.690562	26.0621582	26.8244292	38.0025713	39.3378292	33.3773198	33.7736901	58.9006287	42.5323281	24.4286943	14.7609986	10.3689288	7.1221913	19.1374804	8.4226957	23.5586219	35.5508104	42.7815279	29.9092806	37.2531077	66.4370384	35.7385727	12.8474949	16.601198	19.9268655	20.7486148	70.3717215	20.5532513	33.1982685	22.8354651	48.544828	19.9335531	19.7672014	20.4253782	42.6985975	38.0657009	43.1120433	72.0683188	53.5576012	42.5852059
K00859	dephospho-CoA kinase [EC:2.7.1.24]	45.5241968	53.7940849	25.3397135	28.9799242	90.5732734	38.1058798	29.0996564	25.7994959	20.3665506	21.7221581	16.8044226	27.1090358	34.1231784	9.4859779	5.4386351	20.6222417	17.7986944	18.0105368	12.8240546	52.8850289	24.3451308	59.4383062	110.0840306	29.6507094	4.8372236	31.865945	27.2924989	40.9984407	70.0092213	19.5900692	37.2809234	22.1759877	36.0962795	14.9829965	27.0860181	21.9850072	41.1418273	42.0705206	44.725986	60.2377581	45.35935	18.8320518
K00860	adenylylsulfate kinase [EC:2.7.1.25]	0.6477807	3.133989	6.0147182	0.6411402	0.208113	1.1972756	7.6876322	1.0745696	0.41953	8.8080935	4.551987	24.1818951	14.681479	8.78826	25.387543	23.165089	1.2029874	1.393658	0.1131936	1.56673	1.273279	5.575875	3.1296242	0.983928	2.39785	4.430287	1.8675979	40.385552	66.2368981	3.95249	2.0645965	2.46749	18.7509039	8.655158	0.8592639	2.5253373	2.9544664	5.002085	0.3148868	0.2358825	0.1179607	4.3279924
K00863	triose/dihydroxyacetone kinase / FAD-AMP lyase (cyclizing) [EC:2.7.1.28 2.7.1.29 4.6.1.15]	0	0	11.6968023	0	0	0	0.181242	0	0	0.902347	0	0	0	0	0	0	0	2.84103	0.449797	0	0	0	0	0	0	0	0	0	0	0	0.191115	0	0.072294	0.092605	0.308916	0	0	0.178418	0	0	0	0.0904593
K00864	glycerol kinase [EC:2.7.1.30]	47.3420615	31.8820611	15.3340466	18.4371767	28.9874268	23.5139966	44.5078927	25.7513555	37.0961331	40.1592369	36.2390229	7.2956623	9.5963656	20.9864506	5.1131414	7.1105396	22.8570573	15.6816371	27.118919	53.4882942	68.9386592	10.0578633	11.089973	8.9287964	17.4073006	19.7702056	25.5323243	9.1464749	13.5058112	15.1332756	34.9512014	38.1284377	59.7120438	43.1498857	18.3845648	21.1270555	39.976375	43.6162561	59.9505265	91.6570447	81.366027	20.5437811
K00865	glycerate 2-kinase [EC:2.7.1.165]	2.1898461	1.106002	10.2393074	6.6539328	4.188872	4.600008	12.4996894	7.2323741	7.857992	38.9328207	43.9961607	3.896771	17.400893	20.1646173	27.8639146	10.5067636	19.230914	3.3698825	3.6726043	18.4066408	32.7882686	2.5531098	3.6962023	20.4775914	0.6069388	1.7837141	3.486077	3.6288414	4.5086875	6.3285227	15.4246587	24.913368	16.3300221	25.3274436	10.6132332	10.856943	0.4992816	0.5987464	7.0537537	8.2833255	2.3963769	8.3613482
K00867	type I pantothenate kinase [EC:2.7.1.33]	0.176684	0.332222	21.8092142	2.2930052	0.4850513	0.5531098	10.4397794	0.3884054	0.1272934	13.6596075	10.7134835	4.23245006	9.067999	9.987427	34.403536	2.9809543	0.9930945	2.736927	2.7827148	2.2576001	0	39.8812801	80.575991	16.3541274	0.3058613	0	0.8610062	0.462274	4.6332	5.5619571	22.6391184	2.9866203	19.4966804	3.3550937	4.2687864	9.7954919	0.0891932	0.108075	0	0.3031416	0.441701	11.5355232
K00868	pyridoxine kinase [EC:2.7.1.35]	58.4598732	33.9074224	21.126581	24.7419133	32.2030528	35.2820788	36.64763003	31.3975228	37.6186443	69.0799318	48.6225978	4.83644296	21.7205792	13.1408864	19.7979378	13.8612709	6.6593276	18.0740733	32.5740338	56.7119564	41.5627189	9.4166271	12.084554	6.638283	16.330566	29.2076922	26.8180672	11.6659769	8.6872187	11.8373531	9.0104266	18.6043701	52.1023206	20.0307896	20.9947137	6.03913156	49.882407	47.4908238	54.5647883	92.1114326	77.223113	23.5910726
K00869	mevalonate kinase [EC:2.7.1.36]	0	0	1.0336643	0.4489659	0.4422894	0	0.1418869	1.4395552	0	0.7615987	0.20013	1.7595	0	0.5322216	0.0918876	0.7378507	0.4628367	0.0595599	0.403791	0.8086652	0.114266	1.348537	1.3332359	0.467592	0.260734	0.1222727	1.0485228	0.102955	0	2.8161531	0.6285203	0.455587	6.1395241	0.510493	0.143608	3.582609	0.1592994	0.639384	1.6471	0	0	4.7719776
K00872	homoserine kinase [EC:2.7.1.39]	9.1520207	10.2203923	30.4141259	33.9434799	20.4152767	1.0629909	10.2722167	12.194129	9.998728	59.8715552	48.7521522	3.2131201	35.23922	14.8240492	30.5791737	4.2754379	24.0729658	9.7171144	8.460782	38.3088542	15.552471	58.1668783	100.6871626	27.6701309	1.5039039	12.743832	27.077769	9.0068825	7.0387517	15.0633323	67.0563721	18.8113961	15.5559552	8.4858866	34.7737042	15.6541404	20.273226	13.252247	45.0794899	19.055262	1.9800488	32.5765319
K00873	pyruvate kinase [EC:2.7.1.40]	50.9505776	39.3883201	16.3511649	48.6386857	38.9008359	20.22776	28.9620657	24.4205833	23.122474	55.1755386	45.9269961	33.016717	45.9610572	22.5918861	16.1747688	24.0025775	30.4569612	14.6728628	15.7307168	67.6577482	51.7893467	27.7914773	27.8753839	24.2658619	13.984115	29.45329	47.4907523	52.7740879	60.5796324	24.8529894	74.8022325	28.5724423	57.168295	25.4011225	36.3896105	16.4522806	47.5757568	46.5462163	91.8284118	86.6240961	65.9618229	39.1721261
K00874	2-dehydro-3-deoxygluconokinase [EC:2.7.1.45]	12.1137346	10.62076	18.4326464	3.9751011	3.228664	1.9090747	13.9883243	12.7218445	8.427255	14.8402123	13.89411	19.395321	20.3439476	8.1464444	27.8986766	14.971555	7.5460102	10.5075465	15.9619181	6.0978746	10.831394	11.9484299	7.8034867	16.2224567	11.3365171	10.4503692	5.024575	37.952719	51.3148056	9.2817563	10.7066075	11.2788895	20.2404684	18.2247068	5.6448375	8.5464113	15.2902987	18.149013	9.0853707	8.7483789	10.94902	30.1523064
K00875	D-ribulokinase [EC:2.7.1.47]	0	0	0	0	0	0	0	0	0	0	0	0	0	0	0	0	0	0	0	0	0	0	0	0	0	0	0	0	0	0	0.0562103	0	0	0	0	0	0	0	0	0	0	0
K00876	uridine kinase [EC:2.7.1.48]	9.7765659	7.3359729	20.5270232	6.2242513	4.5249651	7.5846123	23.4083176	21.8316946	16.9809275	58.2476901	53.2963402	33.77391	24.1025747	23.4833119	22.8963548	47.0135677	18.3518018	14.7947966	16.981753	22.3918104	25.7506598	44.0028315	63.0619282	30.9020688	8.8951372	17.6284732	5.7550161	61.4583309	60.863271	20.5409941	28.9583787	26.3727121	35.5345553	56.6430582	19.7362513	12.7712238	11.0682069	19.6019451	26.015748	10.5640012	6.6407806	26.3711383
K00878	hydroxyethylthiazole kinase [EC:2.7.1.50]	30.3155954	45.133665	35.8776195	23.3143083	64.8183046	54.7576235	45.5912943	50.9460966	39.4303633	15.8765446	14.0650049	32.7890004	47.66147	6.6349256	16.2644696	6.280173	14.9548763	31.155829	45.2151171	34.5012512	8.4135338	31.6201708	63.6287411	26.7019002	11.496918	44.6529896	32.0779175	17.810271	7.866117	26.3517658	32.3633432	19.8182167	52.9647707	18.488153	19.5313537	11.1106967	66.5497782	59.76484	30.3902853	22.8008748	41.1636177	37.9189468
K00879	L-fuculokinase [EC:2.7.1.51]	0	0.377513	2.41364	0	0	0.0138464	0.576627	0.0161154	0	0.0179879	0.49618	0.0139391	1.56435	1.73246	0	0	0.565736	0.0206386	0	0	0	0.0281227	0.0646686	0	0	0.0181078	0.128786	0.151147	3.31496	0	0.0574062	0	4.30392	0.446183	0	0.223602	0	0	0	0	0	0.380231
K00880	L-xylulokinase [EC:2.7.1.53]	0	0	4.444017	2.52959	4.44746	0	0.315798	0.0523606	0	0.996175	1.56196	0	9.76567	0	0	1.029739	0	0.1403784	0	0.325897	0	13.8053206	9.0801435	0	0	0	0.0889198	0.0246389	2.72939	0.0479525	0.478576	0.029415	7.24596	0.2200003	0	0	0	0.0717364	0	0	4.90751	7.8187996
K00881	allose kinase [EC:2.7.1.55]	0	0.307206	2.7085984	0	0	0	0	0	0	0.0640083	0	0.012947	0	0.85972	0	0.114707	0.0314371	0	0	0.040571	0	0	0	0	0	0	0	0.138989	0.474028	0	3.41075	0.480618	2.93697	0	0	0	0.111373	0	0	0	0	0.238175
K00882	1-phosphofructokinase [EC:2.7.1.56]	2.1576703	8.945098	23.1810896	15.8522049	10.4730209	31.6676038	28.9596047	10.9061736	14.8178576	52.4107514	29.7523131	3.0861	8.404092	12.0233698	10.064686	5.6113615	11.5241577	16.8151324	18.048245	13.95937	10.0761733	49.2928351	90.326044	33.4621392	6.8723758	14.3830524	25.4504701	0.5811063	9.33727	12.8755716	10.05061908	10.8924305	15.2129579	5.2863789	15.7838877	9.1551094	15.1673459	7.467636	9.8302158	35.7100194	6.886117	11.1260909
K00883	2-dehydro-3-deoxygalactonokinase [EC:2.7.1.58]	0.0798369	0.150747	0.070256	0	0	0	1.458768	0	0	0.0808846	0.483237	0	0	0.0353959	0	0	0	0.208211	0.630021	0	0.0995362	0.106897	0.00822144	0	0	0.0353941	0.0471963	0.452029	0	0	0.0948548	0	10.8795	0.18012	0.216345	0.125928	0	0.0732419	0	0	0	0.0928789
K00884	N-acetylglucosamine kinase [EC:2.7.1.59]	0.137594	0.402385	3.59068	0	0	0.1211326	0.38843	0.0985589	0	0.689939	5.854169	0	0	0.902308	2.24794	0	0.398602	0.474897	0.24798	0.119289	0	0	0.086157	0	0	0	0.124169	0.586361	5.087284	0.0639191	0.0597511	0	7.6042398	1.253206	0	0	0	0.0691689	0	0	0	0.833031
K00885	N-acylmannosamine kinase [EC:2.7.1.60]	0.0863657	0.462526	5.25313	0	0	0.0484231	0.787501	0.0629729	0	0.787431	5.081438	0.0458969	6.78576	1.94087	13.2997	0	0.0334965	0.446365	0.455972	0.174661	0	0	0	0	0	0	0.6059882	0.708158	7.4122	0	0	0.2137223	5.62968	0.186501	0	1.29897	0	0	0	0	0	0.6886257
K00886	polyphosphate glucokinase [EC:2.7.1.63]	0	0	0	0.1488138	0.0954744	0	0.158111	0	0	0.111971	0	0	0	0	0.0920261	0.0502849	0.0590006	0	0	0.0827999	0.1435592	0	0	0.4385725	0	0	0.0476374	0	0	0	0.33564	0.149856	1.0031	0.0701961	0	0	0	0	0	0	0	0.149198
K00887	undecaprenol kinase [EC:2.7.1.66]	0.205156	0	0.400354	0.569267	0	0.168498	0.231135	0	0	2.480061	2.1842478	0	0	0.305138	0.0960786	0	0	0.1737564	0.349498	0.0844235	0	0	1.1134071	0.69338	0.0496971	0	0	0	0	0.2237081	0.0595167	0.473587	6.8545196	1.256989	0.113067	3.582856	0	0.3495067	0.111316	0.115973	0.0487912	0.969456
K00891	shikimate kinase [EC:2.7.1.71]	91.6066541	61.2070399	20.8498893	72.7902594	55.992274	59.2555337	65.3654336	43.6837482	40.7457252	76.37886888	80.2756186	30.4408077	33.7420286	73.0286069	57.7140873	32.858246	41.4124834	30.6888826	29.2137793	114.3646827	116.4859664	31.1604831	31.7480733	36.6201978	44.4095769	43.283401	65.8550541	54.7815341	83.5733311	46.2489865	27.8083659	56.8611019	85.6417806	76.1337459	32.3588015	23.6877892	57.2375623	83.4255247	139.8829444	165.1615596	146.5594927	33.8531528
K00892	inosine kinase [EC:2.7.1.73]	0	0.148692	3.355671	0	0	0.303326	2.7263307	0	0	0.0135523	0.132964	0	3.27315	4.30206	13.053	0.283612	0.1716645	0.021246	0	0	0	0.0428166	0.0851088	0	0	0	0.10449	0.0236247	0.398643	0.0155856	0.5268452	0	4.048675	1.67562	0.316803	0.556374	0	0	0	0	0	1.70996
K00895	pyrophosphate--fructose-6-phosphate 1-phosphotransferase [EC:2.7.1.90]	0	0	0	0.27771	0.0709238	0	0.2582866	0	0.0620201	0.1222	0.127978	0.285859	0	0	0.0487332	0.2367439	0.153402	0.312618	0	0.3249011	0.361744	0.131013	0.352195	0.736715	0.0620099	0.0848795	0	0	0	0.178397	1.026702	0	0.625436	0.0676066	0.0621162	0	0	0	0	0	0	0.458144
K00897	aminoglycoside 3'-phosphotransferase	0	0	0.0820365	0.140692	0	0	2.52186	0	0	0.406405	0.141435	0	0	0.121843	0.0534179	1.189911	0	0	0.0660316	0	0	0.0446213	0	0.251603	0.1902178	0	0	0.0334019	0	0.129964	0.0766011	0.108465	0	0.111524	0.114148	0.0532416	0	0	0	0	0.0543145	0
K00899	5-methylthioribose kinase [EC:2.7.1.100]	0	0.241038	2.4200791	0	0	0.175815	2.422344	0.0335856	0	0	0.254091	0	0	0.098416	0	0.316117	0.125832	0	0	0	0	0	0.0300034	0	0	0	0.0314478	0.031769	0	0	0.412085	0	0	0.579485	0.225794	0.039741	0	0	0	0.0339088	0	0.249877
K00901	diacylglycerol kinase (ATP) [EC:2.7.1.107]	3.652528	1.455705	4.7454667	4.2630339	0.72316	1.126089	1.924101	1.274823	0.5391	0.36632	1.870207	17.7793558	6.534573	5.801877	38.1117197	7.7649954	2.603377	0.739552	0.819873	1.729695	1.792747	4.204757	4.0315486	0.0408053	2.04097	0.520857	1.56594	5.454689	55.924169	4.995562	1.3108667	0.8500943	19.682073	3.44908	0.970709	2.13404	0.671654	1.0203313	1.573122	1.230626	1.669588	2.435716
K00903	protein-tyrosine kinase	0	0	0	0	0	0	0	0	0	0	0	0	0	0	0	0	0	0	0	0	0	0	0	0	0	0	0	0	0	0	0	0	0	0	0	0	0	0	0	0	0	0.035524
K00906	isocitrate dehydrogenase kinase/phosphatase	0	0.269221	7.04718	0	0	0.3298891	2.615428	0.0207634	0	0	0	0	0	2.77085	0	0.90443	0.4866682	0	0	0	0	0	0.1280896	0	0	0	0.135915	0.269826	4.19008	0	0.6953351	0	13.7791438	2.041157	0.443423	0.370886	0	0	0	0	0	1.769393
K00909	rhodopsin kinase [EC:2.7.11.14]	0	0	0	0	0	0	0	0	0	0	0	0	0	0	0	0.1556064	0	0	0	0	0	0	0	0	0	0	0	0	0	0	0	0	0	0	0	0	0	0	0	0	0	0
K00911	1D-myo-inositol-triphosphate 3-kinase [EC:2.7.1.127]	0	0	0	0	0	0	0	0	0	0	0	0	0	0	0	0.0709753	0	0	0	0	0	0	0	0	0	0	0	0	0	0	0	0	0	0	0	0	0	0	0	0	0	0
K00912	tetraacyldisaccharide 4'-kinase [EC:2.7.1.130]	1.68993	2.022552	3.2184769	0	0	0.7082887	4.682676	2.3863568	0.2942524	4.851145	3.0957782	33.454376	12.564782	2.399966	0.413658	26.2793623	2.390198	1.0745208	0.113191	1.579953	1.058239	5.7269818	3.536205	0.617261	2.1116657	7.22604	1.3007502	42.83245	63.3785014	5.5098096	1.7764474	4.0860667	15.898587	5.7064129	3.3932113	0	3.4851008	7.2711173	5.2966926	0.7996275	0	2.2717494
K00915	inositol-polyphosphate multikinase [EC:2.7.1.140 2.7.1.151]	0	0	0	0	0	0	0	0	0	0	0	0	0	0	0	0.0516688	0	0	0	0	0	0	0	0	0	0	0	0	0	0	0	0	0	0	0	0	0	0	0	0	0	0
K00917	tagatose 6-phosphate kinase [EC:2.7.1.144]	0.16373	0	0.979299	1.06439	0.3709858	0.4154272	0.41109	0.0791198	0.0665523	12.638721	8.1346748	0.83347	0	1.4946432	0.4596054	0.2951088	0.153432	0.322861	2.2213128	2.40672	0	0.3248002	0.2585237	1.8099744	0.0589857	0	0	0.0641489	0.107327	3.342772	0.4786517	0.3596552	0	1.408471	1.5982781	4.364972	0.089566	0.2734679	0	0	0.2764497	1.116548
K00919	4-diphosphocytidyl-2-C-methyl-D-erythritol kinase [EC:2.7.1.148]	24.543172	57.6975261	30.4160703	24.6745512	135.7259089	69.9064764	33.6256252	27.034069	20.4023904	9.7569024	11.2676819	25.3692432	44.2734753	36.0868593	17.0828974	28.3483256	12.0675815	17.336205	14.1720897	44.0800352	15.7870945	43.3152094	93.7180864	9.4251426	2.6430846	58.761109	45.5041717	36.9502653	61.5430792	17.6233326	67.7755186	25.1127463	53.3653392	10.4694617	23.7042022	16.609513	54.5608172	32.0052951	28.4876981	9.9778875	48.2988992	30.1843239
K00925	acetate kinase [EC:2.7.2.1]	48.9273273	40.5030786	29.220138	47.2203103	46.0645012	25.993172	45.0218102	40.6000596	50.0215788	98.68155	66.5516899	36.7507457	51.100016	45.7810719	11.2501344	35.1922808	33.0876067	29.9522392	35.8360047	79.313389	59.192661	61.5334565	82.9077566	35.3170717	31.0783298	37.1710304	54.8146881	59.4165567	70.2657591	28.0439687	82.4564399	40.9125799	54.606334	33.3361819	52.762156	29.7763335	59.3535776	61.8478875	95.5044368	94.0715644	77.9271428	54.7843196
K00926	carbamate kinase [EC:2.7.2.2]	24.715207	7.160618	12.0569417	25.5648937	3.1179327	6.3258235	16.0093262	6.0928015	6.342937	5.6312907	20.9737859	7.8685004	23.5231002	21.769577	59.441814	4.8840859	21.7827208	1.7087855	2.7421731	16.2199263	36.314805	9.630239	9.4025775	1.4876787	11.0384593	2.3324465	6.93992	3.7012146	4.929073	14.896147	14.9103519	25.698591	50.7388653	36.1226186	5.42534	3.5462288	4.710064	4.7462754	7.8277145	5.745352	6.414914	6.2355029
K00927	phosphoglycerate kinase [EC:2.7.2.3]	50.7657105	56.7013478	35.2447511	25.6510139	90.8727676	59.59625	47.2264991	29.2878935	24.022074	79.997396	58.6273571	55.7389825	58.4884349	13.8564757	27.7265194	33.4718655	13.585527	29.6845905	22.6051427	72.8151096	37.2161059	82.34908	130.7420572	35.4994963	28.8094579	40.9878276	51.9169227	18.8772396	72.553722	30.3847491	53.5582863	28.240954	65.9853685	33.0686245	28.6111282	19.7102573	58.5262844	76.4399272	70.9373786	71.7708584	81.9475183	50.9503974
K00928	aspartate kinase [EC:2.7.2.4]	47.5903782	34.313291	14.018556	21.1255666	18.275373	17.7091929	22.4848403	10.4429996	8.1464559	22.7828492	13.2964367	13.6385052	16.1573183	7.4632557	24.8581086	6.5168772	5.3246937	8.4751982	8.0916098	44.3383652	32.1121348	39.2209903	64.1337941	2.5736584	13.4387741	12.9404257	22.7893199	3.6499435	0.7547473	12.9462241	4.4134982	8.9628233	96.0807861	16.6417928	4.7852442	6.3326897	26.9882103	38.9073076	53.305024	74.835111	69.577726	7.0648628
K00929	butyrate kinase [EC:2.7.2.7]	0.899059	0.8466606	0.0375942	0.5670205	0.039424	0.777364	3.0199708	1.3106487	0.8435383	8.0034744	2.8529583	6.218349	8.00069	0.8808844	0.270781	8.758365	2.4723563	0.911407	1.6489262	1.0574614	0.9437163	3.4007488	2.2678033	1.316348	2.2196785	4.498413	1.58103	26.3972179	1.808111	6.356639	0.3319837	2.7322416	4.2695138	4.388177	0	0.360783	3.02505	1.252809	0.3211178	0.1670459	0.1648953	0.5551987
K00930	acetylglutamate kinase [EC:2.7.2.8]	46.6159261	54.325311	32.6367689	24.5518932	86.5507075	53.6971407	37.6875468	27.0823103	17.4279585	17.7183587	11.259703	62.5031579	57.3197539	8.6731156	17.3650511	35.4496788	12.5193537	19.906717	13.3793668	53.9128173	25.1868591	93.8911393	153.6172506	2.8699325	13.102686	39.906812	41.7197615	49.025151	61.9267258	25.5349264	28.4171025	21.0263371	58.0759737	26.8567674	12.524175	3.9275423	57.5985756	70.2952261	63.4792124	65.7506159	70.2193222	21.0765643
K00931	glutamate 5-kinase [EC:2.7.2.11]	45.4336809	71.9794825	28.0652619	31.7410181	132.438592	76.1835524	48.7945255	23.383421	23.793492	66.8493713	50.034146	17.7574677	39.8967332	13.5676428	19.1905985	14.8924385	9.478682	24.2384316	23.0990811	75.3922091	24.3873003	39.365458	80.9119804	37.2054207	12.056477	48.7635506	66.319822	23.6548036	9.68319	12.9862216	62.460256	31.5595294	48.6543732	15.8355545	31.364322	11.4638223	64.1642258	45.9465141	57.3496458	65.3974099	71.343535	26.1121618
K00932	propionate kinase [EC:2.7.2.15]	0	0.247525	5.256797	0.0653436	0	0.190935	1.619278	0	0	0.0445788	0.671407	0	6.38932	4.17593	26.7606	0.351122	0.5541984	0	0	0	0	0	0.1649057	0	0	0	0.1652157	0.1998793	1.85114	0	0.5841289	0	9.31852	1.579931	0.228697	1.540205	0	0.0291877	0	0	0	1.5909108
K00936	NO_NAME	0	2.1985229	0.2099713	0	0	0.0883704	0.1754172	0.2581032	0.0454126	0.495692	0.5591092	0.118696	0.387657	0.0625987	0.0810533	0.0928916	0.4441391	0.145827	0.123982	0.6083263	0.2384812	0.5175179	0.4376769	0.159721	0.0254998	0.321436	0.665096	0.674726	2.113	1.0402358	0.6619527	0.960106	0.501946	0.3436194	0.131685	0.9798052	0.612017	1.12992	0.152161	0.0350956	0.63153	2.387402
K00937	polyphosphate kinase [EC:2.7.4.1]	3.5334644	3.213892	5.9146547	0.6189284	4.7446304	9.041907	14.600895	13.83480677	11.5199178	2.888458	12.9467402	20.1800904	11.3971992	12.3259576	10.0101241	9.1641323	20.0092034	10.1356539	5.341263	16.073792	31.262718	9.20372319	6.5848624	4.1681192	13.2077416	24.374498	15.6503822	7.7922592	51.2569371	13.4129485	12.5632074	23.0017048	18.7689094	24.2087102	11.9534555	6.067816	3.7256103	5.8057626	12.624092	5.5768215	11.8235796	11.6319838
K00938	phosphomevalonate kinase [EC:2.7.4.2]	0	0	0.9051049	0.1801051	0.4296292	0.0380553	0.190004	0.0719271	0.110921	11.8535	7.34143	0	0	0.3008687	0.100385	0.5342225	0	0.506051	0.5809498	2.968365	0	1.269891	0.60215	0.1670961	0.0402557	0	0.177963	0.19439	0	0.158241	14.8796629	2.7828894	6.4989395	0.289564	1.10649	4.938473	0.0341959	0.1637015	0	0.071582	0.2211539	4.3166735
K00939	adenylate kinase [EC:2.7.4.3]	35.1203126	62.0163725	50.6086224	56.7936996	137.25442	57.4814079	50.1681944	55.7497618	52.1966853	48.3460731	42.456272	57.2785883	64.169492	44.7296073	19.1084543	38.3996342	31.4182263	31.545027	30.2680242	74.3769584	27.3927086	94.5642684	167.0181396	30.4261246	11.2551446	64.822967	62.9757396	66.5464438	80.2819987	33.6560595	122.7623957	52.1586423	66.8366353	21.992974	59.8256056	25.4198271	89.9890635	50.3339443	74.4530891	37.4361941	38.4383833	60.1665003
K00940	nucleoside-diphosphate kinase [EC:2.7.4.6]	7.6803266	3.943705	10.2428348	6.441131	2.9408839	6.183865	7.9120263	9.2291672	5.4341519	41.0881548	33.410135	24.952909	20.094804	9.6102536	24.5276038	16.033721	8.467049	7.3799786	6.1001339	10.4889165	2.0654179	7.254106	6.161964	18.7959007	4.700282	3.0390665	4.298745	21.981819	67.583027	12.7694037	23.8891001	6.3847818	31.7399702	7.9540671	10.4755784	5.608906	5.4731206	5.1247787	11.8090594	5.6996163	6.698533	16.0278521
K00941	hydroxymethylpyrimidine/phosphomethylpyrimidine kinase [EC:2.7.1.49 2.7.4.7]	17.171633	25.3133346	17.2389522	12.5906718	47.8622074	22.9410743	14.180912	25.4437112	21.8838192	3.5832163	13.4812886	17.5751308	17.1016047	6.8171442	15.5465913	17.3827803	13.9533297	15.1664206	16.113256	14.917954	14.0328415	17.4488133	30.348194	4.7481069	3.192282	30.827082	21.552632	15.003618	52.18935	15.0778272	8.7818818	10.1635888	13.8739582	3.7403314	10.0120421	10.5314874	26.8523319	5.4653584	7.3281138	13.8335898	14.3309289	18.1657978
K00942	guanylate kinase [EC:2.7.4.8]	53.8109809	67.1105959	33.7319377	38.7896708	108.9744277	52.6793689	48.2481228	39.1652964	34.5804935	70.5793769	60.4734712	39.0732591	36.001241	23.2083892	26.0821138	31.5739235	15.8886764	29.4370929	22.6322149	61.3642736	40.5608153	31.1899917	57.5974151	47.9108401	37.1863034	51.9090346	61.5233149	44.9387226	68.924213	26.1841943	37.8205018	24.9318943	71.117564	37.9795715	30.9441602	31.9670253	45.9086476	48.8296179	56.2799821	76.0962839	71.1019678	55.8339828
K00943	dTMP kinase [EC:2.7.4.9]	20.742537	53.8776103	30.7956148	23.0230928	133.45008	59.3324651	36.9128655	29.3048037	16.4311028	25.7442922	19.869099	35.5191878	63.447606	9.226728	27.687316	6.109563	9.5124267	14.9343833	11.0465653	43.475444	1.0840881	53.3994804	104.1469377	44.581666	1.2782564	42.4220045	43.8075301	4.8926189	3.8770369	20.7724047	63.8230082	19.2808307	65.9127019	15.5962803	22.3741942	26.6710577	56.3851868	52.1687445	31.0878278	5.6423047	36.3815028	37.9100481
K00944	nucleoside-triphosphate--adenylate kinase [EC:2.7.4.10]	0	0	0	0	0	0	0	0	0	0	0	0	0	0	0	0.0256378	0	0	0	0	0	0	0	0	0	0	0	0	0	0	0	0	0	0	0	0	0	0	0	0	0	0
K00945	cytidylate kinase [EC:2.7.4.14]	39.5397712	30.2060879	22.2943304	15.604517	21.9552189	25.2646403	30.4402073	23.2623873	17.1923733	43.154988	37.413863	26.7329401	17.7598454	14.2674259	8.1670817	28.0133758	14.9060475	17.2884458	13.4288007	47.2993572	35.8619317	43.2589829	69.491594	31.8891103	27.6248444	33.1702876	30.5768905	48.5094206	66.2412275	28.096823	24.8070842	17.1807608	52.7622588	25.3655715	19.5180855	12.2150521	26.6750608	38.3091271	60.069927	74.3124407	58.753739	33.0381561
K00946	thiamine-monophosphate kinase [EC:2.7.4.16]	1.8563929	1.383281	5.9797994	0.459746	0	0.537424	3.107256	3.724509	0.3604002	5.936751	8.026694	4.9412868	10.871783	6.089388	24.0889886	15.770926	1.525107	1.271303	0.3964827	1.171809	0.633356	4.7809373	2.7253767	1.1028305	1.22109	5.218589	1.569479	24.537316	2.613768	6.009986	1.2126006	3.3267589	13.207222	5.7237357	3.5211443	2.674515	4.344801	5.452392	8.5001629	0.884453	0.0516075	1.8781284
K00948	ribose-phosphate pyrophosphokinase [EC:2.7.6.1]	80.235142	114.8420104	51.8681722	84.5650259	224.4000228	138.2450926	92.8528767	54.5975463	45.7662163	83.9921571	58.1636102	37.2556772	58.9314542	41.7371993	18.329801	30.5308022	24.2029892	39.7990657	30.8701581	132.10533477	63.6361046	130.6782017	233.9101545	53.84752583	41.0282895	88.0658954	115.6325714	31.8907304	61.358797	38.29025284	74.2348967	44.0503062	86.2799875	28.9036315	52.1362989	26.3101462	116.3486922	85.1367863	104.0024451	111.5334625	144.0745044	44.253765
K00949	thiamine pyrophosphokinase [EC:2.7.6.2]	7.2697	8.836184	6.7884571	6.1854546	4.1802955	5.3311993	2.670361	10.0086798	8.5546581	5.6403687	7.9041788	30.1270644	7.8501457	2.1790643	0.4895859	12.3187661	5.5549011	6.3667443	10.3890075	7.6832115	12.176061	7.0044221	5.2348367	8.9971002	3.110261	6.0795385	4.226852	19.2749664	83.66151	8.1501604	4.1907207	3.7587849	14.0082471	6.5398844	5.156688	6.676041	5.3859733	9.53472	4.398886	12.150145	14.0661539	16.961712
K00950	2-amino-4-hydroxy-6-hydroxymethyldihydropteridine diphosphokinase [EC:2.7.6.3]	0.0760174	0.753245	4.720591	0.9135481	1.66733	0.4055115	7.449661	1.9831252	0.607144	32.5190292	22.2466833	24.907955	10.043032	6.526244	37.2801427	15.161162	0.458893	1.926929	1.259	9.4470305	0.3084411	2.2227629	1.3017889	6.2228771	0.888348	0.935197	0.4045247	9.491763	68.360877	2.1622333	1.3338439	1.2316011	10.6245821	2.2404661	5.9580173	4.7547616	0.6457956	5.719963	5.353719	1.019074	1.3727123	6.4531879
K00951	GTP pyrophosphokinase [EC:2.7.6.5]	14.2633601	5.754402	9.3964296	25.424458	16.3081664	23.3951231	24.9614153	29.9219585	32.6032198	18.0018815	7.943553	7.9799915	19.8627916	7.1611582	4.5212609	13.3452483	7.2480365	15.4452521	25.0992467	9.6469715	11.6265347	11.3940032	11.3454503	8.4232256	1.9449962	11.9756869	9.5801656	28.9343905	5.983982	12.4274789	8.12447551	17.6257194	26.643325	5.8690968	14.2581927	7.2279357	24.9098133	13.0381848	11.552775	21.1997952	14.3340321	15.0175081
K00952	nicotinamide-nucleotide adenylyltransferase [EC:2.7.7.1]	0	0	0.174157	0	0	0	0	1.50354	0.11178	0	0	0	0	0	0	0	0.475664	0	0	0	0	0	0	0	0	0	0	0	0	3.09966	0	0	0	0	0	0	0	0	2.01552	0	0	0
K00954	pantetheine-phosphate adenylyltransferase [EC:2.7.7.3]	20.7958263	15.9083545	40.6069535	7.8189945	10.1333792	31.3608913	38.587681	36.0414746	36.2628377	32.2714762	15.1319179	41.0912356	30.9283782	16.3281754	39.0315285	34.5621722	9.8881406	24.0917401	35.3976524	13.3209301	9.1960418	42.7556386	67.5058427	23.1356481	12.1956954	17.5204725	7.9885463	64.858885	106.788187	19.2957366	14.3898937	18.8495741	40.2331365	20.5125227	21.039529	12.4121078	36.7952709	38.7516789	7.536719	18.1228413	20.2230074	38.8226693
K00955	bifunctional enzyme CysN/CysC [EC:2.7.7.4 2.7.1.25]	0	0	0	0	0	0	0	0	0	0	0	0	0	0	0	0	0	0	0	0	0	0	0	0	0	0	0	0	0	0	0	0	5.38796	0	0	0	0	0	0	0	0	0
K00956	sulfate adenylyltransferase subunit 1 [EC:2.7.7.4]	26.017501	24.527825	4.1540563	16.1808843	16.99929	32.4709306	31.8504009	8.539376	14.6381661	10.1521592	6.884753	26.0701549	7.2848645	8.729977	2.015705	10.01051	8.4396571	12.3929181	14.945641	29.061762	24.695444	8.929243	6.2010119	23.7299468	16.299729	16.257274	44.2794301	17.447751	59.74014	6.729251	5.0590364	11.9655561	19.3076059	10.9850402	13.0311188	2.3743913	26.8298688	27.909901	37.0474303	71.4781883	38.9218881	3.835837
K00957	sulfate adenylyltransferase subunit 2 [EC:2.7.7.4]	13.8242384	8.044783	34.09779	2.241692	12.2346625	19.303456	34.41024	25.821214	36.534898	31.07644	17.524324	53.3211337	42.20972	10.934402	12.4208374	34.2751552	13.2613622	18.7034778	20.52044	14.128149	20.057943	16.8055384	10.3037262	3.8299822	26.308657	20.085695	15.183474	49.0718048	55.899654	18.2270256	7.147773	17.9809276	33.046322	19.038645	20.0849695	5.4082284	23.619619	43.1742205	15.7663766	23.3324047	19.6981054	24.969737
K00958	sulfate adenylyltransferase [EC:2.7.7.4]	0.986465	0.644487	0.0449776	0.275177	0	0	0	0	0	0	0	0.116731	0.175408	0.0907848	0.0426445	0.639141	0.311725	0	0	0	0	0.266535	0.7130203	0	0	0	0	0	0.0337997	0.0740169	0.162318	0.1325095	0.18797	0.248554	0.0616731	0.9448182	0	0	0	0.2466882	0	0
K00962	polyribonucleotide nucleotidyltransferase [EC:2.7.7.8]	71.3646715	72.3969663	38.2125721	33.8664525	89.2223427	53.0911588	59.7444779	54.579269	60.1943302	118.593277	80.1527867	80.496472	75.6774275	43.601465	2.956243	57.8268931	20.295788	45.988988	71.2228753	73.8100545	45.8674233	58.8507213	72.9960553	68.2003499	50.0893426	66.7861697	54.2144351	72.5858757	70.7346917	38.7094196	24.3337759	32.516001	69.1468685	47.3380586	48.1477851	19.0825758	79.7665794	98.5471302	64.3853386	80.1926599	97.9246766	56.64571
K00963	UTP--glucose-1-phosphate uridylyltransferase [EC:2.7.7.9]	0.4108999	1.59444	16.0836182	2.4505236	0.3516726	1.0435386	10.3660806	5.4614678	1.1920125	6.1485887	2.7774489	17.1531514	6.4266939	30.4191574	20.0212959	4.257986	1.6111691	2.7560974	1.1442635	2.6878802	0.2754319	37.1905882	60.605887	23.4527074	0.8921951	0	0.7374127	0.5534253	33.1121223	8.1575402	5.5137919	0.7582103	14.33378	3.0647127	5.5731148	11.0557117	0.748494	3.8116376	2.8121596	0.4217476	0.2473541	8.5878767
K00965	UDPglucose--hexose-1-phosphate uridylyltransferase [EC:2.7.7.12]	45.9012672	31.8263872	19.9604881	59.6313385	37.8592386	60.0249427	53.0815166	20.0813616	23.105677	10.034232	11.494349	4.3270861	24.0671824	12.06863	7.4058507	5.9730479	13.5520338	18.9994992	25.268927	43.3444117	34.14072	56.1875031	81.1493207	29.1708111	18.4746535	22.82022108	52.213138	5.5354201	4.380339	16.7033615	28.7151809	20.8549008	24.8302657	11.5040948	15.9905814	9.3238572	41.7360538	41.68421551	52.275421	79.7352227	63.633816	27.6395986
K00968	choline-phosphate cytidylyltransferase [EC:2.7.7.15]	0	0	0	0	0	0	0	0	0	0	0.467877	0	0	0.821456	0	0	0	0	0	0	0	0	0	0	0	0	0.0924895	0.149451	0	0	0	0	0.49526	0.0605794	0	0.538427	0	0	0	0	0	0
K00969	nicotinate-nucleotide adenylyltransferase [EC:2.7.7.18]	31.7509996	21.4006886	10.5499287	16.6466701	14.7312557	14.3745185	19.4830715	9.3227126	9.940726	10.7150678	8.3970004	25.181225	11.5107395	7.7828636	22.7852617	22.7536436	6.0748333	8.2842491	9.1207946	29.6233689	28.650757	8.3799985	10.2395703	9.45386	8.7156564	16.184013	14.164674	32.0724326	68.4354355	12.1171379	5.5149391	7.7106865	34.308402	13.0285676	7.241471	11.7172601	20.5817067	31.8955594	46.6825898	61.0478608	57.0992275	6.7906708
K00970	poly(A) polymerase [EC:2.7.7.19]	0	3.048592	3.198697	0.6318052	0	0.2005402	1.7240244	0.0416842	0	0.373143	2.532145	22.6991637	18.842265	0	2.50251	0.8221446	0.729105	0.121198	0	0.9160004	0.057011	3.998711	13.7110155	0.1344455	0	0	0.88117	0.506743	3.89708	3.46863	0.6214121	0.1338261	17.192394	15.6399791	0.0951315	0.3033035	1.57421	21.690637	2.07118	0.225514	0	1.114115
K00971	mannose-1-phosphate guanylyltransferase [EC:2.7.7.13]	6.136374	6.905306	4.537925	3.93496	2.97755	0.5616861	2.6269518	3.5375528	1.6869349	23.3609504	8.176373	25.9247684	10.6066567	3.0537889	5.93722	35.580837	1.879547	5.857556	7.567999	5.07787	1.6624904	10.2340772	2.6254923	8.5818681	20.316919	13.232618	3.0369762	25.2600905	4.39752	9.330754	2.012529	5.845795	9.2671021	5.0584579	5.625485	0.419	3.227445	10.9457829	7.5026486	1.8109708	21.7317093	2.319713
K00972	UDP-N-acetylglucosamine/UDP-N-acetylgalactosamine diphosphorylase [EC:2.7.7.23 2.7.7.83]	0	0	0.0418367	0	0	0	0	0.320142	0.676677	0	0	0.0626267	1.50888	0	0	0	0	0	0	0	0	0.087512	0	0	0	0	0	0	0	0.549866	0	0	0	0	0	0	0	0	0.760441	0.147049	0	0.401903
K00973	glucose-1-phosphate thymidylyltransferase [EC:2.7.7.24]	27.4575017	14.0566902	26.3811685	43.8651068	42.385688	75.910203	65.2351927	63.4764637	62.7624791	78.6419385	75.8917961	24.3478109	49.2544295	44.6289626	29.0995276	21.042516	46.1125222	45.5649964	54.8139946	53.8136239	69.3127667	21.2345817	16.5896019	41.9315633	43.0128132	39.6397104	70.7534644	16.1118611	5.44016	18.3590024	47.8737059	92.5985443	40.1722597	62.7576291	53.2304228	44.4252359	42.7407958	24.7539916	18.553768	40.5144903	42.287531	40.3389042
K00974	tRNA nucleotidyltransferase (CCA-adding enzyme) [EC:2.7.7.72 3.1.3.- 3.1.4.-]	3.7730372	3.1742207	22.7199284	6.6420944	4.257917	5.139305	12.2373322	8.2626051	9.827701	40.5058273	37.6041631	4.5935258	19.6302498	19.8772697	14.2174423	4.0411138	6.9786796	9.9992926	7.4622616	15.7997701	17.2342605	24.6054229	52.834833	29.2399521	1.6760295	2.7109871	5.3508785	4.6796948	1.2632423	9.6486315	19.910731	6.4722365	24.6697764	6.0867007	8.4551806	15.1415319	0.9471169	1.7821402	5.6114888	14.5534573	16.602657	18.0430544
K00975	glucose-1-phosphate adenylyltransferase [EC:2.7.7.27]	97.2528797	80.3669749	35.5933074	68.5226125	113.1335943	102.0501821	101.1856949	63.528873	78.9841527	78.343175	79.7101349	4.9106108	52.6662531	42.9490269	21.6499648	13.9152267	60.0840199	44.7825368	58.0298387	137.5319984	121.5135737	43.8755331	55.4276071	27.6411508	52.743663	59.31303	103.3988022	22.9248154	10.813037	34.534423	114.0222694	82.0385287	71.4241585	69.7103724	63.890856	20.0918256	127.5025522	104.0369758	147.1488947	181.9385258	148.0195054	60.4382444
K00978	glucose-1-phosphate cytidylyltransferase [EC:2.7.7.33]	0.0935278	1.220554	0.145183	0.358593	0	0	0	2.497435	0.24726	1.150468	0.642334	33.027347	1.3142235	0.5983442	0.0613425	0.872224	1.117357	0.481683	1.294031	0.2363527	0.4863839	3.9786199	1.4765005	0	0	0.152765	0	0.617231	57.4122	2.836691	0.457021	0.1369039	0	0.0890108	0.5808403	3.3048	0.1399341	0.454666	0.1452041	0.0920803	0	3.104705
K00979	3-deoxy-manno-octulosonate cytidylyltransferase (CMP-KDO synthetase) [EC:2.7.7.38]	2.4502617	2.366672	6.423276	0.0647678	0	0.6808151	4.827004	2.8650259	0.5057408	10.217276	8.563826	18.4738384	14.344887	7.4320223	20.9823098	11.6111475	2.3538799	1.5921659	0.92239	1.473316	0.9577003	4.48811	2.4942085	0.5752503	1.465912	4.277211	1.8203459	26.909056	58.1939269	4.857153	1.0948678	1.9030944	24.1814341	7.410093	0.479795	3.41533	2.702603	1.5828015	0.060273	0.101941	0	4.900745
K00980	glycerol-3-phosphate cytidylyltransferase [EC:2.7.7.39]	1.0738065	3.7081772	1.3192009	39.4816007	10.85524	10.5454571	6.06273	8.160465	7.980649	1.0875276	2.4758328	2.171088	0.8704172	1.0492681	0.1260084	1.7903813	1.6233826	2.2766295	1.062398	3.8760834	2.305062	2.048052	3.1204422	4.6305364	1.15346	2.662304	5.5045939	0.169204	0	7.8596045	1.4968547	3.400359	0.118252	0.4491578	1.239741	3.4551948	0.6721	1.1300947	2.6691	20.6878703	6.1651153	2.0640952
K00981	phosphatidate cytidylyltransferase [EC:2.7.7.41]	3.5457598	11.507286	7.4011922	8.8900388	16.5216846	5.1087504	9.3516176	13.1185339	8.1730845	18.5865114	24.01442803	40.4165316	4.4452155	10.3578887	4.3787135	21.5404297	14.8675626	4.9905229	3.8176353	12.066052	24.1562812	11.1745464	13.4222827	3.7488987	1.854449	8.6779468	7.9669088	21.3361434	119.779726	11.3503533	31.6797143	24.8345217	31.825357	23.174642	9.4395186	11.2908969	0.9379331	5.8429298	10.5886313	6.0047616	3.7620828	12.5158902
K00982	glutamate-ammonia-ligase adenylyltransferase	0	1.89937	5.609975	0.771857	1.15145	5.6036583	2.330797	0.0635112	0	0.241127	0.6384262	0	4.140943	4.39105	8.9709543	0.675662	0.115673	0.0313373	0	0.343294	0	0.0635741	0.12478904	0.0661605	0	0	0.6310608	0.963587	0.113184	0	1.4168292	0.880169	11.327654	1.2399389	0.1980106	0.495047	2.54169	0.0152858	0	0	0	2.365579
K00983	N-acylneuraminate cytidylyltransferase [EC:2.7.7.43]	0	0.0732887	1.29535	0	0	0	0	0	0	0	0	0.0646145	0.0747556	0	0	0	0	0	0	0	0	0	0	0	0	0	0	0	0	0	0	0	0	0	0	0	0	0.168932	0	0	0	0
K00986	RNA-directed DNA polymerase	2.99884	1.886138	0	0	0	0.0716283	0.216758	0.322596	0.180779	1.79738	0.160664	0.285977	0	2.05466	0.0524883	4.58575	0.182772	0.0795769	0	0.819855	0.350465	17.77485	6.652659	0	0	0	0	0	1.31775	0.1470876	0.374759	0.216904	2.99886	1.07733	0.0519325	0	2.66544	1.36348	0.275632	0.0889324	0	0
K00989	ribonuclease PH	4.106106	0.960794	10.54316	1.1901555	1.09949	8.1365253	6.9160223	2.1846409	0.179383	1.0203915	2.7995481	0.8223312	2.0413959	4.1595952	0	1.8059606	1.339876	0.624854	0.409396	1.1043361	0.122495	1.0457447	2.435676	0.2337065	0.240081	0.500884	1.0961762	2.128566	5.85665	1.85196673	3.3023835	3.0450505	18.566101	2.474139	0.763413	3.4039739	4.178052	3.2131852	0.0971065	0.1414664	1.1298438	6.19941
K00990	[protein-PII] uridylyltransferase [EC:2.7.7.59]	0.0907037	2.651503	5.73988	0	0	0.230779	2.99209	0.0103799	0	1.1706173	4.541186	0	3.56479	4.67705	14.5798	0.399629	0.28066	0.3951712	0.166559	0.96979	0	0.0468075	0.2103483	0.0514763	0	0	0.795931	0.770513	0.361455	0.0974199	3.803872	0.268664	12.9999792	1.83819	0.168589	0.663418	0.128145	0.0105615	0	0	0	2.21032
K00991	2-C-methyl-D-erythritol 4-phosphate cytidylyltransferase [EC:2.7.7.60]	66.680153	79.55866	32.1738151	71.8910305	154.091745	75.7763081	50.4875831	41.3525959	39.5810721	22.9015756	42.0632338	12.9621226	62.2005251	32.0859665	17.6674851	24.8822959	49.5705272	23.0764378	15.5364883	102.9477323	82.3892275	50.6532084	92.5220643	4.8639985	10.8174685	64.584886	82.4727297	57.0738887	59.7296788	27.9117646	114.016136	64.385765	72.3359262	50.2963764	48.3120112	18.9788701	88.4558266	63.4568337	116.7550558	89.4485154	93.3987009	32.9214758
K00992	MurNAc alpha-1-phosphate uridylyltransferase [EC:2.7.7.-]	0	0	0	0	0	0	0	0	0	0	0	0	0	0	0	0	0	0	0	0	0	0	0	0	0	0	0	0	0	0	0	0	13.151426	0	0	0	0	0	0	0	0	0
K00995	CDP-diacylglycerol--glycerol-3-phosphate 3-phosphatidyltransferase [EC:2.7.8.5]	38.2128945	58.6720242	18.3782816	18.0715607	82.2711322	21.093254	15.8952339	15.9899452	15.9441033	11.6048783	5.9263129	3.8855392	17.6649673	6.1941538	8.8345116	10.080789	3.9926649	13.8816019	11.1335774	44.2201522	23.6232065	55.4772127	108.9683826	2.3745391	10.9454565	31.0122792	36.5979354	14.319566	4.702715	7.5875902	14.3611192	10.8535648	47.5005061	14.0047485	10.1961522	4.0648874	28.7652503	36.9608762	46.2534447	63.0051883	61.5416326	9.5696627
K00996	undecaprenyl-phosphate galactose phosphotransferase	0	0.266884	0	0	0	0	0.669066	0	0	0	0	0	0	0	0	0	0	0	0	0	0	0	0	0	0	0	0	0	0	0	0	0.0522331	0	0	0	0	0	0	0	0	0	0
K00997	holo-[acyl-carrier protein] synthase [EC:2.7.8.7]	48.393627	83.853749	27.459297	70.6681328	151.7670899	13.7282379	19.4678605	27.3350179	29.717764	61.013224	53.678307	6.4965755	39.8352188	47.8366833	30.2058021	10.3120065	26.0066458	18.71346	14.4425313	70.5415224	41.9108978	41.1649051	79.8978748	33.6351263	3.7108826	50.9580736	65.414375	11.5252249	8.3484132	18.8715723	102.8428818	29.2783789	40.9894064	20.1960337	51.9455698	24.6713788	37.401509	43.71688	91.000754	87.53475	49.5309691	42.148309
K00998	CDP-diacylglycerol---serine O-phosphatidyltransferase [EC:2.7.8.8]	0	0.494668	1.77594	0	0	0.064614	0.559027	0	0	0.0326683	0.458429	0.0193353	0.314732	1.58365	1.08042	0	0.221326	0	0	0.0114464	0	0	0.126462	0	0	0	0.145772	0.0315345	2.90967	0.0672027	0.105709	0.0108615	6.389113	1.26832	0	0.221443	0	0.0582716	0	0	0	1.12286
K01000	phospho-N-acetylmuramoyl-pentapeptide-transferase [EC:2.7.8.13]	90.9770568	86.5763213	23.1710937	69.4064305	122.6785229	61.8906883	49.985235	39.6023406	29.37451	77.184778	59.2951268	43.5115545	50.7496141	20.1067264	20.44928949	50.0063971	30.5027627	24.8873816	20.1258754	104.3472857	56.2844845	50.1885274	80.1405203	30.827181	26.4655471	63.0731293	73.6085344	64.0227559	68.7939875	41.291407	97.8469003	38.0661222	75.5596864	36.7347206	44.137611	30.486268	88.8937915	83.319677	137.3904118	128.830436	115.3133966	43.4945078
K01001	UDP-N-acetylglucosamine--dolichyl-phosphate N-acetylglucosaminephosphotransferase [EC:2.7.8.15]	0	0	0.255764	0	0	0	0	1.63798	0.0945552	0	0	0	0	0	0	0	0.553252	0	0	0	0	0	0	0	0	0	0	0	0	2.48334	0	0	0	0	0	0	0	0	2.05595	0	0	0
K01002	phosphoglycerol transferase	2.0075	1.13683	4.717521	0.370593	0.0674239	0.0212206	0.862648	1.1113369	2.9993	0.2108004	1.6953151	0.011329	10.66231	4.21404	12.737419	0.0869796	2.850062	0.182818	0.0464862	1.90957	10.13907	0.3167149	0.145379	0.5947978	0.1300287	0.381213	1.18246	2.0379933	1.1525825	0.226639	1.440784	0.733769	7.268447	2.6403539	0.367741	4.486788	0.13271	0.2693259	1.30468	6.15098	10.7065	1.03932
K01003	oxaloacetate decarboxylase [EC:4.1.1.3]	0	0	0	0	0	0	0	0	0	0	0	0	0	0	0	0	0	0	0	0	0	0	0	0	0	0	0	0	0	0	0	0	10.1879	0	0	0	0	0	0	0	0	0
K01004	phosphatidylcholine synthase [EC:2.7.8.24]	0	0	0	0	0	0	0.0479056	0	0	0	0	0	0	0	0	0.0645095	0	0	0	0	0	0	0	0.1268358	0	0	0	0	0	0	0	0	10.7035	0	0	0	0	0	0	0	0	0
K01006	pyruvate, orthophosphate dikinase [EC:2.7.9.1]	38.0188301	28.7339527	7.328038	12.116224	19.09193	14.7104458	22.3142199	27.9416467	47.9147269	18.36682	8.209016	3.442847	10.6005893	7.8237688	0.6077696	4.74895	12.552152	32.0490175	36.8587301	36.4475002	30.1910964	10.6285868	6.821597	3.5131783	18.100917	20.4601949	17.2426024	9.0179059	10.1667	11.4800893	3.7779359	14.080728	15.8186239	12.5151271	20.6203071	9.5079652	43.9806728	37.3911309	50.0391894	70.4922759	65.9512125	29.1785003
K01007	pyruvate, water dikinase [EC:2.7.9.2]	0.741973	0.5003154	1.168114	1.551593	0.106054	0.174085	1.99601	1.65093126	0.0966682	0.326236	0.0944414	0.15602954	3.188551	2.8337667	3.20311	2.6135763	0.9009189	0.00877602	0	0	0	0.9582124	1.3029317	4.79607	0	0	0.0124076	0.0180481	0.296044	2.945263	1.104809	0.24742425	12.911443	1.34969	0.4291079	2.0429142	0	0.0162614	1.95664	0.367241	0	0.882399
K01008	selenide, water dikinase [EC:2.7.9.3]	41.9286015	33.342267	18.215009	45.968971	41.6232553	31.8843576	36.9389298	36.6835027	47.2050108	31.4085923	17.4941194	2.9198264	36.1278185	11.834708	11.3625178	4.1305037	29.410718	22.727494	35.416315	52.193381	35.9067325	16.362823	17.6654795	23.8756375	18.690054	31.869257	42.017136	13.475975	2.2414593	16.9790195	58.646639	38.9856238	48.313987	20.515164	43.3674879	9.165747	69.7464071	48.179033	80.6581128	104.655974	51.42213	40.108962
K01011	thiosulfate/3-mercaptopyruvate sulfurtransferase [EC:2.8.1.1 2.8.1.2]	0	0.32608	0.157118	0	0	0.0361689	0.7942458	0	0	0.0145376	0.750216	0.4259291	0.751112	0.682973	0.8267802	0.0525729	0.740954	0.0623839	0	0	0	0.0260995	0.8808275	0.0439597	0	0	0.025146	0.0629847	3.31773	0.980701	0	0.0249818	30.26213	0.648189	0	0.046033	0	0.0241191	0	0	0	0.340963
K01012	biotin synthase [EC:2.8.1.6]	9.3875972	9.7610088	14.6011093	32.0382346	17.15414	25.5853411	39.9697409	30.5364808	28.2000827	11.0457872	52.894682	34.3763516	34.9619003	30.7060148	10.8442323	24.6120513	49.2910947	16.8707314	24.9855967	28.6879042	74.6889713	18.9124755	20.5398286	23.4163008	6.330797	20.3397445	34.6511023	22.7799382	10.7469254	26.59291992	29.679098	58.1531524	36.6129847	83.5583141	22.5189234	8.8377426	14.2043955	35.536414	34.4274348	33.4094792	10.6113368	7.6855573
K01017	chondroitin 4-sulfotransferase 11 [EC:2.8.2.5]	0	0	0	0	0	0	0	0	0	0	0	0	0	0	0	0.0155321	0	0	0	0	0	0	0	0	0	0	0	0	0	0	0	0	0	0	0	0	0	0	0	0	0	0
K01019	galactosylceramide sulfotransferase [EC:2.8.2.11]	0	0	0	0	0	0	0	0	0	0	0	0	0	0	0	0.0797891	0	0	0	0	0	0	0	0	0	0	0	0	0	0	0	0	0	0	0	0	0	0	0	0	0	0
K01020	chondroitin 6-sulfotransferase 3 [EC:2.8.2.17]	0	0	0	0	0	0	0	0	0	0	0	0	0	0	0	0.0510092	0	0	0	0	0	0	0	0	0	0	0	0	0	0	0	0	0	0	0	0	0	0	0	0	0	0
K01022	keratan sulfate 6-sulfotransferase 1 [EC:2.8.2.21]	0	0	0	0	0	0	0	0	0	0	0	0	0	0	0	0.104665	0	0	0	0	0	0	0	0	0	0	0	0	0	0	0	0	0	0	0	0	0	0	0	0	0	0
K01023	arylsulfate sulfotransferase	0.36714	0.327542	1.0831772	10.037797	4.13188	2.144758	0.868417	1.6311615	1.256151	0.2291898	0.398997	1.389129	0.436761	0.74942	0.0854414	0	1.4071295	0.2229424	0.0358457	0.494739	0.691427	1.8491758	1.0099954	0.0964867	0.1854233	1.69024	3.3083221	0.663423	3.7086787	1.7187635	0.2499633	1.3477923	3.8435079	0.6865734	0.396731	8.3514922	0.4991071	6.12956	1.243818	8.71285	0.1274798	7.7439687
K01024	[heparan sulfate]-glucosamine 3-sulfotransferase 1 [EC:2.8.2.23]	0	0	0	0	0	0	0	0	0	0	0	0	0	0	0	0.111635	0	0	0	0	0	0	0	0	0	0	0	0	0	0	0	0	0	0	0	0	0	0	0	0	0	0
K01026	propionate CoA-transferase [EC:2.8.3.1]	5.0763194	4.490168	5.0233508	26.08329	9.15208	18.934521	21.814394	14.906355	16.061268	10.750221	28.069139	1.1323257	5.7413764	30.5314664	10.4356527	7.186359	47.687436	8.221268	7.5653155	21.2026965	39.090976	11.441895	13.571342	5.48891	11.40164	9.411063	12.006136	1.912377	0	10.803051	27.869284	52.877622	6.117845	29.5171802	13.077653	7.906921	2.285905	2.342425	41.5758185	18.8668072	64.113711	3.036999
K01027	3-oxoacid CoA-transferase [EC:2.8.3.5]	0	0	0	0	0	0	0	0	0	0	0	0	0	0	0	0.0530157	0	0	0	0	0	0	0	0	0	0	0	0	0	0	0	0	0	0	0	0	0	0	0	0	0	0
K01028	3-oxoacid CoA-transferase subunit A [EC:2.8.3.5]	0	0	0.0542665	0	0	0	0.432643	0	0	0.326528	0	0	0	0	0	0	0	0	0	0	0	0	0	0	0	0	0	0	0	0	0	0	10.465	0	0	0	0	0	0	0	0	0.196382
K01029	3-oxoacid CoA-transferase subunit B [EC:2.8.3.5]	0	0	0.0738537	0	0	0	0.433779	0	0	0.704362	0	0	0	0	0	0	0	0	0	0	0	0	0	0.0539536	0	0	0	0	0	0	0	0	0	0.0500049	0	0	0	0	0	0.0513094	0	0.192196
K01034	acetate CoA/acetoacetate CoA-transferase alpha subunit [EC:2.8.3.8 2.8.3.9]	0.979087	1.2681249	1.777531	0	0	2.845196	2.544118	2.7651222	2.476147	0.784993	3.052205	1.2575002	3.466262	1.168865	0.0357923	4.342723	3.95653	1.379894	1.166664	2.757991	2.669138	5.4032817	4.9101587	0	0.174923	2.556419	1.2138222	0.873516	2.86938	4.141004	1.8547214	3.333287	5.219456	0.705715	5.867654	0.1738628	1.084594	4.95674	8.680468	4.604812	2.194185	3.928022
K01035	acetate CoA/acetoacetate CoA-transferase beta subunit [EC:2.8.3.8 2.8.3.9]	0.8301386	1.4627	0.597905	0.3150708	0	1.2729442	1.09952	1.9092157	0.9366409	0.649468	1.8107886	1.6202728	3.1978292	2.5642845	0.1706542	4.2124569	2.4921893	1.0393628	0.8968547	1.61021	1.3727035	3.690713	3.9836184	0.1583066	0.135449	1.408212	0.903141	2.1918107	3.89891	3.6818757	1.467975	3.193697	6.671491	1.410654	4.21317	0.9468557	1.450858	6.1653616	7.8366763	2.3701862	1.070597	7.725552
K01039	glutaconate CoA-transferase, subunit A [EC:2.8.3.12]	0	0	0	0	0	0	0	0	0	0	0	0	0.311094	0	0	0	0.0404021	0	0	0.0475757	0	0	0	0	0	0	0	0	0	0	0	0.104563	5.52172	0	0	0	0	0	0	0	0	0
K01040	glutaconate CoA-transferase, subunit B [EC:2.8.3.12]	0	0	0	0	0	0	0	0	0	0.0590814	0.406431	0.2767587	0.291884	0	0.0362478	0.457793	0	0	0	0.104378	0.157852	0	0.362233	0	0	0.22897	0.0339833	0.184628	0	0	0.0551882	0.104466	0.333	0.439706	0.119936	0.796685	0	0.240366	0	0	0	0.29629
K01042	L-seryl-tRNA(Ser) seleniumtransferase [EC:2.9.1.1]	0	0.053332	10.051154	0.5538133	0.125291	0.2791277	2.599284	1.9739263	0.138153	0.679644	0.0667375	0.0891071	0.548007	1.1073289	3.05113	1.3523932	1.4287674	0.0150277	0	0	0.0690681	0.1767272	2.0030991	0.157955	0	0.380869	0.1998511	0.0263601	4.53851	2.7629205	1.1321085	0	10.807399	0.7186628	0.6385096	0.253898	0	0.0990196	2.1541422	0.0453122	0	0.603104
K01046	triacylglycerol lipase [EC:3.1.1.3]	0.122763	0.1685577	0.1770724	0	0.0360936	0	0	0.748966	1.058286	0	0.189255	0.2270742	2.5928	0	0	0.518131	0.366915	0	0.067733	0	0	1.1233	1.66356	0.248946	0.0732388	7.90481	0.226164	0	0	0.738195	0	0	9.649986	0	0.20542	0	0.0914742	0	1.445021	0.358268	0	0.5030525
K01047	secretory phospholipase A2 [EC:3.1.1.4]	0	0	0	0	0	0	0	0	0	0	0	0	0	0	0	0.0171691	0	0	0	0	0	0	0	0	0	0	0	0	0	0	0	0	0	0	0	0	0	0	0	0	0	0
K01048	lysophospholipase [EC:3.1.1.5]	0.7223166	0.6125057	2.997591	5.2876859	1.9604632	2.85169	1.0093856	4.7228506	3.163448	0.6476759	4.359257	0.4994124	4.421214	2.9159911	13.7923516	0.377059	1.7793641	5.055771	0.903817	1.518242	1.7952757	0.3141426	0.6540199	3.5850894	0.6513725	2.049921	2.1694824	0.3713812	1.14273	1.7134583	0.3323002	0.9008984	6.606565	0.580813	0.765804	3.4971338	0.040643	0.0953574	1.44265	5.62112	0.382416	0.6579348
K01050	cholinesterase	0	0	0	0	0	0	0	0	0	0	0	0	0	0	0	0.0377815	0	0	0	0	0	0	0	0	0	0	0	0	0	0	0	0	0	0	0	0	0	0	0	0	0	0
K01051	pectinesterase [EC:3.1.1.11]	1.9782765	2.657775	2.39302	0	0	0.582837	3.352821	1.9505306	1.1257381	3.737912	2.99521	2.595219	11.2054078	4.958807	12.470733	8.09254	0.8480718	4.134021	2.2591306	0.837961	0.8179226	1.8665537	1.330031	2.105537	1.860453	4.439078	1.2194661	31.0064852	1.300988	3.397345	0.0986216	1.777617	8.420724	3.415392	0.1271774	1.015558	3.0263769	2.9767457	0.151198	0.2807651	0.782877	0.5428983
K01055	3-oxoadipate enol-lactonase [EC:3.1.1.24]	0	0	0	0	0	0	0.2635962	0	0	0	0	0	0	0	0	0.0819906	0	0	0	0	0	0	0.0319455	0	0	0	0	0	0	0	0.0722864	0	0	0.0223493	0	0	0	0	0	0	0	0
K01056	peptidyl-tRNA hydrolase, PTH1 family	15.7749719	46.5028083	38.2371778	29.3201497	99.5979122	31.6777456	42.3262218	39.9637065	45.4871373	81.9580472	51.6707528	75.6768535	70.147513	13.3091364	15.5370216	45.992974	9.446394	31.0925555	34.5128483	43.4631188	14.1142969	93.5489992	151.2737191	36.8989435	7.9520157	38.7513128	33.5165178	49.338463	80.7621056	22.3671128	55.5351837	29.2439906	59.3340417	23.7804992	35.9767805	12.009975	46.053634	49.6046114	25.0089026	27.307811	37.6320306	38.2737621
K01057	6-phosphogluconolactonase [EC:3.1.1.31]	1.8771677	19.42621	2.152967	3.681134	10.579	26.9452042	10.7334488	6.2356704	4.4763825	1.1159621	0.7108166	4.72129	8.248169	0	0.0507932	12.52913	0.919922	4.031273	0.49175	20.4359843	0.3320974	12.9847899	28.7537857	0.0840029	1.2116014	15.302375	13.895131	11.186004	3.5655635	3.912564	23.6213894	8.5349193	24.9158605	1.3398831	9.0964711	0.3325868	27.83465	16.633061	19.64573	1.723428	20.0246	2.6984399
K01058	phospholipase A1 [EC:3.1.1.32 3.1.1.4]	0.135142	0.621019	4.274836	0.0269558	0	0.139853	1.08482	0.146937	0	0.451717	2.37826	2.2571973	0.16369	1.11999	0	0	0	0.120609	0	0	0	0.502736	0.284946	0	0	0	0.286717	0.38222	4.2314211	0.1154122	0.278241	0.8927212	10.5587481	2.2066	0	0.0579557	0	0.134207	0	0.0332485	0	2.43328
K01060	cephalosporin-C deacetylase [EC:3.1.1.41]	0.0644996	0.296733	0.0556785	0.0624095	0	0.0372942	0	0	0.0640874	0.207021	0.3601792	0.348761	0.57046	2.83903	0.4628854	0.0655799	0.259078	0.2327738	0.0490688	0.280661	0.115758	0.445055	0.580254	0	0	0	0.050972	0.506538	0	0.0956919	0.329498	1.27199	0.635671	0.518045	0	0.16073	0.2929	1.662726	0.0579328	0.1540961	0.0630651	2.45758
K01061	carboxymethylenebutenolidase [EC:3.1.1.45]	0	0.20543	1.83846	0	0	0.185898	1.353605	0.0480739	0	0.625052	0.749421	0	7.04422	6.22034	25.6048	0	0.353105	0	0	0	0	0.0428441	0.037925	0	0	0	0.131461	0	0.817039	0	0.207901	0.0263222	4.7435277	0.7062415	0	1.30322	0	0	0	0	0	1.506658
K01064	wingless-type MMTV integration site family, member 9	0	0	0	0	0	0	0	0	0	0	0	0	0	0	0	0.0410688	0	0	0	0	0	0	0	0	0	0	0	0	0	0	0	0	0	0	0	0	0	0	0	0	0	0
K01066	esterase / lipase	3.2190076	1.1649012	4.3583826	5.1804438	0.9224033	0.4575363	1.3984931	0	0.0613603	1.3145208	0.789805	0.477029	7.743745	5.9447499	27.89267	0.3524445	0.7756726	0.6277331	1.0030863	1.768312	1.186552	1.9958154	1.1585345	0.122448	2.22506	0.547477	1.5099408	0.975974	1.677207	2.935926	1.064532	0.45784	10.8623052	3.211666	0.0703223	3.481919	0.721413	0.602244	0.6233213	0.918718	2.442516	2.016957
K01068	acyl-coenzyme A thioesterase 1/2/4 [EC:3.1.2.2]	0	0	0	0	0	0	0	0	0	0	0	0	0	0	0	0.0872805	0	0	0	0	0	0	0	0	0	0	0	0	0	0	0	0	0	0	0	0	0	0	0	0	0	0
K01069	hydroxyacylglutathione hydrolase [EC:3.1.2.6]	9.2847923	10.957891	18.759601	14.7928621	13.2999588	30.5535432	35.6840179	18.4056616	22.4399283	32.5709374	38.2766409	2.5100735	20.1489278	23.094019	35.3353794	10.6636814	26.2436858	17.6229592	17.5281968	23.7920978	42.2023658	9.4583693	4.7362304	22.8430272	20.859005	14.7158483	30.5873966	23.8595078	6.625284	14.6675473	19.7806499	37.4098268	43.0912201	38.9133183	18.8901163	9.7801223	20.6351406	21.0707491	15.8406682	26.7882205	13.5997935	28.1412066
K01070	S-formylglutathione hydrolase [EC:3.1.2.12]	0	0	4.975285	0	0	0.1497372	1.325124	0.0431831	0	0.619642	1.046106	0	9.50951	7.0123	40.4998	0	0.3343841	0.0165863	0	0	0.010519	0	0.2187087	0	0	0	0.31345	0.6364702	1.07639	0.1065508	0.265096	0.0216658	24.211978	1.797415	0.0503619	0.486663	0	0.0639334	0	0	0	1.504288
K01071	medium-chain acyl-[acyl-carrier-protein] hydrolase [EC:3.1.2.21]	3.827352	3.5608159	9.9493581	0.389344	1.1870439	0.290859	0.7395088	4.9522335	1.8179476	5.1847615	4.687596	10.32261	7.352412	0.2133432	0.0628534	6.860279	0.628693	4.6195879	6.5750972	2.6532999	0.179935	32.2724303	60.3802085	5.9077738	0.3795234	2.416367	0.5839524	0.442576	0.0830507	3.1355016	1.7974234	2.1167207	12.9903498	4.0471447	1.5881901	10.7638422	3.3800061	4.5288627	0.1275061	0.9635486	2.06138	13.846036
K01076	NO_NAME	0	0	0	0	0	0	0	0	0	0	0	0	0	0	0	0.0499488	0	0	0	0	0	0	0	0	0	0	0	0	0	0	0	0	0	0	0	0	0	0	0	0	0	0
K01077	alkaline phosphatase [EC:3.1.3.1]	2.025742	29.6670558	6.950906	9.8428091	88.91911	12.262322	12.5400067	0.864087	0.170777	2.1623481	3.5334305	3.150012	17.396557	2.2776907	0.991436	6.334709	1.6557769	6.2032067	0.9336994	5.2965178	1.010309	32.1247376	56.8670429	0.7306792	1.3826302	26.6714447	25.4166609	19.18702	3.8450009	2.527065	4.7374642	5.396213	22.442344	5.5082668	9.6863622	1.39275106	2.7840202	2.5835248	0.3013098	0.117484	5.576067	12.093496
K01079	phosphoserine phosphatase [EC:3.1.3.3]	0.263927	0.551828	6.3683723	6.249662	17.0449843	28.5563499	22.0687389	0.956837	0.9421383	39.1528665	30.5453546	1.5421904	18.641474	5.2900755	7.074206	8.991872	1.14556	3.5967596	2.2348941	32.206422	0.96601096	15.537172	18.63419	23.1831281	1.328668	2.840196	2.986327	17.334285	4.4824016	2.042857	26.9017593	7.9301577	25.906841	7.7890515	6.974604	2.1906812	30.4423286	12.8234121	12.5590569	1.100537	25.5137505	18.2523238
K01081	5'-nucleotidase [EC:3.1.3.5]	0.0678403	0.144047	0.2557022	1.75706	3.62866	0.182417	0.4640606	0	0	0	0	0.687005	7.586751	0	0	1.741997	0	0	0	1.094882	0	11.0208787	6.926455	0	0.1592637	0.123693	0.216585	0.2764485	0	2.59284	0.125996	0.2588034	1.787128	0.0600511	0.306691	0.0737723	0	3.775773	0	0	4.211259	6.158327
K01082	3'(2'), 5'-bisphosphate nucleotidase [EC:3.1.3.7]	0.978615	0.634181	5.27847	0	0	0.1067233	0.542409	0.0447523	0.0621537	1.710768	5.067671	1.066555	6.9103439	4.68225	25.9314	1.7948345	0.311475	0.483745	0.233984	0.233547	0	1.1861764	0.8276784	0.0342714	0	0.5751491	0.513537	0.719634	0.814381	2.4483693	0.2095911	0.67177	8.8019638	0.761595	0	1.08733	0	0	0	0	0	0.687398
K01084	glucose-6-phosphatase [EC:3.1.3.9]	0	0	0	0	0	0	0	0	0	0	0	0	0	0	0	0.0519593	0	0	0	0	0	0	0	0	0	0	0	0	0	0	0	0	0	0	0	0	0	0	0	0	0	0
K01085	glucose-1-phosphatase [EC:3.1.3.10]	0	0	2.98996	0	0	0.0743094	0.155286	0.0118647	0	0.970233	5.82376	0	4.14038	2.70509	12.6467	0	0.293767	0.0766892	0	0.10184	0	0.0179259	0.0219676	0	0	0	0.134549	0.5463389	0.201878	0	0.015773	0	4.2475891	0.313401	0	1.00117	0	0	0	0	0	0.521148
K01087	trehalose 6-phosphate phosphatase [EC:3.1.3.12]	0	0.373167	2.93437	0	0	0.0902278	0.366255	0.0406277	0	0.0248722	0.833451	0.0289858	4.92881	3.92473	20.3222	0	0.395875	0	0	0	0	0	0.126059	0	0	0	0.23783	0.228163	1.85391	0	0.069939	0.0226994	6.72513	0.376458	0	1.37171	0	0.094814	0	0	0	0.861242
K01089	imidazoleglycerol-phosphate dehydratase / histidinol-phosphatase [EC:4.2.1.19 3.1.3.15]	1.405127	1.338016	4.96926	0	0	0.5512357	2.5513873	0.6921287	0.1955974	5.490838	1.497514	27.3555683	3.768291	4.58632	11.9641	9.813015	0.6987409	0.4610201	0.0925539	0.546071	0.29363	3.9150277	1.5937602	0.0482566	1.01749	1.276812	0.6606198	18.2059536	58.01056	1.098423	0.4779046	2.326435	6.176042	1.58768	0.367928	2.10913	0.088164	1.55868	0.1494469	0	0	2.056479
K01091	phosphoglycolate phosphatase [EC:3.1.3.18]	59.3350931	81.927603	24.3248224	91.4248991	120.7029391	75.6504398	65.8165869	55.5766148	47.9935331	28.321695	44.1721294	35.9784631	64.006942	28.872586	30.506301	22.3118416	60.0994672	35.9361809	35.8719875	57.6280922	70.4977981	56.768967	78.9747113000001	55.6307688	11.2576953	59.8763021	87.2152829	44.9072273	67.0039903	41.3697487	79.7588697	70.4041441	70.2153485	67.9745447	52.8020396	27.8950412	60.7294194	56.6143839	84.3900989	148.7587847	95.9188723	40.4371683
K01092	myo-inositol-1(or 4)-monophosphatase [EC:3.1.3.25]	1.337571	4.254514	4.73708	0.6893513	0.1752263	1.9452971	4.0952544	3.791362	2.2149141	2.4037263	2.1567239	50.4290468	28.3287513	9.24333	22.8481	10.2276357	3.3604756	4.6308566	2.933077	1.980085	1.46076	10.3739939	11.2532482	1.499401	0.5566897	2.161345	2.8438776	6.658171	62.97906	8.6298257	1.8679673	3.1271374	20.6331368	9.0658144	1.6577056	1.599232	2.158423	27.2966161	5.70778	1.957894	1.822817	3.8667063
K01093	4-phytase / acid phosphatase [EC:3.1.3.26 3.1.3.2]	0	0	1.3814	0	0	0.0231667	0.178742	0.113611	0	0.0675656	0.294049	0.425982	6.038733	0.574326	0.806586	0	0.588596	0.0906928	0	0	0	0	0.8960218	0	0	0	0.0620717	0.0798371	1.24468	1.00677	0.0713268	0	7.13386	0.3455692	0	0.53749	0	0	0	0	0	0.360556
K01095	phosphatidylglycerophosphatase A [EC:3.1.3.27]	0	0.4032271	3.60587	0.2387365	0	0.197554	1.105149	0	0	0.3348653	0.7565182	0.9215882	5.110704	7.13122	33.2503842	5.258562	0.814272	0.157888	0	0.28704	0	0.3758582	0.874935	0	0.549491	0.282932	0.449868	3.758568	6.39454	1.42117	0.523074	0.0460756	13.248675	2.107186	0	2.10337	0	0.3100591	0.0785581	0	0	2.374764
K01096	phosphatidylglycerophosphatase B [EC:3.1.3.27 3.1.3.81 3.1.3.4 3.6.1.27]	0	0	2.868233	0	0	0	0.120319	0	0	0.0181942	0.174799	0	4.95383	3.21592	17.9875	0.234746	0.3770096	0	0	0	0	0.0129753	0.0800629	0	0	0	0.223779	0.0813595	0.487771	0	15.21070409	1.80323	7.701364	0.329788	0.0371145	1.07204	0	0	0	0	0	3.165402
K01097	N-acylneuraminate-9-phosphatase [EC:3.1.3.29]	0	0	0	0	0	0	0	0	0	0	0	0	0	0	0	0.0191078	0	0	0	0	0	0	0	0	0	0	0	0	0	0	0	0	0	0	0	0	0	0	0	0	0	0
K01101	4-nitrophenyl phosphatase [EC:3.1.3.41]	0	0.0312723	10.8798924	0.0852307	0.1771175	0	0.183581	0	0	1.504611	0.172278	0.538951	0	0.232371	0.0396982	0.769295	0	2.1709592	0.6684116	0.138	0.0360243	36.786595	68.231926	0.4964451	0.344292	0	1.31698	0.0232116	5.075235	1.9342975	19.214092	2.084369	6.85091	0	0.0551812	2.4581025	0.152264	0.0990196	0.192901	0.0970542	0	6.220011
K01102	pyruvate dehydrogenase phosphatase	0	0	0	0	0	0	0	0	0	0	0	0	0	0	0	0.0736757	0	0	0	0	0	0	0	0	0	0	0	0	0	0	0	0	0	0	0	0	0	0	0	0	0	0
K01104	protein-tyrosine phosphatase	89.4868846	110.4546258	70.4835421	102.4680616	291.8540329	71.3729585	51.1165251	57.3654027	64.0664319	111.182871	93.8437092	10.5834569	77.3225905	27.7303262	29.0867507	17.2888667	47.298456	38.5173577	66.5490729	172.7864503	111.6529553	164.0228555	257.4153748	40.908692	33.1490223	85.4077429	87.2941484999999	19.8094499	7.6912963	36.9561585	109.7210398	47.9196956	103.2395848	53.4955263	66.0377884	46.4780269	110.0535686	105.1839803	158.212743	132.1993878	194.3004637	80.3740115
K01107	inositol polyphosphate 1-phosphatase [EC:3.1.3.57]	0	0	0	0	0	0	0	0	0	0	0	0	0	0	0	0.0282636	0	0	0	0	0	0	0	0	0	0	0	0	0	0	0	0	0	0	0	0	0	0	0	0	0	0
K01113	alkaline phosphatase D [EC:3.1.3.1]	0	0	0	0	0	0	0	0	0	0	0	0	0	0	0	0	0	0	0	0	0	0	0	0	0	0	0	0	0	0	0	0	0	0	0	0	0	0	0	0.071199	0	0
K01114	phospholipase C [EC:3.1.4.3]	0	0	0	0	0	0	0	0	0	0	0	0	0	0	0	0	0	0	0	0	0	0	0	0	0	0	0	0	0	0	0	0	17.54707	0	0	0	0.0420214	0	0	0	0	0
K01118	FMN-dependent NADH-azoreductase	0.0621456	0.7594122	5.3860813	1.632173	0.2672041	0.6749999	10.702943	0.2578256	0.0544138	1.2706427	4.149992	1.5322818	4.798601	6.5545215	21.288073	0.129245	1.2515861	0.75871	1.332872	0.704525	0.3341892	0.9213731	2.6757	0.1493445	1.0845437	0.285392	0.776963	1.4097656	0.7147467	5.155904	1.0628271	0.1372494	26.438854	2.1302307	0.765097	8.4855122	0.2233714	0.37804	0	0.1090632	0.5959143	5.688466
K01119	2',3'-cyclic-nucleotide 2'-phosphodiesterase / 3'-nucleotidase [EC:3.1.4.16 3.1.3.6]	4.2957809	3.6131669	5.2126578	0.653629	1.257821	1.1583436	8.601497	5.2278493	2.627334	3.625209	3.2974118	3.0372219	5.2291771	3.8147829	18.148897	8.4029961	0.573683	7.2250978	7.8629968	2.2372205	0.07085	1.8480219	3.2850292	8.852086	2.016799	5.3856398	0.954276	3.7216184	8.91987	2.2224621	1.2845012	1.8229254	20.096145	4.6278544	4.0036072	2.7693151	4.073284	9.4875856	7.0812332	2.901704	3.696821	11.2553585
K01121	2',3'-cyclic-nucleotide 3'-phosphodiesterase	0	0	0	0	0	0	0	0	0	0	0	0	0	0	0	0.0473903	0	0	0	0	0	0	0	0	0	0	0	0	0	0	0	0	0	0	0	0	0	0	0	0	0	0
K01126	glycerophosphoryl diester phosphodiesterase [EC:3.1.4.46]	6.8461345	5.1504045	10.4777011	6.8006862	1.2520877	3.081653	13.8887287	6.1539487	3.3580245	12.0491749	7.9047574	25.0005059	16.3164098	9.751721	27.4990818	23.5193254	5.1649035	14.0326754	4.4314637	6.4918797	4.3952324	12.6187076	10.5064886	5.453142	6.6058006	10.371533	4.1442496	15.3144396	63.3452646	8.6453545	26.4148938	13.0126196	31.3925047	12.6409817	2.3538495	6.6124125	1.6543764	5.3637433	2.9913095	3.1138366	4.2152288	9.5702163
K01129	dGTPase [EC:3.1.5.1]	45.1792764	22.0603674	8.3288327	15.5735923	16.2969787	34.3243458	20.9348474	10.9671669	7.5970957	7.3918179	5.4633809	3.5150278	8.2321974	2.1758713	0.3476491	13.1486965	4.4699415	8.357477	8.596817	31.9006434	21.8820753	8.6768667	8.3076401	1.6782159	1.0684642	12.8321858	5.4065287	17.8191509	4.337505	10.3326202	8.8648237	10.7127929	38.8839535	13.1467962	8.4069882	2.1327527	30.047485	33.5208689	47.1712258	57.2519113	46.227143	10.6591614
K01130	arylsulfatase [EC:3.1.6.1]	0	0.0429549	0	0	0	0.0101307	0.1983774	0.1012392	0	0.0632447	0.805599	27.4075719	21.0969493	0	0	4.3672835	0.516119	0.318348	0	0	0	4.3804666	8.51044	0	0.53345	0.242019	0.1701812	3.3516	2.44586	3.3318982	0.3817776	0.781873	20.417392	8.040009	0	0	1.55762	26.2671286	2.53147	0.3027664	0	0.284647
K01134	arylsulfatase A [EC:3.1.6.8]	0	0	0	0	0	0	0	0	0	0	0	0	0	0	0	0.0998805	0	0	0	0	0	0	0	0	0	0	0	0	0	0	0	0	0	0	0	0	0	0	0	0	0	0
K01138	NO_NAME	0	0.437151	5.60762	0	0	0.0930282	0.4967128	0.0602408	0	0	0	0.0238067	10.40658	6.78367	39.29353	0	0.729188	0	0	0	0	0	0.11295326	0	0	0	0.292141	0.24199	0.0398577	0.02679987	0.03693366	0.0196481	8.782948	0.166732	0	0.493497	0	0	0	0	0	0.830194
K01139	guanosine-3',5'-bis(diphosphate) 3'-pyrophosphohydrolase [EC:3.1.7.2]	0	0.27642	3.64963	0	0	0.258909	3.5928	0.0150555	0	0.446445	0.176386	0	4.65314	4.77648	8.85625	0.300949	0.210797	0	0	0	0	0.0961294	0.22327	0.0143941	0	0	0.28707765	0.10548267	0.5688226	0.0162396	0.670639	0.0110197	4.4714043	2.03744	0.272084	0.557948	0	0.0226312	0	0	0	2.24117
K01141	exodeoxyribonuclease I [EC:3.1.11.1]	0	0.383423	1.09659	0.077423	0	0.0250532	0.4515123	0.1214792	0	0.0281518	1.08151	0.0658957	0	0.989647	3.162604	0	0.173016	0.0132386	0.0484453	0.0503717	0.0888773	0.016094	0.232357	0.536552	0	0	0.202304	0.3130015	4.225059	0	0.225447	0.0373076	16.469338	1.16725	0.0885475	0.437524	0	0.0176701	0	0	0	1.67084
K01142	exodeoxyribonuclease III [EC:3.1.11.2]	24.0785295	17.512276	8.2277223	16.2022904	12.7281896	12.0260457	9.9437015	8.7609964	7.2968935	18.6639312	14.500808	5.163943	13.0459334	10.5369351	30.2658673	8.333958	5.4401777	8.955666	10.9875535	24.2135887	18.9045549	9.7063522	10.8489508	6.3690597	5.206196	9.292104	15.450899	3.1024699	1.260404	7.5839759	4.0379746	7.1616218	17.013519	8.5261006	5.9472152	12.7420064	13.3999909	21.5745535	38.0024574	44.5291877	34.4948784	8.8130464
K01143	exodeoxyribonuclease (lambda-induced)	0	0	0	0	0	0	0	0	0	0	0	0	0	0	0	0	0	0	0	0	0	0	0	0	0	0	0	0	0	0	0	0	0	0	0.0798829	0	0	0	0	0	0	0
K01146	NO_NAME	0	0.372893	3.253784	0	0	0.5261795	2.453067	0.031275	0	0	0.354791	0	1.89865	1.98699	7.37448	0.271088	0.303765	0	0	0	0	0.0563984	0.2129747	0	0	0	0.24766	0.123852	0.690718	0	0.3996225	0	9.735392	1.629823	0.0403143	0.647267	0	0	0	0	0	1.181238
K01147	exoribonuclease II	0.0927098	0.58674	5.29617	0.437211	0	0.131626	2.423126	0	0	1.345381	3.888481	0	3.13667	5.6552	9.548572	0.920853	0.2648532	0.398602	0.380082	0.154713	0	0.311383	0.1370791	0.0492453	0	0	0.154201	0.9683861	0.703488	0.103125	0.8556071	0.0950056	6.7423601	0.980011	0.1856633	1.883685	0	0	0.0603397	0.317257	0	2.052685
K01150	deoxyribonuclease I	0.280772	0.6061346	3.08677	0.543985	0	0.0451139	0.751454	0	0	0.0221214	0.853187	0	4.0949	3.10328	13.1537	0.590219	0.732988	0	0	0	0	0.071203	0.12108	0	0	0	0.215809	0.164396	0.88766	0.0768953	0.330135	0.0761733	8.5916651	1.392296	0.100913	0.927291	0	0	0	0	0	2.06284
K01151	deoxyribonuclease IV [EC:3.1.21.2]	15.924034	5.074947	12.0955721	15.50238	4.7845905	17.8973725	12.6268941	11.7525323	8.5164463	4.5640375	5.568839	53.0034762	42.8837616	10.70704	31.6450476	15.5530853	9.1477842	5.605765	4.6413285	8.610462	15.498637	11.4923591	15.8198024	4.3785395	4.2216256	9.7118046	12.0672639	34.286294	56.7643649	17.9522015	6.2361678	6.3866495	22.9688878	19.4413222	2.4266567	11.653216	13.1967402	33.9351836	7.8061007	12.8114004	16.763123	8.9042466
K01153	type I restriction enzyme, R subunit	38.0445899	24.4157062	7.1585701	23.3320874	32.7401977	20.0600016	13.4758636	8.6392542	22.6340468	27.1483437	14.5788268	19.6449454	11.9666048	22.948601	4.498984	25.4157009	10.5106848	14.2470155	13.7506284	32.6399261	23.384067	39.6344182	39.9062767	9.518921	2.7567178	17.7405619	22.7436547	13.1357927	6.5597555	22.0283767	28.9138263	16.8790805	29.9004044	16.5399967	16.8366915	9.5687479	25.6768997	34.262013	33.8014976	60.611448	29.2226032	9.8864498
K01154	type I restriction enzyme, S subunit	33.8495653	30.7697834	17.2044189	19.6470944	20.5400053	19.6630288	15.8696153	10.6655985	11.7103593	4.9257628	6.2514048	22.5341914	10.4844177	14.950051	2.4412988	9.0320065	14.0912981	6.0918409	10.4023871	4.6526677	4.742879	12.924374	14.3598813	18.0280547	3.4588252	14.1816881	7.9259624	12.7054321	0.5838192	27.3991192	15.9438164	21.667843	15.4416017	6.52656	37.5323262	15.7607927	30.129061	41.6128882	19.8744152	62.5840399	14.102304	16.9770843
K01155	type II restriction enzyme	1.40703	0.4304257	0.507865	2.626967	0.7600429	0.850208	0.313901	1.915049	0.4200793	1.618879	1.4856783	1.637082	2.29055	4.712392	1.5997189	9.6511265	0.864207	1.1876646	1.047773	0	0	2.2552831	0.9235137	0.145085	0	1.3739536	1.30096	0	0.236483	2.8289445	1.4177263	10.2281842	3.200479	1.268256	0.1616128	0.7708433	15.0930808	6.2613801	3.6691708	19.235653	7.500986	5.931439
K01156	type III restriction enzyme	0.0566464	0.0688483	0.1782116	3.3919924	0.515889	3.2235063	0.906116	2.0888925	0.3064112	0.2615494	0.9966275	32.8017997	8.8397082	0.1129797	0.203719	5.1670882	1.8213897	1.1018316	0.741694	21.1751653	1.5837371	29.1264839	42.2247704	1.7972962	0.103029	4.535574	4.889482	5.3400567	56.2417702	1.4445689	4.1760431	1.258817	14.698043	1.730606	5.5835944	0.3861203	0.7643631	1.8726111	2.9854121	0.7697155	0.121832	4.013287
K01158	deoxyribonuclease II [EC:3.1.22.1]	0	0	0	0	0	0	0	0	0	0	0	0	0	0	0	0.0214636	0	0	0	0	0	0	0	0	0	0	0	0	0	0	0	0	0	0	0	0	0	0	0	0	0	0
K01159	crossover junction endodeoxyribonuclease RuvC [EC:3.1.22.4]	24.4891093	44.0753269	20.5861254	35.3720315	88.9008407	43.0380219	22.4422125	27.0768467	18.2818158	17.8858818	13.0775286	60.335407	54.2655477	6.6385578	12.2340591	36.339887	22.7351157	10.8351248	4.8747282	34.5444312	4.8517247	51.4589669	72.2086239	2.48448773	10.8698728	42.1360895	47.4186849	50.991516	68.8817799	20.9243558	60.2165469	24.4211979	49.1032416	19.4282349	18.877774	11.4016071	49.1445381	53.4222638	51.7195117	16.7578888	22.0311518	22.7264187
K01160	crossover junction endodeoxyribonuclease RusA	0	0	3.26974	0	0	0.0787905	0.433378	0	0	0	0.4161446	0	0	0.199258	0.121351	0	0.2160584	0	0	0	0	0	0.0770559	0.227472	0	0	0.282679	0	2.7512	0.0866426	0	0	7.37494	0.0793505	0	1.99825	0	0	0	0	0	0
K01161	deoxyribonuclease (pyrimidine dimer)	0	0	0	0	0	0	0	0	0	0	0.019539	0	0	0	0	0	0	0	0	0	0	0	0	0	0	0	0	0	0	0	0	0	0	0	0	0	0	0	0	0	0	0
K01163	hypothetical protein	7.463971	5.0088465	2.3778367	6.9437125	1.0026104	3.2579832	8.8253452	6.8422798	5.4235206	9.3575314	16.0449932	9.804058	7.3635721	8.3056096	3.3359938	19.0801389	17.207783	2.416051	2.98722	11.1306376	27.2799511	10.7663056	7.7573877	0.6703966	5.1780484	14.3453473	3.0359099	15.698527	4.8975283	10.202242	10.7138851	23.1308703	10.3018111	22.7855411	9.4022151	1.0594928	2.3687982	9.0692965	13.1731296	4.0776741	3.8161087	3.213037
K01166	ribonuclease T2	0	0	0	0	0	0	0	0	0	0	0	0	0	0	0	0	0	0	0	0	0	0	0	0	0	0	0	0	0	0	0	0	0.438103	0	0	0	0	0	0	0	0	0
K01167	ribonuclease T1	0	0	0	0	0	0	0	0	0	0	0	0	0	0	0	0	0	0	0	0	0.0442388	0	0	0	0	0	0	0	0	0	0	0	0	0	0	0	0	0	0	0	0	0
K01168	pancreatic ribonuclease	0	0	0	0	0	0	0	0	0	0	0	0	0	0	0	0.061104	0	0	0	0	0	0	0	0	0	0	0	0	0	0	0	0	0	0	0	0	0	0	0	0	0	0
K01169	ribonuclease I (enterobacter ribonuclease)	0	0	1.276911	0	0	0.0351764	1.615489	0	0	0.7548174	0.257125	0	6.28975	4.28941	17.6387	0	0.252167	0.0210714	0	0	0	0.104041	0.1894537	0	0	0	0.235658	0.0132497	0.398904	0	0.3314443	0.0215758	5.37968	0.621002	0	1.75296	0	0	0	0	0	0.754757
K01170	tRNA-intron endonuclease	0	0	0.190392	0	0	0	0	1.27013	0.122201	0	0	0	0	0	0	0	0.598006	0	0	0	0	0	0	0	0	0	0	0	0	2.52842	0	0	0	0	0	0	0	0	1.76273	0	0	0
K01172	NO_NAME	0	0	0	0	0	0	0	0	0	0	0	0.0825469	0	0	0	0.1082499	0	0	0	0	0	0	0	0	0	0	0	0	0	0	0	0	0	0	0	0	0	0	0	0	0	0
K01173	endonuclease G, mitochondrial	1.023344	0.882631	0	0	0	0.0912987	0.5336166	1.7074346	0.0684613	1.3008728	0.1944649	5.2589989	1.8747226	0	0	6.042714	0.0867635	0.13669	0.0597052	0	0	1.96208	0.600287	0	0	1.6831818	0.103537	1.09507	0.213911	0.303011	0.4074314	2.281033	10.0900364	0.4543984	2.825479	0	0.346898	4.9797028	9.29115	1.40531	0	0.117201
K01174	micrococcal nuclease	0.0859995	0	0	0.677197	0.120356	0	0	0	0.122349	0.0470503	0	0	0.180059	0	0	0.125198	0	0	0	0.434909	0.157852	0	0	0	0	0.137179	0.295406	0	0	0.0932064	0	0	0.176303	0.119507	0	0	0	0	0.0746062	0	0.464389	0.18808
K01175	NO_NAME	0	0	0.9166378	0	0	0.0818652	0.371083	0.0497418	0	0.358358	1.17215	0.109368	1.60736	0.655024	0	0	0.371445	0	0	0	0	0.0175637	0.160126	0	0	0	0.166992	0.677996	3.4144	0.0450119	0	0	3.27428	0.634412	0	0	0	0.0571346	0	0	0	0.1335008
K01176	alpha-amylase [EC:3.2.1.1]	0.124819	1.0095992	10.0176357	2.5650213	7.17062	10.2804414	12.1373699	10.439428	6.2977235	2.6440148	0.5162235	12.6057425	15.2893018	2.8838679	12.28932	9.2247679	0.7477786	6.5163322	3.398574	3.86763	0.5106894	20.936144	47.6875949	1.3833657	1.148603	4.963847	4.2223639	3.3430859	11.86249	2.870956	13.9157327	5.80028	12.5945028	1.6796401	5.338214	4.09443	0	0.1976635	9.0330805	0.9314328	0.643545	4.1311935
K01179	endoglucanase [EC:3.2.1.4]	0.609168	6.8255009	0.3775807	0	0.5895579	0	0	16.0586116	5.328602	0.0710367	0	2.1927511	18.088576	0.0612603	0	3.2383221	3.0569114	0.0840078	0.1779084	0.101308	0	6.3290274	7.45804	1.143929	0.4554313	40.34621	1.67336	0.0957147	0	14.945027	3.651193	0.831815	0.0688733	0	0.944594	0	0.119857	0	6.032757	1.1888572	0	5.5791251
K01181	endo-1,4-beta-xylanase	0	0	0.0761053	0	0	0	0	0	0	0	0	0.696311	0.0671029	0	0	1.15478	0	0	0	0	0	0	0	0	0	0.0878669	0	0	0	1.7385	0	0	0	0	0	0	0	0	0	0	0	0.0397427
K01182	oligo-1,6-glucosidase [EC:3.2.1.10]	10.946689	53.513435	16.350411	30.3782058	20.7175	21.1697357	26.7973074	20.2020097	20.671794	2.3167235	6.9843182	3.868964	4.9433669	10.352057	1.1200644	5.1534318	27.9458894	14.6736478	11.7027	16.9868603	41.19776	12.7517603	21.5740948	9.0178924	1.7926273	22.6228243	17.5215206	0.4776307	0	10.5381751	43.2730357	41.2258544	3.4616398	2.9554106	19.884666	14.2077085	3.9003602	4.0638615	18.4958476	13.2741478	7.8636184	4.4660846
K01183	chitinase [EC:3.2.1.14]	0	0	0	0	0	0.198461	2.0386864	0.238276	0.253318	1.20646	1.49598	0.808983	3.3053722	0.895996	0.129317	6.51253	0.7247243	0.234698	0.102572	0.46547	0.381298	1.178657	0.559666	0.758289	0.884878	2.46609	0.7295357	16.203886	0.054993	3.84194	0	0.30634	2.636028	3.25472	0	0	2.37164	0.850746	0.124008	0.108686	0	0.040532
K01185	lysozyme	0	0.341318	1.1772369	0	0	0.11985746	1.52303866	0.2292372	0.230715	0.1435194	0.3307176	2.0818297	0	5.645436	25.8821	0.1347417	0.17557041	0.30694434	0.199037	0.0950326	0	0.20439852	0.2513983	0	0	4.33293	1.7345183	0.9153572	0.128987	0.0452325	1.4104291	0.2357108	7.7202041	2.186311	0.183308	8.02366	0.234586	0.683182	0.0143394	0	0	2.5351616
K01186	sialidase-1 [EC:3.2.1.18]	0.329661	0.268218	0.0232231	1.84433	4.00639	0.2775872	2.585692	0.568767	0.162475	2.69082	1.9963064	29.0886222	19.653102	0.59208	0.160453	16.389063	0.6532965	0.5109094	0.185115	1.3739299	0.7848195	14.6046815	11.104176	0.619765	1.9483451	2.848562	0.8790614	33.003339	53.2212504	4.3827687	0.0825464	1.590937	6.7232223	8.876395	0.128143	0	3.0529333	15.6611833	1.7700935	0.3299774	3.7860561	9.000494
K01187	alpha-glucosidase [EC:3.2.1.20]	7.5387146	8.6717514	6.5947514	2.8814465	5.3296867	2.2215565	8.5906171	4.0138294	1.8380647	7.0095934	5.073694	6.1405307	22.7751348	2.9068861	13.088463	31.5927948	1.6628876	2.4423073	0.9301239	3.8425394	1.1352875	17.7945717	13.8002294	4.0681178	3.6383727	6.9431737	3.0924022	39.667069	11.635411	6.8759813	2.7120519	4.8256388	20.679181	8.7261254	0.221786	2.7156264	4.832326	5.745775	1.1607425	0.4999711	6.761924	16.9525165
K01190	beta-galactosidase [EC:3.2.1.23]	27.4267272	12.499771	11.4346022	6.3235256	7.4930188	28.0514694	21.8606071	18.8638753	12.2405113	24.1605029	16.978268	81.9747102	45.2704273	4.2229181	0.108859	57.21242023	11.8391958	22.9534463	46.2036186	9.5532206	4.124732	39.5920729	28.8788565	17.3935931	14.0748817	37.3567287	25.9245649	47.3890346	118.176754	34.5372563	10.2019835	17.2247537	29.7065941	22.200096	13.609493	4.6510652	32.6458381	45.8262017	11.9084626	3.3743071	11.5746987	37.9296103
K01191	alpha-mannosidase [EC:3.2.1.24]	0	0.0655565	0	2.284022	1.460327	2.455294	0.913359	2.371939	1.865499	1.660637	0.0490081	0.808392	0.879762	0.1328644	0	6.963494	0.1670585	5.454929	2.889826	2.827884	0.100747	4.082396	7.4149741	1.778339	1.5229744	1.358479	0.0672908	8.370544	4.01332	1.328252	2.406085	3.166694	0.9972817	0.3831642	0.3908714	0.3827908	10.10038	3.6289935	0	0.229875	1.5119843	0.7332653
K01192	beta-mannosidase [EC:3.2.1.25]	1.928041	7.2914431	5.11171	8.43689	6.028	21.2805648	20.2369391	3.086732	6.7883653	1.9147422	1.846789	7.096157	4.1270927	1.69011	0.734652	7.0636307	5.2599462	5.2328915	6.7232226	1.873353	0.1961297	6.442791	3.6060715	0.983404	0.6015118	2.2886929	1.4258586	8.6666025	3.20137	7.479451	8.7566669	9.792273	1.616264	1.1767327	3.744276	0.611766	11.662785	6.130877	5.0527837	26.0210575	0	0.728557
K01193	beta-fructofuranosidase [EC:3.2.1.26]	82.2162452	58.393695	10.8439488	34.2212854	39.9542895	66.2571519	61.792303	22.0887717	29.1472808	84.7027958	76.4609356	3.8976463	14.837007	30.6581931	8.7793026	12.2939681	18.0103555	30.8018086	28.0718691	111.3730141	118.7485192	12.3986644	13.1899176	48.4293129	33.3918843	43.2955885	83.2525667	17.7260063	5.60456	16.3795311	25.3687066	46.2521096	46.4892465	67.6416121	28.6200513	30.6535833	58.4549893	69.5262859	92.583792	146.7024768	131.620847	17.8880524
K01194	alpha,alpha-trehalase [EC:3.2.1.28]	0	0.593384	2.585399	0	0	0.0302448	0.8015314	0.0753532	0	0.7125418	1.924319	0.0705055	0.0317088	0.795362	0.0987364	0	0.4856112	0.1715226	0	0	0	0.034745	0.3032191	0	0	0	0.252471	0.135251	5.99947	0.0162302	0.272223	0.035244	15.56906	1.6672181	0.0461315	0.0975769	0	0.2089177	0	0	0	1.651863
K01195	beta-glucuronidase [EC:3.2.1.31]	12.352986	5.7594696	9.31007	1.081774	1.2437096	6.4163014	5.5527386	11.0248293	11.7119758	13.566105	10.1606719	1.237646	6.6422934	3.3836226	6.965709	5.2026858	9.0365447	9.064028	18.061578	2.494049	1.976926	3.994732	2.0481461	21.011511	22.307912	10.137481	3.797172	9.035144	0.111854	4.0757	6.1575654	4.525965	4.632519	2.714338	3.9893363	1.864285	7.929714	9.8032971	0.195009	0.4147093	18.708476	16.77244
K01197	hyaluronoglucosaminidase [EC:3.2.1.35]	0	0.0832073	0	0	0	0	0.159337	0	0	0.120361	0.0595247	0.374759	0.1374	0.1192766	0	3.4158459	0.332467	0.20195	0	0.120991	0.0546822	0	0	0	0.527128	0.185057	0	2.97776	3.58615	0.178826	0	0.12356	0.147987	0.0696047	0	0	0	0.183009	0	0	0	0.225534
K01198	xylan 1,4-beta-xylosidase [EC:3.2.1.37]	3.1887948	2.488668	4.810575	1.5144601	1.183341	5.61202	9.4549259	14.6696011	12.564447	2.262952	2.0931002	3.109011	4.4111369	3.1395364	0	4.741226	1.771273	14.3491317	11.7298132	8.229314	0.0569863	3.0403821	2.47618	6.3522955	5.8444621	22.8697013	4.0848916	6.3653178	0	8.6021683	1.5323746	2.4474539	0.758292	0.5113297	1.9194697	1.7421675	12.2375507	2.1680681	0.897591	0.9767745	3.4658364	5.3233443
K01200	pullulanase	11.0260913	47.17464	19.7373392	10.577153	104.1834665	3.29513	13.9923992	29.788119	33.555124	20.5243555	13.1352911	0.859854	19.168951	3.9173589	0.3480947	4.2386045	5.2271371	19.188898	48.3418272	6.3348594	6.193047	23.277607	46.341928	10.7465007	4.8286002	44.53033	27.5961636	6.4102935	7.3080466	2.2558451	6.3913311	11.271231	4.080686	2.48798114	25.6348285	2.6456567	17.31364	8.9298784	1.362702	10.863215	7.322412	7.205413
K01201	glucosylceramidase [EC:3.2.1.45]	4.4377716	34.4764735	8.27396	6.48523	73.5547	17.1987516	8.9456205	10.7416214	8.6952765	1.5506274	0.452974	4.102183	8.796955	0	0	9.381129	1.2896212	7.1856462	1.48777	3.186413	0.5534238	20.246824	45.066468	0.0678148	0.979387	23.9565269	23.363433	8.5108373	3.92843	5.2792127	24.3393822	10.233193	3.7846319	0.3967852	6.30841	0.613551	0.0789941	2.182141	0.105219	0.0660338	20.067	2.569196
K01205	alpha-N-acetylglucosaminidase [EC:3.2.1.50]	1.354076	3.150223	0	0	0	0.229878	0.739899	0.2722929	0.251383	2.368216	0.399339	4.47399	0.238195	0	0.0371219	5.661738	0.139211	0.317593	0.0511208	0.330375	0.0735384	1.81713	0.907587	0	0.701286	2.739043	0.3003904	9.84213	0.334476	0.5085307	0	0.839188	2.295083	1.4091505	0.1794274	0	0.159331	4.73878	0.0660374	0.0393449	0	0.4995031
K01206	alpha-L-fucosidase [EC:3.2.1.51]	3.1088645	12.5768233	5.719907	20.1939169	14.652886	53.4227921	53.8226773	11.7260719	16.149344	33.506634	29.397819	27.6763538	22.6174342	14.8841394	5.699024	34.0800182	10.234838	16.195724	21.1665263	7.425901	2.3030563	11.017019	6.0738077	43.7296075	15.1844489	13.403759	5.1462377	62.3579625	59.4072058	10.875521	10.9866906	20.5372987	10.8931042	15.5869824	20.3372228	9.537181	34.8035503	21.079108	18.0280732	50.4160691	1.6952416	5.0320151
K01207	beta-N-acetylhexosaminidase [EC:3.2.1.52]	2.229078	4.335573	9.8972149	0.5702529	0	1.368245	10.8446583	2.6530804	5.044981	2.954299	8.185874	0.114545	12.716451	6.1977251	15.1505583	1.115294	4.278105	4.5413057	5.6068847	3.547305	9.43765	2.0210695	1.723267	1.2392227	0.7516747	1.828422	2.0189292	2.7233352	1.17067	2.000709	2.788717	1.536243	18.8945554	2.6530641	2.036536	5.5567	0.2237743	0.7817388	3.7127072	6.485191	11.866327	5.485715
K01208	cyclomaltodextrinase / maltogenic alpha-amylase / neopullulanase [EC:3.2.1.54 3.2.1.133 3.2.1.135]	0	0	0.455924	0	0.455648	0.0695357	1.61397	3.04526	1.54373	0.217709	3.20557	0	0.438019	1.26386	0.0184198	0.0901098	1.91825	8.7068542	8.9197	0.181115	0	2.339702	0.702561	2.05481	0.977146	2.48435	0.399366	1.16219	0	1.15858	0	0.852745	0.0880703	0.824084	0.874759	0.5580419	4.41031	0.895801	0.146746	0.622014	1.07851	5.7468643
K01209	alpha-N-arabinofuranosidase [EC:3.2.1.55]	14.4162018	9.904557	6.5821383	13.0840561	9.004811	48.463417	32.229111	16.7596674	13.3162775	4.0527387	3.9035426	21.0623573	13.0863237	5.7198824	1.58483	14.4187786	10.92836	16.0033109	16.2062217	10.102777	8.3178183	11.2608401	10.2176062	22.8814468	7.0849288	35.0686592	32.5245358	29.3732046	49.92626	12.0764312	8.5930822	13.3818858	4.9022295	4.9634347	10.9836891	2.525638	25.2725301	12.0793065	5.851811	26.0338114	6.5205917	8.1410689
K01210	glucan 1,3-beta-glucosidase [EC:3.2.1.58]	0	0	0	0	0	0	0	0	0	0	0	0	0	0	0	0	0	0	0	0	0	0	0	0	0	0	0	0	0	0	0	0	0	0	0.061027	0	0	0	0	0	0	0
K01212	levanase [EC:3.2.1.65]	0	0	0	0	0	0	0	0	0	0	0	0	0	0	0	0	0	0	0	0	0	0	0	0.139587	0	0	0	0	0	0	0	0	0	0	0	0	0	0	0	0	0	0
K01214	isoamylase	11.1183045	2.818188	5.927763	12.3857814	20.5897869	51.9882015	27.0587827	11.84126	7.76718	2.7179809	14.6410604	2.563471	11.681571	8.4401663	3.5904701	3.8867623	15.826195	6.867881	4.1617009	31.0030942	28.066221	10.55535	17.1787127	4.0906453	0.7100975	3.85943	5.7269152	3.5124622	0	5.3048995	37.369957	28.329107	21.381061	21.5385339	5.5577125	3.4994665	37.4310498	15.860143	18.90522	5.7359476	21.3934926	10.2097078
K01215	glucan 1,6-alpha-glucosidase	1.74475	0.41619	1.8639835	2.5977237	0.0916924	0.0431389	6.82876	0.1742665	0	0.824375	0.8652017	2.18475	0	13.51847	0.641857	0.0727169	16.6142874	0.061947	0	0.508183	2.542676	0	0.9455047	6.286871	0.4271614	0	0.2200853	0	0.143289	1.8160511	0.297556	0.039033	0.121451	0.5523568	13.2269	4.7412352	0	0	4.64779	0.136559	3.18695	3.2777364
K01218	mannan endo-1,4-beta-mannosidase [EC:3.2.1.78]	1.1082491	16.048387	0.3258111	0	0.113252	0	0.3675918	9.550836	4.333124	0.813544	0	34.471269	6.5278958	0	0	11.9609617	1.4810699	0.0637858	0.0826383	0.497303	0	4.090533	2.3440311	0.33887	0.160862	10.0804393	1.1330729	10.6175373	92.6425	9.172861	0.2693263	0.5192215	0.0619816	0	0.4805862	0.0845902	0.1971006	0.636576	0.500659	0	0	3.381347
K01220	6-phospho-beta-galactosidase [EC:3.2.1.85]	0.140938	0.0521839	0.5565125	0.302185	0.263452	0.12664	0.217329	0.1251357	0.0989164	5.838125	3.46381	0.862835	0	0.135236	0.0767504	0.9523076	0	0.249767	0.393586	1.70519	0	0.176733	0.0177152	0.600835	0.0796964	0	0	0.0699989	4.77849	0	0.795892	0.260807	0	1.0644	0.460021	3.644333	0	0	0	0.0662035	0.2088245	2.9939104
K01222	6-phospho-beta-glucosidase [EC:3.2.1.86]	0	0.239839	3.7284903	0.141519	0	0.093851	1.888553	0	0	0	0	0	6.63436	6.0436	24.6559	0.063125	0.2575949	0	0	0	0	0.0214127	0.1228425	0	0	0	0.0929508	0.0970498	0.463924	0	0.248659	0	4.7416583	2.0806455	0.0176842	0.87259	0.0495475	0.0782928	0	0	0.113821	1.6175471
K01223	6-phospho-beta-glucosidase [EC:3.2.1.86]	46.18919	36.096072	48.2781572	18.2590184	21.2963434	15.8516788	35.8031043	11.2569894	20.674506	11.0720254	15.6603456	0.1003015	25.4007063	44.883851	61.7776574	7.6932519	3.6115084	16.1209808	33.6764038	28.2694173	22.26121	91.6753218	168.027874	23.75287171	22.8854104	29.9898173	48.0336683	16.324641	2.315452	16.2192229	22.6380065	8.59084732	33.9948865	20.5401205	16.6170517	20.0787479	29.70135	47.8255779	58.9717385	115.628957	11.22531	13.0790752
K01224	arabinogalactan endo-1,4-beta-galactosidase	0	0	0	1.42515	1.46531	7.5487878	3.28354	3.536892	0.5615102	0.0841549	0	0.0627928	1.251081	0.598375	0.149372	5.759814	0	3.60234	0.329899	0.815395	0.445896	0.490462	0.3171192	1.1515446	1.019597	2.17968	0.666995	0.052733	0	0.8377085	0	0.196909	2.278456	3.3446	0	0	8.20404	3.00066	0.036965	0.0618503	0.0677163	0.2415272
K01226	trehalose-6-phosphate hydrolase [EC:3.2.1.93]	0	0	2.3766339	0.475558	0	0.0695216	0.9319656	0.1031122	0	0.0577247	0.107073	1.9209	6.39063	4.60556	17.9735	0	0.384412	0	0	0.451822	0.0566585	0.0282156	0.2649744	20.8005004	0	0	0.437614	0.147137	0.48176	0.0615162	0.2870464	0	4.4416417	0.9107774	2.679337	3.408209	0	0.0418549	0	0	0.210217	2.493834
K01227	mannosyl-glycoprotein endo-beta-N-acetylglucosaminidase [EC:3.2.1.96]	37.3704	25.969	0.494246	12.2851	15.9979	13.5156	11.2165	2.87981	5.5438	6.3624	4.38141	0	0.649838	2.37561	0.1873809	0	0.207611	4.36005	4.50335	33.6441553	26.2994	2.51976	4.03124	0.0612239	0	6.07701	2.41446	1.83926	0	2.38974	0.639022	3.58644	13.342	10.4347	2.34849	0	21.0627	30.0741	44.7329	64.9211	57.0502	0.163329
K01229	lactase-phlorizin hydrolase [EC:3.2.1.108 3.2.1.62]	0	0	0	0	0	0	0	0	0	0	0	0	0	0	0	0.0509649	0	0	0	0	0	0	0	0	0	0	0	0	0	0	0	0	0	0	0	0	0	0	0	0	0	0
K01232	maltose-6'-phosphate glucosidase [EC:3.2.1.122]	0	0	0	0.209498	0	0.313854	0.453324	0	0	5.01133	7.60073	0	0	13.8616758	1.986297	0	0	0.182407	2.1984851	0.6495528	1.31557	0.103694	0	0	0	0	0	0.951651	0	0.0824118	0	0	0	0	0	0	0	0	0	1.52242	0.039355	0
K01233	chitosanase [EC:3.2.1.132]	0	0	0	0	0	0	0	0	0	0	0	0	0	0	0	0	0	0	0	0	0	0	0	0	0	0	0	0	0	0	0	0	0	0	0	0	0	0	0	0.0510854	0	0
K01235	alpha-glucuronidase	0.175237	1.063341	0	0.39723	0	0	0	0	0	0.190965	0.0693857	0.29608	0.183042	0	0	0.256363	0	0	0	0	0	0	0.08402	0.1431247	0.7880796	0.33662	0	8.3328644	0	0.2247731	0	0	0.290684	0.0644398	0	0	0	0.428112	0	0	0	0.216086
K01236	maltooligosyltrehalose trehalohydrolase [EC:3.2.1.141]	0	0	0.041147	0	0	0	0.1317807	0	0	0.696706	0	0	0	0	0	0	0	0	0	0.0694626	0	0	0	0	0	0	0	0	0	0	0	0	0	0	0	0	0	0	0	0	0	0.0620044
K01239	purine nucleosidase [EC:3.2.2.1]	0.857521	3.155354	8.780322	8.3360007	12.8485384	30.592212	11.59946	3.6499667	3.047815	0.5158725	1.2437124	5.93588	4.5821398	1.250314	0.1398905	1.678911	1.715844	5.0271307	1.44067	22.081492	2.4614718	30.6203118	65.72207	7.1557886	0.6261853	1.635644	4.197759	0.0618291	0	1.5629605	20.6729983	7.3451733	34.6479694	0.9174509	2.3182302	8.9987977	28.6837278	11.5916682	13.16563	6.2521496	20.916177	8.1611299
K01241	AMP nucleosidase [EC:3.2.2.4]	0.178231	0.443289	1.04726	0.00663626	0	0.0116146	1.140531	1.04943139	0	0.3909019	0.0778696	2.57238	3.483396	1.75357	6.01583	3.66118	0.014389	0.00693471	0	0	0	1.6608916	0.1626611	0	0	1.31044	0.134017	0.0161792	0.0589275	0.8962269	0.858165	1.206201	4.779936	1.11054	3.42195	0.608848	0.616099	3.3787	5.9032146	0.628985	0	1.36196
K01243	adenosylhomocysteine nucleosidase [EC:3.2.2.9]	55.9313102	36.2159757	20.2723962	24.22537	38.444583	72.3563085	45.0305237	16.460608	13.362768	27.5341029	24.3142458	22.6736216	36.4366372	25.4125498	13.9473604	12.6523953	29.6508227	17.115773	18.110476	106.0888978	53.9675323	29.6387524	38.4719156	3.6334853	15.24063	31.2957738	53.7135992	20.1705123	61.8279955	34.554771	70.3915665	32.5971801	51.128978	19.3224366	20.458415	8.611192	77.5234417	65.7678866	125.4791742	104.1328252	102.812205	36.5711296
K01245	ADP-ribosylarginine hydrolase	0	0	0	0	0	0	0	0	0	0	0	0	0	0	0	0.0173254	0	0	0	0	0	0	0	0	0	0	0	0	0	0	0	0	0	0	0	0	0	0	0	0	0	0
K01246	DNA-3-methyladenine glycosylase I [EC:3.2.2.20]	4.847961	6.578002	7.1549002	3.2565092	4.767709	11.6749293	7.3938223	6.9758805	11.8266282	8.7419451	4.4096129	2.9416222	6.8875942	3.988517	24.205458	2.783168	1.495619	5.89265319	6.561308	11.1058969	3.41822	1.132095	4.6825808	14.8343873	26.112881	13.2487286	4.7056736	0.2425144	1.11216	3.6860677	3.8980686	4.1390147	13.0174771	17.1793166	6.7487564	6.8788285	21.4278	17.0597	1.5313043	0.731096	3.20809	26.1718444
K01247	DNA-3-methyladenine glycosylase II [EC:3.2.2.21]	1.3437122	1.2183364	1.863068	1.158997	0.383357	0.966258	1.04641	0.67022	1.1034692	0.2634984	0.760112	0.3582883	5.1970656	1.859077	14.7440002	1.2716072	2.211029	1.365524	0.7413095	0.939403	0.999729	2.1536479	1.8647701	0	0.0954127	0.591252	1.170638	0.06964	0	2.6968827	1.183092	1.0898913	0.9896599	0.909813	0.82128	0.2995808	0	0	1.891085	1.0635	0.739582	0.3128529
K01250	pyrimidine-specific ribonucleoside hydrolase	0	0.595722	2.614812	2.1789	1.7068469	1.0983466	1.889952	3.7872302	0.746918	0.0909295	1.4208	0.211703	0.6615727	1.30674	4.06034	0.4540696	0.3864313	0.0343817	0	0.609185	0.10801	0.430291	1.950476	0	0	0.0672014	0.196981	0.101214	3.3905	1.1084791	0.431063	0	7.4606013	1.4877218	0.3360768	0.403478	0.247367	0.059623	0	0	0	1.3136976
K01251	adenosylhomocysteinase [EC:3.3.1.1]	6.154115	4.372385	0.5252347	5.4583414	0.701612	0.84101	1.5043443	4.549203	0.5599119	12.400724	3.064375	29.205997	4.9080433	0	0.0180834	15.136227	1.345175	0.820787	1.174409	4.591451	2.654457	6.193934	2.7608553	0.3456493	3.88575	1.820392	3.019433	20.9036106	62.423765	10.7891863	1.0681776	1.437273	15.792741	3.7644579	0.62352	0.0483979	2.036393	4.391787	2.3886543	0.6138459	4.27347	3.880465
K01252	bifunctional isochorismate lyase / aryl carrier protein [EC:3.3.2.1 6.3.2.14]	0	0.0407161	4.062929	0.015497	0	0.0948157	0.4465391	0.0871659	0.0330642	0.2587105	1.860992	0	5.459	6.91781	26.6403	0	0.5747427	0.110388	0	0.0924545	0	0.029134	0.11591	0.0329907	0	0	0.206534	0.353362	2.59146	0.028614	0.2982093	0.0865787	9.0784617	0.939316	0	2.69677	0	0.0620371	0	0.101628	0	1.239589
K01255	leucyl aminopeptidase [EC:3.4.11.1]	0.1113284	0.931883	10.2374785	0.622211	0	0.628236	4.4025635	0.0114159	0	1.173079	5.2913648	0.1189712	8.9028533	7.2139645	22.33815	1.3664143	1.041356	0.3833084	0.299742	0.2443252	0	0.6357944	0.878049	0.246259	0.142045	0	0.2616477	1.3388056	2.5071012	1.0438536	1.4677603	0.0782925	20.7202455	2.413822	1.2733429	1.68129	0	5.1475493	0.117118	0.0719709	0.0354167	2.428504
K01256	aminopeptidase N [EC:3.4.11.2]	11.010744	0.8584642	7.1955009	3.3642158	2.799112	20.1036937	14.6400402	4.2276332	0.5327572	9.3161257	7.8852184	5.53238	2.0172382	0.7964452	0.914455	2.6115718	0.915688	1.5897787	1.4737707	4.142538	0.091672	1.4226486	2.9578714	1.1884269	0.7004291	1.6090678	2.151128	3.8733324	4.99281	1.4910729	5.3297569	4.3907254	15.1903127	2.2518338	1.209487	6.998409	9.3993157	3.7672313	0.119276	0	0.5723837	9.2017401
K01258	tripeptide aminopeptidase	2.340224	3.2326819	9.3806652	2.2930311	1.6950755	2.9799436	8.3141783	3.5790093	2.5445284	49.8752473	43.470528	41.2034449	14.8786575	13.8542611	19.2426545	20.6537048	7.5327072	4.7176024	5.384731	16.3223895	10.637936	12.01238104	4.5142759	19.5054086	2.502988	4.184355	2.1418631	28.6844105	84.8883379	10.4123234	19.8727114	13.3275839	20.6569442	15.2963638	12.2253792	12.4588387	2.8799434	7.8548573	3.3126694	1.9851738	2.7803961	14.6116948
K01259	proline iminopeptidase [EC:3.4.11.5]	0	0	16.3072512	0.230463	0.179917	0	0.0666913	0	0	0.116185	0.438782	0.123807	0.49896	0	0	0.4136193	0.25875	2.46792	3.811657	0.140591	0	43.282091	82.3981154	5.1160802	0	0	0	0.0389008	0	0.9338163	19.3435664	3.169398	0.6021074	0	0	0.1494039	0	0	0	0	0	4.006771
K01261	glutamyl aminopeptidase	0	0	0.3035542	0.2765426	0.1655277	0	6.9673584	0	0	0	0	0	0	0.100725	0	0	0	0	0.116122	0.390151	0	0.083319	0.0354108	0.3829265	0.754167	0	1.060444	0	0	0.748428	0.863642	0.3668146	5.4524173	0.1230738	0.5747396	2.6147391	0.1947316	0.124399	0.162058	0.0871581	0.0502536	2.9766937
K01262	X-Pro aminopeptidase	7.6206844	41.9240047	12.3638225	16.8083806	85.3462312	31.2332253	16.26345	18.387551	18.6081221	10.9533477	6.071787	11.4366504	33.9675984	7.5538327	3.4314596	19.5162829	9.588254	13.24822	8.6892511	30.4291997	18.674324	28.7994346	56.4708631	5.4468201	3.549953	41.054516	40.7206818	37.7968879	7.1069348	9.6296355	27.8502236	15.1973681	34.9701425	9.1099868	13.2762977	9.8717598	30.8258069	15.6970157	16.3736344	13.8044405	33.7566962	7.346456
K01265	methionyl aminopeptidase	58.8660581	46.5825572	19.9702708	56.4633025	44.2320192	61.1686528	59.2877741	28.8833605	36.5242041	26.0391714	20.5817817	16.1274564	40.7919316	40.7235144	21.0322809	27.6764744	33.920743	25.7672377	26.5682963	75.7720879	64.494148	32.401045	25.0546443	24.476167	37.8982414	40.6447804	87.147643	48.5215342	14.4086355	31.0812002	53.0202381	36.39975459	45.0308962	33.6048106	39.7284703	18.8384391	63.1262096	63.762256	104.5025558	128.5710443	92.2248552	32.7014492
K01266	D-aminopeptidase	0.0666641	0.296176	0	0.067486	0.0504016	0	0	0	0	0	0.171235	0	0.0725071	3.16883	0.420525	0	0	0	0	0.0866899	0	0.391855	0.266205	0.188721	0	0	0	0	0	0	0	0	0	0	0	0.182468	0	0	0.0821169	0	0	0
K01267	aspartyl aminopeptidase	5.0603555	2.7942208	5.9988199	5.2507158	1.8761557	6.4635572	12.1348389	11.786997	11.953933	7.7210588	22.12964	0.6968682	5.5799664	11.623993	5.1162232	4.4706825	23.5023098	4.3007715	4.8452897	12.715245	43.3625324	2.6417926	1.8388312	2.9258506	0.401262	2.012764	3.2150038	5.5167193	2.9976	6.9891611	16.1646059	27.1210795	12.72588	28.9783257	5.7940306	6.2882178	0.8545816	0.3049012	10.3606223	11.1287702	13.3323263	2.4236946
K01270	dipeptidase D [EC:3.4.13.-]	4.999892	3.5234444	6.5004315	4.6949868	1.5547976	3.5588112	3.0169377	7.0297143	7.0128296	3.1136453	3.7132377	32.78098	14.233167	5.9779659	1.934557	15.3099341	5.4047625	4.4509052	2.748153	4.6258089	12.1601475	6.361617	3.6318159	2.844343	0.563235	4.5739606	3.2931761	7.8784042	60.33581	4.5100338	3.5967547	6.0619947	8.7840616	3.2879258	4.9791763	6.5970316	0.948355	4.3648734	11.11301	12.2172954	13.347596	3.0501936
K01271	X-Pro dipeptidase	0	0.359416	6.2992441	0.2987964	0.2695176	0.975978	4.0513243	6.7579735	0.4254229	2.14845	0.106991	0	6.05275	4.9522066	7.8729682	1.4593403	5.385006	0	0.2535109	0.566389	0	0.141004	0.9002413	0.4070238	0.690723	0	1.5392631	0.1476902	1.382882	9.226009	2.341105	0.206246	12.2648407	2.28283678	0.5648297	2.1469117	0.2145635	0.093851	8.14508	3.7389574	0.0488207	6.2623657
K01273	membrane dipeptidase	3.7954563	2.8832077	3.8297054	0.144952	1.1995719	0.3658131	1.240024	3.513211	3.131534	3.167315	3.645112	0.5587209	1.129275	0.3887048	0	0.2155171	0.7998197	7.1423239	8.280283	2.3367098	0.333022	1.090095	1.32013	10.19028	0.545266	3.6648602	0.4652109	1.058328	0	2.601336	1.1252736	0.631869	7.3074465	3.9045626	1.9132823	3.91658	3.53246	6.50587	0.1767335	1.618518	4.413309	10.9803497
K01274	D-alanyl-D-alanine dipeptidase	0	0	0.0714918	0.161409	0	0	0	0	0	0.216162	0.0671961	0	0	0.0877875	0.0799356	0	0	0.0345419	0	0.0959083	0	0.0747716	0	0	0	0	0	0	0	0	0	0	0	0.0941222	0	0	0	0	0	0	0	0
K01277	dipeptidyl-peptidase III	1.465167	2.343322	0	0	0	0.223254	0.6574462	0.2249289	0.2272714	4.4475382	0.437234	5.223648	2.192026	0	0	3.06751	0.0591617	0.456245	0.0580268	0.435321	0.15087	3.088762	0.942758	0	0.927601	1.524543	0.436837	8.63148	0.135925	0.54711	0.108405	2.374711	2.321594	1.2127762	0	0	0.0973573	2.7245433	0.0521099	0.0424696	0	0.314739
K01278	dipeptidyl-peptidase 4 [EC:3.4.14.5]	11.111	2.4380216	5.04605	6.43868	15.6351	54.744276	25.4849	5.380174	0.6452566	7.7810059	2.0931522	28.312047	14.4138756	0.6088105	0.1857496	27.920644	1.8638099	3.541036	1.1524023	29.812491	1.193608	10.659811	15.2653255	0.534277	2.723102	7.579186	4.719018	42.0630139	62.42983	5.3191501	26.3096105	14.3878273	23.7924214	6.854524	5.8337801	1.2671756	41.002559	24.0227815	22.3731014	2.2115607	22.283968	8.70966
K01281	X-Pro dipeptidyl-peptidase	0.3907034	0.161269	1.6349489	1.0783325	2.2680324	0.241471	0.450066	0.5016096	0.8661627	49.131957	36.516232	2.113463	1.9014174	2.9619716	1.1214445	1.9851499	0	2.8249572	4.0649119	11.543734	0.270331	0.4322482	1.8727679	27.1928653	0.4910715	0	0.806923	0.1308797	0	0.1394889	21.0428315	3.1125294	0.6891603	2.146034	7.1242102	18.2334565	0.231199	0.2845013	0.0638925	0.310527	1.8658141	15.8791968
K01284	peptidyl-dipeptidase Dcp	2.067698	1.247638	1.7057736	0	0	0.64841398	3.6868791	2.7665217	0.4497252	6.020753	3.703928	6.97112875	12.5224125	3.277945	11.6071785	18.512975	1.3861388	0.8924078	0.132452	1.067867	0.931039	6.4701899	2.3527761	1.1894726	1.878734	7.862039	1.7685783	30.9394786	0.2273039	5.01931	1.4320831	4.650153	7.517162	6.2941907	7.59526	0.6798392	5.973082	9.5000174	13.1871281	2.119039	0	0.4334746
K01286	D-alanyl-D-alanine carboxypeptidase	0.0860358	0	0.189334	0.3253045	0.785438	0.102621	0.301048	0	0.15505	7.15085	5.95953	0	0	0.801173	0.3275118	0.0378649	0	0.49801	0.497608	1.178982	0	0	0	0.691655	0.0928479	0	0.0822129	0	0	0	0.195829	0.0914079	0.156398	1.374168	0.8892404	0.831679	0.0579691	0.0930915	0	0.0443875	0.406872	1.57793
K01295	glutamate carboxypeptidase	0.587451	1.2189091	1.416255	0	0	1.10904	0.806998	1.0755169	1.16871	0.964816	2.580626	0	0.267727	6.458631	0.764759	0.567858	1.89628	1.34692	3.823611	1.2070158	1.5934369	1.6917483	1.427907	0.0723925	0	0.8668444	0.66037	0.797299	0	0.7325589	0.946889	0.8330613	0.1744079	0	1.5929494	0	0.2609894	0.4131215	1.5208259	1.83323	1.15834	0.2355224
K01297	muramoyltetrapeptide carboxypeptidase	0.775066	1.987481	1.26281	0	0	0.3533453	2.011572	0.5760019	0	4.97096	1.548309	4.8932855	3.137455	0.873871	1.5158326	2.56202	1.147053	0.286029	0	0.431142	0.114385	3.3693666	0.9480975	0	1.0239	1.135554	0.6455201	9.823722	3.347575	0.75096	0.4753503	1.53829	17.268426	1.4328341	0	0.929115	0.116383	2.28976	0.214497	0	0	0.699275
K01299	carboxypeptidase Taq	3.552223	2.829553	2.7499601	0.1582065	0.732932	1.040332	1.14751	2.5963244	2.832551	2.3988613	3.602459	0	0.3669365	0.5107189	0.0476091	0.637836	1.7371289	3.2922692	5.612169	1.847546	0.754103	1.122134	0.865119	6.3750621	0.0512835	2.740027	0.734354	0.784885	2.14854	1.654768	1.2551008	1.186472	5.7985733	3.536022	1.638266	0.371742	2.714547	5.360459	1.130889	2.1752758	3.1411247	8.3192793
K01304	pyroglutamyl-peptidase	13.66799	43.0811044	13.2310615	14.187744	99.3328	22.370126	10.214622	15.8108181	11.835881	1.2047647	1.1375459	1.930611	20.5314387	6.8136312	0.4295524	4.760941	2.053981	8.3856313	5.8333949	6.2141018	0.7378382	28.6562103	61.1397268	0.450098	0.520172	33.11212	31.8268854	4.150489	1.325554	5.9717777	10.7208034	6.643258	2.611466	0.6976701	10.457677	5.157866	9.45885	7.32703	0.111231	0	4.427664	9.7519582
K01305	beta-aspartyl-peptidase	0.328431	1.073847	7.1632649	15.8296162	5.9938	11.9623682	11.393766	5.2907088	11.23922	5.6638971	6.6420438	0.270125	17.467351	10.34049	45.553852	0.366256	2.823131	4.5668113	6.850715	2.9126543	0.4999857	0.6458612	0.469177	2.584145	0.438167	1.4857478	1.599201	1.0584786	0	3.3380289	8.317149	15.2427206	6.799513	2.561972	0.2362054	3.3923574	20.2198775	11.1482857	21.3613839	97.1045732	6.4095239	6.375506
K01308	g-D-glutamyl-meso-diaminopimelate peptidase	3.039497	1.842226	4.315714	4.600217	1.780246	2.5771832	0.906148	4.125108	4.54536	0.39673	2.156707	0.527114	7.0061748	0.6003908	0.2341594	0.5199	4.2673996	1.663954	3.2434654	4.101113	14.120349	0.9700238	0.5885682	2.3946735	0.522144	1.9684257	3.3536327	2.774944	0	2.417241	1.792522	2.0944928	0.4403748	1.897757	0.9805837	5.8811886	0.2702424	0.326484	2.72751	11.329902	14.055754	0.5518291
K01318	glutamyl endopeptidase [EC:3.4.21.19]	0	0	0	0	0	0	0	0	0	0	0	0	0	0	0	0	0	0	0	0	0	0	0	0	0	0	0	0	0	0	0	0	0	0	0	0	0.031986	0	0	0	0	0
K01322	prolyl oligopeptidase [EC:3.4.21.26]	0.785705	0.43303	0	0	0	0.0761681	0.0995073	0.155611	0.0523558	1.1275	0.143274	0.682616	0.4223133	0	0	0.60272	0	0.20582	0	0	0	0.754041	0.720084	0.0675462	0	0.642056	0.16483	0	0	0	0.073473	0.814515	0.744488	0.0681862	0	0	0	0	0	0	0	0
K01325	tissue kallikrein [EC:3.4.21.35]	0	0	0	0	0	0	0	0	0	0	0	0	0	0	0	0	0	0	0	0	0	0	0	0	0	0	0	0	0	0	0	0	0.369788	0	0	0	0	0	0	0	0	0
K01337	lysyl endopeptidase	0	0	0	0	0	0	0	1.138991	0	0	0	0	0	0	0	3.01186	0	0	0	0	0	0	0	0	0	0	0	0	0	0.043	0.4128388	0.279787	9.75537	0	0	0	0	0	7.76037	1.316756	0	0
K01338	ATP-dependent Lon protease [EC:3.4.21.53]	20.8147239	12.4405112	27.6843267	10.6643482	14.1223904	23.8622854	46.3372096	50.65617586	60.6089628	33.2695429	55.2041837	25.81046095	26.6195503	30.31	17.188925	30.3298611	47.52218977	27.0065498	66.988415	33.6462172	76.7729221	17.88368576	8.60248461	27.4968289	34.958151	24.5242277	20.853551	35.7073223	57.9120826	26.36423253	32.47148498	63.38784565	49.484983	66.6436934	40.0586163	13.317818	36.264414	33.4153654	36.1944325	28.0806136	28.2168341	40.3354099
K01340	tryptase	0	0	0	0	0	0	0	0	0	0	0	0	0	0	0	0.0520491	0	0	0	0	0	0	0	0	0	0	0	0	0	0	0	0	0	0	0	0	0	0	0	0	0	0
K01347	IgA-specific serine endopeptidase	0	0	0	0	0	0	0	0	0	0	0	0	0	0	0	0	0	0	0	0	0	0	0	0	0	0	0	0.140067	0	0	0	0	0	0	0	0	0	0	0	0	0	0
K01354	oligopeptidase B [EC:3.4.21.83]	0	0	4.55102	3.94519	12.2666	29.27155656	12.612387	0.00970479	0	0.0122507	0	1.73899	8.87319	2.1037099	8.4089516	0.373951	0.592389	1.22372	0.281449	23.45449	0.186391	5.1853374	16.0119923	0	0	1.9863	2.9663327	0	0.118428	0	21.0619	6.50662	20.892069	1.151921	1.31814	0.5571373	29.5014	12.759	13.1766	0.671103	22.9699	2.8728338
K01355	omptin	0	0	0	0	0	0	0.0818088	0	0	0.0225453	0.916858	0	0	0	0	0	0	0	0	0	0	0	0	0	0	0	0.224667	0	3.32327	0	0	0	5.72577	0.0945988	0	0	0	0	0	0	0	0.0631611
K01356	repressor LexA	55.8386107	68.8447292	35.455857	32.0950446	107.0479787	72.2311613	57.9106783	38.7935885	43.5401039	22.9272244	14.921434	6.0895833	34.7636483	16.1905259	39.4908591	8.4767023	10.7851782	31.3429776	42.5918741	58.0074742	30.9231048	55.3706901	116.281717	25.5739156	13.68763	43.8475195	53.5026568	10.5226047	15.9471747	13.5647247	56.2212708	38.4056503	59.9320997	19.0817558	27.1080245	14.2820974	76.9541405	61.4298069	57.1209236	85.9804088	76.3661357	38.8833429
K01358	ATP-dependent Clp protease, protease subunit [EC:3.4.21.92]	70.0314196	36.9608386	33.944476	36.6429477	32.9058668	57.1654042	57.4229801	43.7518754	38.6952595	101.6912227	63.8848269	34.9304806	30.2482829	44.7178053	13.4132046	44.505413	15.3747138	44.877597	57.52983	61.351523	39.2855844	27.4605826	20.9954407	34.6589496	24.0030041	35.9164188	29.1825948	101.3124315	69.0375105	29.5210092	55.40295	29.6254741	61.6276427	28.813457	35.5455079	31.5955187	75.4099595	54.4123036	54.7876779	85.4492812	69.4086976	55.5936857
K01361	lactocepin	0	0	0.6863474	0.8296583	0.0508695	0.0727454	0.0548119	0.749015	0	3.4279482	1.161003	13.246	0.138739	0.306634	0.130735	1.614986	0	0.8436661	1.747666	3.384135	0	4.97217	0.5668479	0.327389	0.102915	0	0.0745398	0	25.2032	1.09993	1.693274	0.0703526	0	0.4141699	2.1413479	3.822309	0.616661	0.712047	0.202864	0.2004806	0.1641782	1.21286
K01372	bleomycin hydrolase	11.8714692	4.628137	4.97003	6.2410512	13.3089905	48.2870474	23.8600637	5.4464293	0.7862336	5.7009042	4.6468116	9.331475	14.012701	1.8694437	0.5323763	17.888375	2.8426596	3.6544486	1.7602005	23.711731	1.6617504	6.871751	13.3916082	1.9497833	2.4859648	6.0961207	3.9262779	45.7787801	0.385054	5.6902996	31.9127682	13.480118	21.0142141	8.023679	1.7330949	5.2849578	40.180648	20.014305	11.1143222	0.7762964	19.5554064	11.1009633
K01387	microbial collagenase	0	0	0	0	0	0	0	0	0	0	0	0	0	0.0670488	0	0	0.168669	0	0	0	0	0	0	0	0	0	0	0	0	0	0	0	0	0	0	0	0	0	0	0	0	0
K01390	IgA-specific metalloendopeptidase	0	0	0	0	0	0	0	0	0	0.0344056	0	0	0	0	0	0	0	0	0	0	0	0	0	0	0	0	0	0	0	0	0	0	0	0	0	0	0	0	0	0	0	0
K01399	pseudolysin [EC:3.4.24.26]	0	0	0	0	0	0	0	0	0	0	0	0	0	0	0	0	0	0	0	0	0	0	0	0	0	0	0	0	0	0	0	0	10.7549	0	0	0	0	0	0	0	0	0
K01406	serralysin [EC:3.4.24.40]	0	0	0	0	0	0	0	0	0	0	0	0	0	0	0	0	0	0	0	0	0	0	0	0	0	0	0	0	0	0	0	0	10.9708	0	0	0	0	0	0	0	0	0
K01407	protease III	0	0.435613	1.67362	0	0	0.0185962	0.171354	0	0	0.0145842	0	0	4.19777	1.88734	7.47567	0	0.339399	0	0	0	0	0.00956028	0.029854	0	0	0	0.07784	0.0173866	0.0858596	0	0	0	2.86066	0.342862	0	1.07139	0	0	0	0	0	0.318198
K01409	O-sialoglycoprotein endopeptidase	52.5041573	49.8531854	20.7282436	24.9868268	68.9478316	52.0274401	41.7353952	17.4798868	14.8577007	78.4030527	57.5725211	35.3190328	26.8902239	13.6949503	24.7137909	41.120415	7.375912	14.8663924	16.0873076	72.1863004	29.6359895	31.3284524	49.3096955	23.2879405	20.7469062	37.353443	39.790826	46.127994	67.9821955	20.5847475	47.6891878	20.8233596	64.4135185	26.2868905	19.7693864	17.5859683	57.6146881	55.049335	62.561645	72.0636647	83.9799054	25.655174
K01414	oligopeptidase A	0	0.587316	2.41786	0	0	0.3568214	3.79364	0.0711663	0	0.436331	0.542089	0.0132858	4.27605	3.89668	5.99748	0.257227	0.199349	0.0170511	0	0	0	0	0.131477	0	0	0	0.0818035	0.162124	1.35713	0.0147824	0.674354	0	5.0973425	2.28171	0	0.987542	0	0.0291166	0	0	0	2.073662
K01419	ATP-dependent HslUV protease, peptidase subunit HslV	0.0355489	0.7191534	15.7472213	2.8385934	0.1930516	0.683662	6.9694792	0.571551	0	2.2772404	6.882073	0.86584344	9.888174	21.009806	38.99373	2.6910947	1.430794	0.919929	2.48541	0.269474	0.565735	0.3298139	1.79804	0.0271618	0	0.126686	0.6513334	1.4227283	4.6609287	3.168804	17.4607668	1.9229583	25.7876234	4.396754	1.0075496	5.1185179	0	0.2338159	0.0380376	0.066469	3.0946279	6.7775352
K01420	CRP/FNR family transcriptional regulator, anaerobic regulatory	2.001977	6.753264	4.613015	7.7938843	8.5527214	17.0355714	16.158954	2.9830008	6.47809	0.7603289	2.490487	0.1033961	5.18222	5.490049	9.69433	1.009022	6.514793	4.935909	11.290925	3.6350681	4.147674	3.6157155	1.7934318	12.6948961	4.003411	4.597822	16.3015543	0.9585874	3.900034	10.662161	4.107739	6.6074046	112.687092	1.923263	7.486558	5.007162	9.664274	7.568447	4.2793243	19.8065628	1.895053	14.5985372
K01421	putative membrane protein	42.9727578	53.819102	36.5257249	48.7037184	62.9288739	159.795249	83.2608074	34.529485	26.056421	26.0291798	42.14397	9.0344453	78.1350774	20.5148	7.1117372	11.8768487	54.6837273	24.1791625	14.7726996	131.0362567	78.5261855	53.9254869	111.0581396	3.916706	3.0447338	52.7407886	60.9208154	20.1525353	0.565615	26.2718243	151.7004368	72.2703328	76.2306138	44.4575073	46.2053282	30.3769454	140.6935487	65.626605	98.909309	45.4470429	114.9221566	38.2434712
K01423	NO_NAME	0	0.165095	1.55589	0	0	0.0565401	1.3703	0	0	0.407666	0	0	6.89276	2.59044	12.6631	0	0.10507	0	0	0	0	0.0107925	0.0135588	0	0	0	0.17139	0.0282863	0.858056	0.0174989	0.434015	0	5.25237	1.24769	0	0.749454	0	0	0	0	0	1.78541
K01424	L-asparaginase [EC:3.5.1.1]	9.5955734	55.4684429	32.8083938	29.1925194	134.1182001	45.83436288	22.7228088	23.27271996	17.1791698	6.4502303	6.8528269	40.3610422	36.5396134	4.2344202	13.0733237	20.4510707	5.6642383	17.685555	6.5507542	39.4626177	4.7849276	74.8147468	155.7080533	5.4147536	3.844784	42.17687694	43.3328186	8.2314959	69.2195754	9.2904895	43.1974883	19.8569808	49.9784334	8.168634	20.1369101	6.7226681	39.4824431	21.5518705	28.0062417	8.6378928	31.8526923	8.5508061
K01425	glutaminase [EC:3.5.1.2]	4.2331526	4.7450977	7.0863953	2.263248	10.8466	8.1350912	8.245241	4.7986923	7.2967281	13.1041613	12.0103605	51.0456621	41.874074	21.7655391	44.394951	26.133641	10.7386366	3.251818	3.2756948	2.7422233	4.7756717	10.9533981	10.9428075	3.6538245	5.9005364	14.982518	5.6971071	41.3677148	68.0541087	9.7088745	8.206117	6.289913	31.4260286	17.0490261	6.6811406	7.3682921	9.1195442	29.7894943	2.5219147	4.5955702	0.5126712	4.2988385
K01426	amidase [EC:3.5.1.4]	0.763634	0	0.2344965	2.836669	0.113934	0.0423797	9.137358	0.0890526	0.104239	2.1820658	3.81748	0.883898	1.079574	12.8916953	0.0225495	0.3027591	0	0.526293	0.33456	0.414997	1.0192141	0.216506	0.219718	0.9444291	0.7009182	0.170441	0.6006065	0.0586342	2.21424	0.4415524	0.3145734	0	7.704685	0.5326981	0.7907752	1.568481	0.0872689	0.188225	0	0.0886254	3.786402	1.54669
K01428	urease subunit alpha [EC:3.5.1.5]	0.1883109	0.232662	3.4745326	0.185536	0.553287	0.4838143	2.742439	1.249162	2.44087	14.503134	13.63466	0.080691	1.4873	3.676096	0.433034	0.911187	0.1843411	3.44018	1.526251	4.29188	0.2355285	0.0709302	0.1839213	29.06831	0.1227136	0	0.5666396	0.1860271	1.0652631	0.494958	1.3742077	0.547228	13.4971616	2.155866	4.865952	0.776584	0.0748181	0.504853	0.94344	0.5374053	0.8932866	9.480833
K01429	urease subunit beta [EC:3.5.1.5]	0.525553	0.475733	1.8778092	0.326718	1.313402	0	1.10585	0.272105	0.964873	18.331568	17.5346386	0.0640602	1.95064	4.18076	0.590706	1.093	0.227262	1.82253	1.12449	4.99662	0.107183	0	0.22323	26.324	0.106603	0	0.477862	0.20591	1.01364	0	1.180411	0.944549	13.502564	0.96369	6.08679	1.4186321	0.0988045	0	0	0.597926	0.736086	7.1545719
K01430	urease subunit gamma [EC:3.5.1.5]	0.389527	0	2.202573	0	1.33504	0	1.113964	0.172867	0.452382	21.657215	19.9915615	0	1.4790134	3.903255	1.0889909	1.04156	0	1.75947	1.78596	5.571945	0.226977	0	0.321822	28.912325	0	0	0.730848	0.272528	1.00312	0	1.4284	0.777864	9.3267108	1.933193	6.89711	0.872744	0	0.114829	0	0.458767	0.723394	7.301927
K01433	formyltetrahydrofolate deformylase [EC:3.5.1.10]	2.79014	3.6122158	6.0913291	0	0	0.882886	5.2439099	0.63549	0.4157424	10.4247759	5.372609	11.9138825	13.02894	6.0668992	20.973413	19.183969	1.276337	1.536293	0.4083697	2.1360272	1.263925	5.50808	1.78877656	0.468328	6.649031	7.84209	2.006872	34.942561	5.7148611	4.1659082	0.8512097	1.947483	40.19592	7.38227	0.17474	1.08399	2.707498	5.22711	0.414925	0.611426	0.264553	2.101234
K01434	penicillin amidase [EC:3.5.1.11]	0	0	0	0	0	0	0	0	0	0	0	0	0	0	0	0	0	0	0	0	0	0	0	0	0	0	0.0129281	0	0	0	0	0	0	0	0	0	0	0	0	0	0	0
K01436	aminoacylase	0	0.0489617	0.193953	0	0	0	0.0970783	0.312468	0	0.197432	0.746248	0	0	0	0	0.157159	0.2436583	0	0	0.0782125	0	0	0	0.0734713	0	0.243906	0	0	0	0.746203	0.574901	0.0494097	0	0.138161	0	1.024813	0	0	0	0	0	0.0614975
K01438	acetylornithine deacetylase [EC:3.5.1.16]	0.2371331	0.602411	2.88489	0	0	0.766281	5.41874	0.5668442	0.312032	2.6434801	3.6092164	3.107023	4.891002	4.33198	0.162105	10.294204	0.762324	0.53272	0.135744	0.7706647	0.550325	1.479916	0.9737579	0.990623	1.33062	2.88497	1.104792	21.76932	4.251978	2.2826072	1.1207808	1.353087	20.615553	6.3407319	0.129486	0	2.7526	1.0464527	0.170493	0.0767118	0.0672114	1.82449
K01439	succinyl-diaminopimelate desuccinylase [EC:3.5.1.18]	23.4964246	10.2351336	19.552114	18.5218186	24.0281146	96.7932315	71.5592631	22.7784978	19.1283168	9.3139249	45.8497758	6.4136751	20.6190864	55.941355	20.8712347	12.988776	50.269652	9.8004633	11.5263721	53.7627155	71.1120606	12.0069361	22.056169	15.2531952	4.974559	8.6400573	26.1348672	6.5182648	3.1780015	15.849312	81.2685918	72.1216492	53.9880251	56.8479752	18.9899603	17.8091853	57.8677256	24.8587158	30.5827341	19.3001646	30.698061	20.7318842
K01442	choloylglycine hydrolase [EC:3.5.1.24]	38.8223293	23.6473734	4.9888633	20.4267605	27.39558	27.3861678	27.7117889	15.805553	12.5428125	8.810092	7.7193262	26.6468896	14.2340545	4.517204	0.6099718	18.068349	6.907284	17.2123618	14.172075	40.2276888	21.638303	12.3493931	17.8234141	7.8824901	2.5739614	26.1980542	11.4959638	30.5834286	63.14852	14.414244	22.7625486	11.4515516	20.4591804	10.7618496	4.972532	7.1313624	24.0212251	25.5015787	48.9572892	60.0900249	42.381681	17.155913
K01443	N-acetylglucosamine-6-phosphate deacetylase [EC:3.5.1.25]	7.387086	3.780932	12.316833	10.9773955	44.0324293	22.5445177	29.2167544	33.7801442	36.610885	18.0450646	23.2496111	21.5790612	18.7374484	16.1865539	8.4795878	16.7913314	24.9434576	18.5942581	28.4771898	15.8641343	48.0397265	16.4384388	10.4626249	13.1772772	2.015214	8.6474537	4.9610135	12.633938	57.314461	10.8545825	15.9066744	34.9232917	28.7528789	28.4241451	16.9227025	9.7124752	20.6434616	11.1113599	10.6964556	26.107607	21.9840233	12.765039
K01447	N-acetylmuramoyl-L-alanine amidase	0	0	0.074239	0	0	0	0	0	0	0.106678	0	26.4797	18.9758	0	0	2.97764	0.300477	0	0.048708	0.0425244	0	4.94751	7.33222	0	0.2544559	0	0.106192	0	0	2.88556	0.305444	0.0891084	4.63591	7.27468	0	0	1.96438	23.9686	2.71197	0.211056	0	0.0940399
K01448	N-acetylmuramoyl-L-alanine amidase [EC:3.5.1.28]	43.2511431	28.891984	28.8090844	22.4744679	18.1733311	19.9028731	18.7670223	23.6498428	33.091359	13.6772017	18.5843578	7.8338377	43.8769695	18.0269856	47.7202329	13.2049694	24.7727617	40.1136655	44.2268789	37.9840004	70.3566044	16.5007005	15.0584955	8.1806863	2.0533147	25.8673722	13.9407643	16.2736741	8.1801386	21.3781579	10.5796019	15.8378676	40.4994178	21.6733136	10.185883	31.0076924	24.9140964	33.6094596	72.5364744	151.0599109	100.0918856	15.644238
K01449	N-acetylmuramoyl-L-alanine amidase	3.2727567	1.8862096	3.1399223	4.909701	1.91984	2.6291301	0.756027	4.8455365	5.8649228	4.0266102	2.6239243	1.3696822	5.0942655	1.1296194	0.2696684	0.8962943	3.6896463	4.2193135	4.5104408	2.7976348	10.9939032	1.9144275	1.478475	2.8789209	0.9223625	2.707076	3.0260052	3.351125	0	2.2438777	1.526768	3.625329	1.3136418	2.4872155	1.065633	5.175215	1.337096	2.5569121	3.318691	10.7987935	11.7608656	5.1348173
K01451	hippurate hydrolase [EC:3.5.1.32]	0	0	0	0	0	0.0233247	0	0	0	0	0	0	0	0	0	0	0	0	0	0	0	0	0	0	0	0	0	0	0	0	0	0	0	0	0	0	0	0.0514066	0	0	0	0
K01457	allophanate hydrolase [EC:3.5.1.54]	0	0	0.0590024	0	0	0	0.0946751	1.820392	1.22731	0.743394	0	0	0.130101	0.0789617	0	0	0	5.47015	4.21029	0	0	0	0	2.00733	0.334865	1.309904	0.0607686	0.329682	0	0	0	0	0	0.0409737	0.1860128	0.275407	0	0	0	0.0732568	0.990688	0.112848
K01460	glutathionylspermidine amidase/synthetase [EC:3.5.1.78 6.3.1.8]	0	0	5.83769	0	0	0.0151262	0.518321	0.0304769	0	0.0140236	0.0460855	0.0127199	4.49191	3.30764	16.9245	0.616724	0.632911	0	0	0	0	0.0351462	0.102675	0	0	0	0.112823	0.0263281	1.32351	0.0113113	0.1263687	0.0133182	1.57385	0.1044046	0.546787	0.902629	0	0.020807	0	0	0	0.188343
K01462	NO_NAME	119.0420221	137.8312349	69.4456061	120.6099235	233.1250882	145.4940805	99.7848095	101.2661158	109.9770191	111.4820411	67.7513298	43.1540701	91.2851582	26.9757823	43.6449339	40.7356059	31.5499479	74.3147812	83.0745029	150.3739782	79.7371861	121.1480787	220.6892151	62.0235555	51.1176353	96.9913456	116.4877421	66.118794	58.3697399	37.746366	96.0509125	63.9071668	114.7319593	57.5507534	62.2841749	31.4478719	182.1965949	135.6954219	144.5781688	186.3760059	198.9521435	77.7311366
K01463	NO_NAME	0	0	0.0663897	0	0	0	0	0	0	0	0	0	0	0	0	0	0.0785559	0	0	0	0	0	0	0	0	0	0	0	0	0	0	0	0	0	0	0	0	0	0	0.108896	0	0
K01464	dihydropyrimidinase [EC:3.5.2.2]	39.9315185	26.266085	3.887288	17.117314	18.63608	18.1934635	14.7053	9.5685618	9.845694	7.4416547	6.155096	1.138419	2.998881	5.527533	2.332466	1.01157	4.403551	5.3455507	5.904014	37.437027	30.71605	5.1159373	8.257488	3.5271268	11.9527826	7.6896677	5.3841437	2.100933	2.72616	7.4917973	1.5748757	5.063967	25.9379635	10.9679585	3.943149	2.227604	22.462203	31.6880573	49.0773918	72.5408112	66.189078	1.277983
K01465	dihydroorotase [EC:3.5.2.3]	13.4011926	12.0720222	23.3424936	39.0834562	21.6182335	5.7620334	13.4313024	18.7001003	13.4842856	46.369911	37.8327166	9.2635269	29.8708269	14.3226516	19.2401232	12.041718	22.0671229	12.4748895	10.6882801	32.982023	15.4917379	48.4583245	73.9027949	27.0856327	3.4150747	24.628505	26.3619501	9.0879282	2.6504178	23.1333452	81.1571704	20.890411	32.5879772	10.1645716	30.246331	20.4239045	18.9109473	20.2980895	51.5043445	25.1849369	6.0515021	30.376399
K01466	allantoinase [EC:3.5.2.5]	0.463764	0.763239	3.657077	0.929331	0	0.497631	0.766441	0.1327248	0	0.097353	1.03738	1.2569559	0.2494272	0.406209	0	0	0.0208432	0.1181663	1.06388	0.0683832	0.119065	0.6065369	0.7814677	0	0	0.0796703	0.102983	0.3653299	2.33693	4.23779	0.0621307	0	4.2243	0.913414	0.243487	0.229607	0.117896	0.1078046	0	0.0577706	0.0630651	0.195061
K01467	beta-lactamase class C [EC:3.5.2.6]	0.135142	0	3.949485	0.373392	0.255176	0.1712985	0.574167	0.0500863	0.0610356	1.82786	1.74701	0.0477485	7.0469594	2.5972474	8.4206685	0	0.0841838	0.0254006	0.146038	0.0835301	0	0.0801883	0.0367992	0.330995	0.0490333	0	0	0.0405918	0	0.0374369	0	0	0.5308008	1.262998	0.4490797	1.535432	0	0.0927119	0	0	0	0.197828
K01468	imidazolonepropionase [EC:3.5.2.7]	1.456785	2.749081	2.2697243	0.5973024	0.068636	0.7457166	4.8327589	3.0663331	2.328875	6.7712405	3.396456	23.442115	5.9210121	1.089402	0.328719	21.0649673	2.7163374	1.167434	0.2653618	1.3307914	0.974702	6.0798011	3.3481464	1.1206658	2.2221359	8.3299839	2.0026337	39.2759483	59.317314	5.1082751	1.0219847	3.6650619	16.5245535	5.9283187	4.5902417	0.3005529	3.7302143	7.2952513	6.3608282	0.8432086	0.2388683	1.9151185
K01470	creatinine amidohydrolase [EC:3.5.2.10]	0	0	0	0.0864841	0	0.456946	2.2376701	0.5099046	0.2849777	1.81925	1.97688	17.104916	1.913398	12.167784	1.036811	9.23427	0.6404746	0.7388331	0.0546558	0.639445	0.616039	2.064481	1.4127	0.712282	1.01167	2.5912	0.979381	27.36309	54.694556	3.245447	0.1343546	0.574183	3.03621	4.5462	0.0565336	0	3.10452	1.736654	0.166571	0.0868704	0	0.553176
K01476	arginase [EC:3.5.3.1]	0.428144	0.402596	0.9969305	0	0	1.22974	0.767839	0.798019	1.25551	0.334625	1.02603	0.0483197	0.512238	0.243919	0	0.470649	2.04976	0.996332	0.963662	0.754717	1.11018	1.15398	1.15551	0	0	0.426836	0.679718	3.2254	0	0.914789	1.12517	0.73284	0	0	0.79537	0.0630651	0	0	1.68764	1.57577	0.966364	0
K01477	allantoicase [EC:3.5.3.4]	0	0	0	0	0	0	0	0	0	0	0	0	0	0	0	0	0	0	0	0	0	0	0	0	0	0	0	0	0	0	0	0	7.99205	0	0	0	0	0	0	0	0	0
K01478	arginine deiminase [EC:3.5.3.6]	7.212511	2.158602	1.5675927	11.3845784	1.8131663	0.9110996	8.3210644	0.2113412	0.606238	15.0071674	8.835367	7.58451	0.930684	0.8108546	0.8389527	2.3273966	0.5863685	0.644237	0.8069927	4.3364802	1.1768413	2.2093518	2.2122254	2.550492	3.8410319	0.518644	3.3848488	0.9927486	9.081149	6.794842	3.6864312	1.6901641	25.3573258	5.551915	1.3493974	20.7309315	1.165992	1.376637	1.3698948	1.8942039	1.631788	13.287494
K01479	formiminoglutamase [EC:3.5.3.8]	0.1767106	0.399448	4.1064715	0.468456	0.369801	0.579421	1.6893191	0.073207	0.2405976	14.4326661	8.920723	0	0	0.3353464	0.2679831	0.4549002	0.17108	0.6491535	0.6815364	2.3322021	0.0368852	0.0936264	0	1.19689	0.061458	0	0.0426346	0.0692473	1.14974	0.194382	1.034459	0.3632098	10.18962	1.720769	1.7090755	4.5104905	0.131236	0.0563307	0	0.1610311	0.3485006	1.052672
K01480	agmatinase [EC:3.5.3.11]	7.515662	6.5029859	12.1303074	1.3029501	1.384784	1.5744914	7.2505464	10.3852952	10.2331203	14.4259137	9.1233654	2.5271832	15.0985466	8.1686107	11.0775	4.548148	7.3278057	6.3507625	10.0742093	3.5060173	1.1179402	5.2548431	5.5071293	24.9637348	8.4518102	25.6520389	3.5549332	6.0967795	3.51076	5.2770068	3.1674721	4.9487752	21.5730479	16.84574	8.1607103	5.2534554	6.6421895	11.3286453	3.9846904	2.4645291	14.3275628	22.563779
K01482	dimethylargininase	3.89716	0.994715	0	6.3369702	0.96375	0.334577	0.49829	0	0.193182	0.433358	0.183701	0.871604	1.13722	0.109351	0.0266002	0.353002	0	0.110799	0.0528253	1.7499215	1.34313	1.7908633	2.26722	0.345534	2.36873	0.324897	1.6233713	1.0828606	0.367171	0.661922	0.304988	0.0949068	12.4904648	2.8225679	0	0.0455902	1.72232	1.01543	0.570791	0.825615	2.14542	0.202478
K01483	ureidoglycolate lyase [EC:4.3.2.3]	0	0	3.95802	0	0	0.0755963	0.992167	0	0	0.0599784	0.353175	0	6.83739	2.70208	13.9087	0	0.248759	0	0	0	0	0.046196	0	0	0	0	0.0774912	0.125215	0.628491	0	0	0	13.28276	0.329912	0	0.751857	0	0	0	0	0	0.191726
K01484	succinylarginine dihydrolase [EC:3.5.3.23]	0	0.310382	2.139164	0	0	0.0788454	0.596713	0	0	0.613934	0.282967	0	4.09884	4.87499	16.2216	0	0.0941923	0	0	0	0	0	0	0	0	0	0.0576316	0.0419063	1.0926	0	0	0	15.460099	0.158812	0	0.866714	0	0	0	0	0	0.6517951
K01485	cytosine deaminase [EC:3.5.4.1]	0	0	2.425647	0.6347197	0.1482984	0.0207882	0.330452	0.1197091	0	0.0782017	0.541706	1.9290178	3.6876249	2.6501864	13.409	0	0.423985	0.0123484	0.167742	0	0	0.0294827	0.878489	0.505939	0.410321	0	1.312352	0.102955	2.27621	1.4752545	0.748967	0.00983475	13.45667	0.4546824	0.0477881	5.629752	0	0.0144927	0	0	0.0299706	4.550864
K01486	adenine deaminase [EC:3.5.4.2]	2.0584417	2.0636665	8.2101215	6.0886423	2.3686663	5.7741409	4.4988833	13.0680304	5.0972079	1.1353975	4.893041	8.0462796	6.5329881	6.1016217	23.2191797	3.7549363	10.4675406	5.3045271	4.996254	3.8057501	4.2037579	3.70934546	4.9347871	9.9907777	0.8252868	4.1211541	4.1726161	1.688543	2.4245103	16.1236801	16.8528233	4.1566365	6.5563492	1.1371561	2.1540569	13.5722584	0.1996897	0.7029008	12.4362401	11.4461611	3.0069337	8.5154669
K01487	guanine deaminase [EC:3.5.4.3]	3.273291	1.9732702	3.0866342	6.5520043	1.99107	6.9847298	10.6430262	8.87914217	8.516341	3.61618259	16.5589	0.7576835	1.85387	9.336144	3.588266	3.88153	18.410632	2.569842	1.729883	10.149581	27.386499	2.6576285	2.252412	2.97788844	0.311371	2.434308	4.139882	0.1598698	4.03359	5.4138662	10.9275707	21.3791403	6.35221	20.4129811	5.125121	3.323561	0.3172491	0.4941519	7.76787	8.370786	2.421411	0.446131
K01488	adenosine deaminase [EC:3.5.4.4]	4.6249604	1.8654466	13.5862211	2.578344	7.032743	4.9141575	23.1594177	25.2492344	29.8226416	33.4297149	35.251274	1.484029	12.669463	15.529144	17.2078364	8.188839	20.1178483	10.020596	23.3304933	12.343778	36.430064	0.7761058	0.5941135	25.046591	0.6915359	3.570485	0.723827	5.1144273	1.645807	9.60126	14.473143	32.941875	15.8964621	27.7769512	19.463787	6.2994445	14.641184	7.6899139	5.555004	16.0129141	9.1681632	8.716844
K01489	cytidine deaminase [EC:3.5.4.5]	1.5604814	1.963935	8.995281	3.579896	1.496162	1.7431198	12.4297669	1.7888591	2.077611	20.1056452	17.1628025	4.9944576	10.530455	8.9202846	26.5425558	1.930125	3.404925	5.2216383	6.845511	3.0509805	3.2628576	4.2301638	4.7131009	1.3396339	0.8745125	3.197795	1.8801411	2.576677	2.86643	9.1085048	2.779359	5.6431004	13.9909682	2.8866702	4.917716	4.9146455	0.563555	2.1227782	1.7398415	1.8441689	8.588389	10.9273729
K01491	methylenetetrahydrofolate dehydrogenase (NADP+) / methenyltetrahydrofolate cyclohydrolase [EC:1.5.1.5 3.5.4.9]	56.5158355	62.9234574	32.6498305	30.1627816	105.4283362	60.8220211	53.4876773	38.2254567	39.0966911	86.721285	55.5326597	67.2372228	63.3628064	12.4155297	11.7122112	48.635045	11.1703472	30.7903455	30.0358821	73.16122	31.4088217	75.8283009	127.4725818	30.6043178	18.7660177	47.9041781	48.4597219	56.3859752	71.1716261	27.9144221	49.8056905	33.2850114	83.4704323	30.3216315	32.3044279	15.2177708	70.8397145	82.1732609	62.3447227	74.1282536	81.2950539	38.2747571
K01493	dCMP deaminase [EC:3.5.4.12]	50.5244427	32.438605	11.7532794	20.5625113	26.17331	24.179648	20.5493958	12.7595557	15.4558641	16.178553	13.9442383	32.0019504	8.6636333	5.7932658	0.669704	9.3683693	6.620156	14.1664144	12.8666642	49.9354298	40.3613073	44.4414168	68.5513731	5.674329	24.9934681	18.891473	31.1420133	12.6080091	84.812853	13.7975678	7.587147	12.111223	32.5033635	20.1452508	12.1877454	7.9377958	30.0682497	41.870655	57.0542717	81.4547815	80.067592	13.1948742
K01494	dCTP deaminase [EC:3.5.4.13]	5.1359261	47.8895072	20.9451185	12.8043223	22.7001334	41.59376	19.64413257	21.7566683	11.7834624	0.925134	1.9740738	2.54954	17.3880111	6.8085482	20.9123206	1.823988	7.3366194	8.661572	3.4568511	35.483854	1.2201415	29.4634814	69.9918238	0.9057372	0.1098493	32.8974775	35.3557787	1.8352832	4.090367	11.3580902	38.6577834	13.8417741	40.575344	2.9538789	9.6398666	4.5264477	37.0489277	17.6982137	28.985091	8.072214	33.9779179	9.589
K01495	GTP cyclohydrolase I [EC:3.5.4.16]	49.9167243	27.2169442	13.7677303	17.129815	19.7920144	35.3884399	33.9772865	10.7912503	8.5767662	64.2879438	49.0110435	39.1533751	14.711547	11.0366656	11.004246	48.96621	6.1217529	9.3431711	12.1840328	43.2251582	24.2325392	16.9584313	14.0953288	32.4926849	19.9212525	23.0133229	20.4692878	55.4099699	69.4238638	21.2355546	9.0506168	13.5290653	42.5927782	23.0960736	15.1308163	9.068289	32.4490937	36.6111827	44.5345215	61.6724658	48.4634696	20.4387709
K01496	phosphoribosyl-AMP cyclohydrolase [EC:3.5.4.19]	8.225599	33.96404	11.2440709	23.314839	89.838197	38.724027	16.0966829	26.207004	13.175293	45.522841	27.1885389	1.6859243	15.8648568	6.12628	1.6827732	4.0924017	14.553482	9.7348177	8.0764208	33.240385	4.952184	26.828509	57.3793351	22.7128481	0.397746	38.82077	32.7103566	8.2043005	0.0726693	15.297798	44.9949376	17.225432	28.2527818	2.3586886	22.0425856	4.7427155	42.382019	17.71673	23.171265	5.380921	17.767216	13.870647
K01497	GTP cyclohydrolase II [EC:3.5.4.25]	0	0.607239	6.2393943	0	0	0.3174209	2.5236493	0.0583855	0	0.3874316	2.700403	0	1.837343	3.624488	6.06787	0.684029	0.225158	0.139499	0.182899	0.114888	0	0	0.1442864	0	0.0583166	0	0.3069854	0.880003	4.47657	0.0359744	0.705118	0	21.878648	1.658914	0.3246	1.230079	0	0	0	0	0	1.44217
K01499	methenyltetrahydromethanopterin cyclohydrolase [EC:3.5.4.27]	0	0	0.25052	0	0	0	0	6.01853	0.2304251	0	0	0	0	0	0	0	3.896982	0	0	0	0	0	0	0	0	0	0	0	0	7.27101	0	0	0	0	0	0	0	0	7.35217	3.31957	0	0
K01502	aliphatic nitrilase [EC:3.5.5.7]	0	0	0	0	0	0	0	0	0	0	0	0	0	0	0	0.166415	0	0	0	0	0	0	0	0	0	0	0	0	0	0	0	0	0	0	0	0	0	0	0	0	0	0
K01505	1-aminocyclopropane-1-carboxylate deaminase [EC:3.5.99.7]	0	0	0	0	0	0	0	0	0	0	0	0	0	0	0	0	0	0	0	0	0	0	0	0	0	0	0	0	0	0	0	0	0.610599	0	0	0	0	0	0	0	0	0
K01507	inorganic pyrophosphatase [EC:3.6.1.1]	0.529266	4.4846414	7.4970256	1.2843198	0.327857	0.6648924	3.4595458	2.8660164	0.2883281	1.604621	7.4925062	0.1871778	10.2287941	8.6791955	31.8812383	1.91319	2.245259	0.7035402	2.7319816	0.8863999	0.6044026	1.954941	2.5879387	2.5151795	0.2038972	10.9882017	1.365097	1.4307088	4.7069617	2.877105	3.9778863	0.831211	16.8179396	1.226375	2.4313327	4.3557114	6.44727	3.1201433	2.9973918	1.5226449	0.123388	1.585295
K01512	acylphosphatase [EC:3.6.1.7]	15.8139497	10.510363	34.4026112	21.3331489	15.2437022	51.0342356	44.9148224	18.0598371	17.8380014	18.700749	15.831179	3.1873638	19.6500278	5.387688	5.977689	3.6340711	13.8387381	18.5057541	17.2611	11.1159418	13.8015929	75.6766342	142.9960607	34.0357102	7.7923952	5.2354786	9.2749549	7.2807052	3.78557	13.7115314	35.7430793	18.9832975	30.0951244	4.2627266	14.400668	19.52180392	24.0450262	11.510082	10.0528997	42.7045232	15.9905141	16.4941909
K01515	ADP-ribose pyrophosphatase [EC:3.6.1.13]	82.923266	55.3378469	19.292392	40.2336679	40.686284	44.7411362	31.856656	19.5410517	28.0573006	30.0564438	26.7437124	21.0207521	31.908049	20.414458	27.1170882	6.8441801	13.2819686	18.9958737	21.3291857	80.8328468	74.6290291	50.0329171	89.6415028	11.4117684	35.7804949	38.039794	48.3643477	9.501344	5.7047717	19.3426573	13.2534251	18.7754286	57.4641246	40.5498519	13.8654261	16.7148689	51.9525079	90.798157	101.1188351	144.0786999	134.3587313	15.8865777
K01517	manganese-dependent ADP-ribose/CDP-alcohol diphosphatase [EC:3.6.1.13 3.6.1.16 3.6.1.53]	0	0	0	0	0	0	0	0	0	0	0	0	0	0	0	0.0422787	0	0	0	0	0	0	0	0	0	0	0	0	0	0	0	0	0	0	0	0	0	0	0	0	0	0
K01520	dUTP pyrophosphatase [EC:3.6.1.23]	24.9639354	48.7269881	27.122613	20.7121776	89.5909368	65.2535898	52.074736	34.459363	30.887094	86.2411888	66.8160126	29.6264937	42.3836832	20.2235469	17.7978636	40.4672124	30.3749956	37.5825338	26.1209978	60.9760328	25.8293882	40.3699478	63.6428347	53.1666282	40.686202	46.9037873	46.4512298	93.0045416	73.576232	21.7635727	36.81524	24.2438676	66.4441793	39.328667	34.4225281	36.4567726	70.6326775	44.286376	30.934946	18.949888	55.8872744	48.4461867
K01521	CDP-diacylglycerol pyrophosphatase [EC:3.6.1.26]	0	0.256103	8.9064	0	0	0.5066595	3.149327	0	0	0.3320498	2.31881	0	10.2955	6.83553	43.2678	0.475054	0.606197	0.114638	0	0	0	0.0986972	0.4345428	0.0521912	0	0	0.3004405	0.124321	4.57226945	0.106588	0.533062	0	8.18637	0.902522	0.506321	3.27817	0	0.101471	0	0.0311485	0	1.091441
K01523	phosphoribosyl-ATP pyrophosphohydrolase [EC:3.6.1.31]	26.6278063	52.970002	17.5028547	56.9140842	122.215395	44.2036811	18.3507599	35.275977	18.647539	41.736538	35.9957459	4.5308024	42.583078	5.449789	1.67692	6.4031074	36.859148	12.491908	8.9911161	61.63188	16.1948172	42.901831	87.5892646	21.5434655	0.2554071	44.587383	59.779547	11.7432807	0	25.9747779	95.953103	35.5339881	38.452005	7.272011	40.8079486	13.8776279	69.5315582	31.1030662	73.41722	28.923117	17.1956598	35.520541
K01524	exopolyphosphatase / guanosine-5'-triphosphate,3'-diphosphate pyrophosphatase [EC:3.6.1.11 3.6.1.40]	14.1495662	3.3756666	35.2049631	4.0191939	2.6901999	21.0545043	13.198755	9.0945052	9.1067022	4.5407274	5.7757586	18.8405126	28.2096716	14.028811	40.636601	15.4798969	9.9029885	9.165593	6.1694908	9.2351458	21.029428	69.0442572	129.0097062	2.148035	2.7400215	8.0224545	13.3141948	29.3156035	59.0746826	11.1223197	8.3360346	7.3748713	34.0452825	6.8420725	5.8039219	15.1888699	8.4362217	6.705154	10.4544796	12.0102286	22.9865602	15.3058605
K01525	bis(5'-nucleosyl)-tetraphosphatase (symmetrical) [EC:3.6.1.41]	0	0.3390164	7.6273898	0	0	0.216116	2.647126	0.1352471	0	0.721385	7.33864	0	0	4.50528	7.1874	0.569954	0.7477456	0.5348588	0.464109	0.330223	0	0	0.4109094	0.0324804	0	0	0.159971	0.823372	6.12918	0.0284227	0.821169	0	24.2848131	2.2398724	0.460428	0.75218	0	0.0879702	0	0	0	2.085222
K01527	nascent polypeptide-associated complex subunit beta	0	0	0	0	0	0	0	0	0	0	0	0	0	0	0	0.06174778	0	0	0	0	0	0	0	0	0	0	0	0	0	0	0	0	0	0	0	0	0	0	0	0	0	0
K01531	Mg2+-importing ATPase	0	1.159104	2.110995	1.5773236	3.6536055	0.2712076	1.64277	0.65632165	0.6824701	42.0412106	27.3677973	20.84186359	10.0756871	4.4441655	9.519831	10.2327166	0.8806705	3.052547	2.923069	11.113708	0.1974021	8.8094021	6.8323405	0.9023882	0.3337423	0.6463594	0.2536303	9.7591241	64.464367	4.3738132	2.27805473	1.65391303	9.6843694	4.127612	3.5780314	4.8457583	0.1733336	2.5328037	0	0.3251356	3.40865	10.586396
K01533	Cu2+-exporting ATPase	12.0574045	9.5789096	5.924992	5.8489882	6.5316356	11.4428323	20.4886834	15.7780398	13.8934272	14.7793017	24.475567	25.6961651	15.979941	11.865158	4.2633832	21.9206262	23.1761627	8.0932167	9.1746813	19.859371	38.7978807	11.7120117	6.5819035	24.370505	19.642976	13.0658742	12.9705744	37.3100425	55.1427128	14.6403074	15.9918209	32.3898784	46.389558	37.7911179	17.928011	8.8651673	11.4568858	18.0067352	20.4244787	8.9781724	14.584426	25.0850156
K01534	Zn2+-exporting ATPase	3.4484029	3.7136647	9.1601508	1.7605734	0.9889711	0.8178602	1.738217	7.6509651	4.9547402	2.3170851	2.8954596	4.0420015	9.7317589	2.4854362	0.3563865	6.3775292	4.1478953	2.4568204	4.4942238	3.0217283	8.8345778	5.9061825	4.35064	1.5553604	0.7685971	14.5265629	5.3824783	2.2934978	3.7056607	13.2414847	3.4022785	3.4410124	22.2561851	2.9799762	3.7806378	9.2348311	0.7597454	2.9946848	10.2524515	6.1146904	11.851525	17.0767061
K01537	Ca2+-transporting ATPase	11.9890063	4.5397723	6.9204187	9.3068406	6.3211649	19.8738268	19.6171787	17.318739	8.4051746	45.0651887	43.3479853	6.0659498	11.5166678	9.1327908	3.7093566	9.0909527	16.8800251	10.530302	13.3417887	19.2337305	22.3298186	9.3626403	10.1882632	22.5286137	9.5501118	26.4515479	5.4249187	5.0323	0	16.3278706	15.7284244	23.3213405	12.0407431	18.9145786	10.2442967	10.8501953	8.1003701	4.1579553	9.4098278	6.5828129	5.2179134	14.3738683
K01540	sodium/potassium-transporting ATPase subunit beta	0	0	0	0	0	0	0	0	0	0	0	0	0	0	0	0.0346179	0	0	0	0	0	0	0	0	0	0	0	0	0	0	0	0	0	0	0	0	0	0	0	0	0	0
K01545	K+-transporting ATPase ATPase F chain	0	0.430426	1.24813	0	0	0	0	0	0	0	0	0	0	19.80623	0	0	0	0	0	0	0	0	0	0	0	0	0	0	0	0	0	0	12.7269	0	0	0	0	0	0	0	0	2.977933
K01546	K+-transporting ATPase ATPase A chain [EC:3.6.3.12]	1.7939696	2.5663678	5.45248	1.3056998	0.156738	1.4835415	4.514983	1.1585017	0.3497509	10.6857715	2.826875	46.7509544	25.373173	6.476352	20.712348	35.1640401	1.6677225	1.1348667	0.1963111	2.688421	1.1105738	11.4380764	10.2422075	0.310488	2.462051	6.411371	2.0171594	28.920737	63.3911775	11.0663686	0.9432243	2.843137	23.0627887	10.8237926	0.6231869	0.995187	3.2477022	28.686377	2.8018404	0.3212028	0.412885	2.651331
K01547	K+-transporting ATPase ATPase B chain [EC:3.6.3.12]	4.666359	1.8104745	2.916466	7.6500527	0.934873	1.206449	9.9991011	0.6744857	0.3371315	3.122085	1.5397992	55.20258	32.819713	4.2288631	9.666637	20.0171987	1.2863839	0.5719403	0.172105	2.518458	1.7882227	8.38255841	11.0943015	0.591721	3.9568764	2.294004	2.3828854	18.2434499	36.736099	5.9773755	1.8294738	2.2841721	22.3183765	15.6017713	0.3011418	1.2299379	4.8184486	29.9666243	3.4083682	1.2570031	1.7538523	4.5102653
K01548	K+-transporting ATPase ATPase C chain [EC:3.6.3.12]	1.441815	0.365862	7.0367665	1.334845	0.0939804	1.2997952	4.7829679	0.8653482	0.2196234	3.3048161	1.722941	20.3473367	9.735923	4.5573896	19.1479433	20.1224552	1.7946704	0.999743	0.2297122	1.2092886	0.8223257	3.4102014	3.4689691	0.5746368	1.519002	3.194663	1.4392714	29.2152289	69.073558	4.1189869	1.0228591	2.049226	22.586639	4.9884617	0.4840956	0.8608655	2.82954	3.198784	0.3830799	0.1253416	0.9106021	5.163425
K01551	arsenite-transporting ATPase	0	1.2202299	1.79974	0	0	0.0429491	0.322294	0.348615	0	1.430467	1.4885929	8.940171	3.437028	1.4621593	0.137756	9.667823	0.394545	0.3722227	0.0741683	0.705225	0.62767	0.459198	0.204767	0.596514	1.02204	1.569431	0.2452333	7.87001	8.2065873	2.1617987	0.278525	0.42967	2.1660005	3.00606	4.656126	4.13634	0.0769954	2.051395	0.916065	0.2357851	0	1.3411055
K01560	2-haloacid dehalogenase [EC:3.8.1.2]	7.4188877	8.839757	8.4251447	16.857516	18.810685	5.252143	2.52136	9.113119	7.9901005	7.918432	7.3913226	1.3172304	2.4427	3.082506	0.255436	0.601284	1.640188	9.193366	9.275835	35.0470336	27.3837975	28.854524	53.189731	9.0690137	7.792398	9.100898	7.299691	1.7747236	0	4.2136542	1.327018	4.8103138	17.7759182	11.8251415	1.96734	3.7529	23.122106	32.072883	28.5146246	13.1064845	49.265433	9.7383927
K01567	NO_NAME	4.388906	5.8723206	6.3725224	10.831681	11.209315	29.8179203	22.261149	10.3496069	13.6360518	1.0518913	4.589813	0.7952028	10.794183	3.5527951	1.1022921	1.7672449	11.228717	9.5206649	8.4760396	12.832915	17.7860155	7.148093	3.2715137	7.6722963	18.487602	16.0847692	18.7923284	3.603891	0	10.0690207	8.1389021	12.8353	9.4755863	8.9657184	10.241204	5.640044	13.0249662	14.438869	11.655906	12.3867098	13.64586	11.041894
K01569	oxalate decarboxylase [EC:4.1.1.2]	0	0	0.102186	0	0	0	0	0	0	0	0	0	0	0	0	0	0	0	0	0	0	0	0	0	0	0	0	0	0	0	0	0	0	0	0	0	0	0	0.081613	0.0684126	0.107875	0
K01571	oxaloacetate decarboxylase, alpha subunit [EC:4.1.1.3]	7.299254	6.097325	9.236555	13.1075599	11.430503	16.941217	28.2808758	26.2060454	36.728452	12.296763	4.899138	1.2520758	10.847997	7.4178796	1.243012	1.8924366	10.1930092	22.81719	35.3171287	12.8378918	14.107291	6.5782286	3.7943383	16.891534	14.7116224	13.860249	20.348224	4.87385	0.411845	6.737103	7.253067	15.898556	6.297438	4.6800296	28.916393	3.8659976	35.48106	12.870755	9.189311	29.272641	12.636438	13.2386172
K01572	oxaloacetate decarboxylase, beta subunit [EC:4.1.1.3]	7.256728	5.696596	5.381578	1.9561099	8.10933	9.6214684	8.1654971	11.495156	10.6061675	9.6370939	7.3516648	29.3076311	9.760538	4.1548752	0.3169766	26.3872444	9.0879119	6.105447	8.409383	9.7003371	13.394974	9.389553	2.6531985	2.508522	17.19877	15.257104	13.888122	20.780386	56.39466	12.2054441	4.8201098	8.632667	11.04255	24.9426822	14.6444924	4.4138015	15.234975	29.4067059	15.5545991	9.2048724	10.846994	12.8385961
K01573	oxaloacetate decarboxylase, gamma subunit [EC:4.1.1.3]	0.333881	0	0	0	0	0.0822665	4.371523	1.094823	0.4193953	3.34887	2.03259	26.326483	5.48201	0.832194	0.515999	18.28207	1.072808	0.255407	0.08118	0.928658	0.936279	2.50839	1.180013	1.0156	1.10052	3.32861	1.68657	34.29914	79.520473	3.749272	0.168631	0.7454524	3.2342392	6.4499635	0.160179	0	3.272658	1.019111	0.269899	0	0	0.862033
K01574	acetoacetate decarboxylase [EC:4.1.1.4]	0	0	0.14233	0	0	0	0	0	0	0	0	0	0	0	0	0.556566	0	0	0	0	0	0	0	0.0631036	0	0	0	0	0	0	20.7283	2.52294	0	0	0	0	0	0	0	0	0	3.72448
K01575	acetolactate decarboxylase [EC:4.1.1.5]	0	0	0	1.709963	3.2358367	0.609997	3.323087	0.0928022	0	0.206471	0	1.98859	5.64431	0.157162	0	1.544919	0	0	2.214	0.614961	0	8.067304	5.8006923	0	0.3474971	0	0.3202697	0	0.0474575	0.2784122	0.2062503	0.46725	1.5133479	0.2966093	0.230044	3.0894898	0	0.371829	0	0	3.0696	7.2514867
K01576	benzoylformate decarboxylase [EC:4.1.1.7]	0	0	0	0.3713	0	0	0	0	0	0	0	0	0	0	0	0.625079	0	0	0	0	0	0.220425	0.1910993	0	0	0	0	0	0	0.150345	0.228733	0	10.2028	0	0.0704656	0	0	0	0	0	0	0
K01577	oxalyl-CoA decarboxylase [EC:4.1.1.8]	0	2.31125	2.001517	0	0	0.0226633	0.182558	0.0159507	0	0.0171642	0.149558	0.0297577	2.77577	2.25231	11.481	0	0.26808	0	0	0.498738	0	0.1220474	0.110084	0	0	0	0.83175	0.0317291	0.42694	0.0891742	0.0204801	0	3.0775	0.344597	0	1.01012	0	0.0240641	0	0	0	0.4047781
K01579	aspartate 1-decarboxylase [EC:4.1.1.11]	64.2837206	40.1871717	25.390434	15.5712867	36.25914	32.0326714	43.8691773	32.836928	48.737375	53.954105	25.7561816	39.7099115	34.1454643	15.23337	31.360316	43.4653	9.3739225	25.772049	33.239476	63.480823	53.775673	18.974184	9.399352	6.706924	42.827467	41.831903	42.2670591	96.3826502	66.884073	22.0958074	10.065066	36.2104653	50.172755	30.1479967	17.565669	4.6436408	66.334582	60.593798	68.447543	101.1699646	89.9797118	28.178786
K01580	glutamate decarboxylase [EC:4.1.1.15]	4.127629	1.48461319	1.765936	8.24663899	1.1579715	0.49693902	6.96768639	0.09183283	0.193683	0.39427993	0.175432	3.26327467	5.247167	1.73876089	9.1836417	0.993171	0.73090083	0.10135996	0.0990177	1.698724	1.375925	2.17140542	2.59604685	0.434238	3.0648592	0.49294183	1.72990659	0.73654613	0.5291038	2.24246273	1.08161252	1.04746393	6.547457	3.0728177	0.0319152	8.06805976	0.995799	1.38239559	0.932367	1.06174	1.55184	2.62877895
K01581	ornithine decarboxylase [EC:4.1.1.17]	0	0.293045	8.5887185	0	0	0.024561	0.1436978	0.0490589	0.0722045	0.8904784	6.625697	0.010872	1.4837534	1.375647	9.176424	0.3707968	0.3332525	0.599631	0.403117	0.402112	0	0.03310857	0.1029985	3.6883441	0	0.358352	0.261148	1.140942	9.88104	0.1736213	0.1930176	0.1960205	10.0831469	0.231939	0.533447	0.717209	0	0.1265045	0.0473281	0	0	0.597827
K01582	lysine decarboxylase [EC:4.1.1.18]	0	0	4.688053	0.072604	0.0817229	0.2243862	1.8133274	0.0725043	0	0.0136658	0.8886437	0.0092834	5.796239	5.833358	21.1686287	0.1929873	0.473128	0.0152668	0	0.0531555	0.0825153	0.0997715	0.1638487	0.189467	0.0610362	0	0.1804373	0.3679081	1.4076345	0.0455452	0.4198364	0.0788645	7.522014	0.68744331	0.116887	0.919087	0	0.0354921	0	0	0	0.82111671
K01584	arginine decarboxylase [EC:4.1.1.19]	0	0	1.64887	0.0112583	0	0.0150929	0.581954	0.0110576	0	0.011717	0.04953	0.00791219	1.4555	1.67686	6.54656	0	0.290747	0	0	0	0	0.0155938	0.118528	0	0	0	0.161687	0.0196085	0.304093	0.05896373	0.217989	0.00723421	6.35705	1.66544	0	0.468236	0	0.0142169	0	0	0	1.34875
K01585	arginine decarboxylase [EC:4.1.1.19]	6.6399616	4.251527	4.0035113	6.337944	2.886452	6.4663174	8.845899	9.217457	5.1589369	18.637816	13.5109794	31.1323212	12.1860287	5.1429148	9.349835	31.661277	4.144928	7.1153677	4.3545766	5.216864	3.642997	9.9398673	4.885812	6.3061134	4.4365894	19.063291	5.0846008	46.6965195	63.532783	12.4876202	0.9640914	4.1751436	22.584971	9.68444	1.4807155	3.4537913	3.304251	5.5024374	3.6988234	7.3694141	1.5048753	4.333948
K01586	diaminopimelate decarboxylase [EC:4.1.1.20]	55.2167391	81.4035277	27.0076331	58.4158871	128.9388179	43.7818465	39.4609114	37.7065437	33.872591	26.2038256	39.6157169	37.9980874	46.9716421	51.2945457	14.8290736	24.9330227	35.7490507	25.3792653	21.8247477	91.3064704	80.9148139	77.0114968	128.145652	9.9107196	16.8948071	57.3104959	70.4083487	24.0735348	61.5387409	24.1903952	67.034399	52.6141829	62.4021567	51.9920183	34.6616424	13.9895481	60.8649752	57.79999	92.0549389	87.296301	95.8326753	35.0083438
K01588	5-(carboxyamino)imidazole ribonucleotide mutase [EC:5.4.99.18]	67.5532182	86.3442966	32.0730858	80.2667766	136.7044364	50.240903	36.4224049	52.3038705	55.6432915	98.0668189	76.3030891	6.375401	54.367514	38.8144697	10.065032	16.3827878	50.9049045	25.918549	31.7894236	109.6456137	48.5848168	52.2458596	83.9809424	56.4273025	44.7600035	66.4281882	75.4331098	18.8032663	8.44077	29.4385787	126.917134	46.5901449	86.6790199	51.9796786	67.276376	31.338216	97.4853001	84.2519735	133.5428548	96.0036007	105.97834	57.4554879
K01589	5-(carboxyamino)imidazole ribonucleotide synthase [EC:6.3.4.18]	1.443168	1.3749844	5.8979235	0.5664927	0.7898716	1.5609648	2.0837288	1.0324521	1.284757	14.456092	11.876374	3.350428	11.319366	2.0180024	0.8979965	2.287058	1.8919157	1.5115981	3.003367	5.3426959	1.05638	5.8313088	3.5248227	24.5820385	0.3600108	1.39039	2.5562576	0.208938	6.6324968	1.0384632	2.9446058	2.6606421	26.0756658	1.6254739	5.4849072	14.734146	0.1636718	5.6633	1.2053471	1.408093	1.7976718	12.961047
K01590	histidine decarboxylase [EC:4.1.1.22]	4.2036712	0.9891273	0.0372575	6.423328	0.9313792	0.3656639	0.5180302	0.251513	0.0857675	0.366922	0.143259	17.566544	0.2411967	0	0	3.950577	0.6657661	0	0.0720927	1.283939	1.1011473	2.1164772	1.579012	0.2106785	2.25537	0.600855	1.710073	5.730943	53.017985	0.719474	0.407734	0.2506341	3.933981	2.385332	0	0	0.98662	0.808224	0.844609	0.916677	1.364758	0.587171
K01591	orotidine-5'-phosphate decarboxylase [EC:4.1.1.23]	48.1060685	69.4895631	55.582549	57.5405043	118.1544666	67.5291006	69.5246974	67.0835349	63.7972649	97.1095123	91.6881474	48.2488584	59.823455	31.0750276	15.4375376	59.3531832	72.4729841	53.2662455	77.1933101	75.2804637000001	54.7624574	91.3743337	133.9162966	90.1297501	55.9071522	80.1402031	77.5999287	71.3021745	44.8120163	39.9321962	122.1943052	72.0952549	77.2691256	77.4873306	69.307148	35.1519523	98.7566672	72.2607387	76.6796883	43.7912949	60.7882426	79.8069118
K01595	phosphoenolpyruvate carboxylase [EC:4.1.1.31]	0.1953442	3.15647	6.6636997	12.0571774	127.6615465	1.0335107	3.4757476	14.766203	12.861152	34.9092043	30.5069099	0.8672219	14.80128	6.89744	17.5191037	2.6326444	1.583364	4.7618435	2.9080288	8.8008386	0.149407	0.3724095	0.918659	19.7280349	0.483582	1.991	4.407767	0.8965488	3.990793	0.0377572	1.764526	1.152273	15.468904	3.5636	9.0221666	2.4857676	0.1594501	0.1952369	0.0767329	0.242899	1.3175677	8.0244523
K01596	phosphoenolpyruvate carboxykinase (GTP) [EC:4.1.1.32]	0	0.69232	0.2863073	0.256765	0.150369	0	0.4388052	1.9376207	0.3626501	0.474918	0.817276	0.154552	0.898642	0	0.0985305	0.135563	0.5331175	0	0	0.2483599	0.127825	0.0641976	0.0753755	0.7085686	0	0	0.0474349	0.0394088	0	1.78669	1.003332	0.190245	0	0.183822	0.0625954	0.5119752	0	0	0	0.0752664	0	0.9489208
K01597	diphosphomevalonate decarboxylase [EC:4.1.1.33]	0	0	0.7051684	0.8401789	0.264391	0	5.4651248	0.106863	0.037474	0.646819	0	2.778312	0	0.4112304	0.0496504	0.6640291	0.100408	0.2375953	0.15716	1.0978937	0	1.5602755	0.355514	0.4636322	0.506121	0.105967	1.4567577	0.0836025	4.78246	0.9178598	1.4064231	0.3435326	6.154023	0.240104	0.3854545	3.826676	0.0973131	0.121546	0	0.0549744	0	5.9351596
K01598	phosphopantothenoylcysteine decarboxylase [EC:4.1.1.36]	0.1726156	0	0.3099695	0.2142324	0.0696365	0	0.21099	0.133579	0	3.697833	4.9825777	0.0961485	1.47321	0.1546641	0.080901	0	0	0	0.101634	0.4702008	0.0347274	0	0.0672316	19.7830614	0	0	0.5370063	0	0	0	0	0.0348399	0.1298156	0.2397212	4.18712	0.548003	0.109364	0.312932	0	0.3326239	0.3021196	0.808618
K01599	uroporphyrinogen decarboxylase [EC:4.1.1.37]	2.5540534	3.1816333	7.2329311	1.246208	0.0597253	0.648166	4.9634418	2.4023495	4.818651	3.9777594	4.6241854	0.9784755	4.0938107	5.611747	11.4404279	3.920177	6.210639	2.95496	4.382193	13.909633	15.608458	0.1463546	1.1674514	8.2617632	0.6788753	3.0287291	0.893367	3.140426	8.92882	4.5427957	1.9081151	0.3843406	20.335833	4.5117741	6.0594202	1.774801	0.5477006	0.7048167	0.2089125	1.0968751	7.3569352	10.559473
K01601	ribulose-bisphosphate carboxylase large chain [EC:4.1.1.39]	0.0375064	0	0.0723552	0	0	0	0	0	0	0.299163	0.355084	0	0	0	0	0.1195568	0	0.0836593	0.207408	0.141031	0.0195093	0	0	0.06459893	0	0	0	0.0321362	2.56807	0	0	0	0	0	0.275303	0	0.463753	0	0	0	0	0.905728
K01607	4-carboxymuconolactone decarboxylase [EC:4.1.1.44]	4.218986	33.153266	6.5051693	10.3738354	60.345526	23.104831	19.472701	9.4489382	8.9167561	4.144969	0.888447	28.817654	17.128682	1.1027433	0	7.271869	3.183916	5.2469735	3.0513874	23.1527192	5.4655679	20.8570205	50.624948	0.8662063	3.2775738	21.731118	20.929153	14.7556968	51.6988246	11.6511021	22.2641348	8.4212439	36.2497658	7.3425351	7.6378495	3.2004142	29.2530438	35.6999422	10.047858	0.975826	18.7435388	5.6796342
K01608	tartronate-semialdehyde synthase [EC:4.1.1.47]	0	0	2.75322	0	0	0.301835	1.04986	0.113444	0	0	1.52916	0.01962105	0.2616001	0.234055	0.386002	0	0.03080672	0.0691727	0	0	0	0.00934035	0.145825	0	0	0	0.203038	0.0411231	4.26613	0.00977628	0.145072	0	3.64071	0.689623	0	0.0889868	0	0.0861221	0	0	0	0.102915
K01609	indole-3-glycerol phosphate synthase [EC:4.1.1.48]	6.2036525	5.0292817	14.2464926	27.329828	12.0750202	7.6778868	11.3505412	11.946663	11.6977431	57.2012998	47.0846885	4.2906411	12.606041	3.7000297	1.832806	13.154698	6.0784418	14.526264	13.7947739	21.687562	13.5593285	34.3619282	64.2259987	25.1955989	3.0720561	5.751689	8.8418079	5.2158595	4.0673581	11.2758706	4.0508037	6.1315975	12.5793821	6.16745	9.87175	13.6789855	2.7850125	3.9002913	13.948899	12.3231687	19.178752	12.3968005
K01610	phosphoenolpyruvate carboxykinase (ATP) [EC:4.1.1.49]	71.6324426	50.3598409	40.5641062	46.860931	38.25063	30.1553821	45.3625659	52.1470774	68.5685733	57.818352	31.823817	39.88843	30.512847	14.9780101	9.222123	50.6402357	22.3495251	38.158539	50.358198	62.3211062	58.4913826	56.2368798	70.7036574	43.5226283	47.05411	51.8462416	37.8234279	67.9335419	71.1987607	24.7490568	25.9746119	27.1579082	50.0645654	40.0099902	34.7736185	17.7535837	73.7288805	77.4425693	72.2861162	105.9946754	112.550534	35.2683617
K01611	S-adenosylmethionine decarboxylase [EC:4.1.1.50]	0.03905	0.434429	4.352266	0	0	0.3301295	2.7410898	0.090141	0.0450761	1.20571	0.724914	0.0912456	7.86399	2.8804612	6.73569	0.894763	1.016271	0.0673166	0	0.194133	0.0978631	0.0386801	0.2608251	0.0871035	0	0.496341	0.0969225	0.602444	1.57912	0.2334851	1.2002048	0.2910435	27.36602	0.6555402	0.37932	2.313534	0.104484	0.1222929	0.1530084	0	0.469474	1.2347297
K01612	4-hydroxybenzoate decarboxylase [EC:4.1.1.61]	0	0.106091	2.9750835	0	0	0.333303	2.53981	0.013255	0	0.01572	0	0	3.08764	1.70033	10.7375	0.0692745	0.0864234	0	0	0	0	0	0.07644566	0	0	0	0.0406179	0.0438675	0	0.0141568	0.340301	0	3.97769	1.60685	0.0812174	0.339708	0	0	0	0.0512298	0	1.53772
K01613	phosphatidylserine decarboxylase [EC:4.1.1.65]	4.184375	3.4601506	12.113903	1.0641	2.02238	3.6423032	20.188625	11.846768	12.3433083	17.924641	21.2732176	27.793048	12.284636	16.373232	3.454156	31.255655	20.2764684	6.1678671	11.8005188	9.743199	32.4176787	8.4323186	2.349247	0.811858	2.658147	9.235582	1.972446	46.6342914	71.0200826	9.1478434	13.2686909	28.0203637	26.8385845	31.063602	14.6581904	1.41337	9.440783	11.277729	10.0260417	9.0217967	4.0727891	3.9620466
K01615	glutaconyl-CoA decarboxylase [EC:4.1.1.70]	0.0644044	0.0999374	0.106815	0	0	0	0	0	0	0.0406577	0.408764	0	0.170641	0.550173	0	0	0.863594	0.245154	0.886626	0	0.0606357	1.83687	0.982722	0	0	0.0889078	0	0.400225	0	0.284797	0	0.084272	0	0	0.198775	1.56609	0	0.162675	0	0	0	0
K01619	deoxyribose-phosphate aldolase [EC:4.1.2.4]	59.3868239	39.9999719	34.591483	14.4073388	19.684842	19.0742613	41.1999686	28.2155284	35.3969555	64.4262956	48.797891	33.7287708	20.8983435	13.5593732	1.4121679	41.8404438	25.0347638	22.8190929	50.4237443	40.506866	28.813026	16.0289345	7.7653815	51.7571083	45.6713034	36.0676938	13.5307114	58.3711973	40.8925628	23.1687365	10.2173746	15.5553863	57.3818955	51.2606286	24.2992368	22.2466683	36.4386797	38.7700655	50.3389607	76.4531977	44.9079668	48.0735032
K01620	threonine aldolase [EC:4.1.2.48]	9.2369921	6.8886728	4.8021406	15.90371	9.599998	6.152265	6.180207	9.1840934	6.8722921	5.1397276	8.498184	4.8494295	14.1581312	2.0934841	0.5992954	7.3275977	4.378129	8.686451	9.5917079	6.512894	5.2480889	15.669896	14.4815939	13.0885807	3.9641738	8.602463	6.5301136	21.8455584	6.741241	6.9246409	2.5361267	4.0194182	29.4274001	11.9280641	3.582558	2.3322241	8.3132671	10.1284591	4.0889562	10.00111	10.7368822	17.974907
K01621	xylulose-5-phosphate/fructose-6-phosphate phosphoketolase [EC:4.1.2.9 4.1.2.22]	0.0924168	2.116768	0.1607058	0.6803039	0.1142533	0.74297	3.74961	0.1175108	0	0.336948	0	2.55571	0	0.352724	0.1280085	0	0.0914589	0	2.36423	0.3823876	0	0	0.7501553	0	0.5089032	0	1.0145343	0	0	0.178287	0.3135264	0.3727037	0.101828	0.118327	0	4.849254	0.0450052	0.0455858	0	0	0.107722	3.0370005
K01622	fructose 1,6-bisphosphate aldolase/phosphatase [EC:4.1.2.13 3.1.3.11]	0	0	0.245663	0	0	0	0	6.8104	0.265505	0	0	0	0	0	0	0	5.590632	0	0	0	0	0	0	0	0	0	0	0	0	8.54393	0	0	0	0	0	0	0	0	9.25425	3.27747	0	0
K01623	fructose-bisphosphate aldolase, class I [EC:4.1.2.13]	0	0	0	0	0	0	0	1.34893	0	0	0	0	0	0	0	3.905776	0	0.0934615	0	0	0	0.854077	0.0296619	0.0823008	0	1.16526	0	0	2.34432	1.32986	0.563299	0.214949	0	0	3.432168	0	0.6492122	2.9827912	6.43118	0.908519	0	0.080278
K01624	fructose-bisphosphate aldolase, class II [EC:4.1.2.13]	151.4339431	89.5130108	19.3676341	57.60793183	80.9012991	93.4599934	72.6810012	25.4388109	34.5694305	98.5293715	81.6544642	5.7312114	16.2097672	36.4333912	22.4849674	12.905413	32.1005813	22.9830043	23.4835841	154.235723	116.9996929	27.2658715	33.973847	46.91476904	48.7228248	51.9134515	68.44607707	16.4394267	8.6266469	19.2951067	50.3398558	58.2671109	83.9293192	81.2756238	30.8319629	21.3998664	99.388597	124.817525	170.3650254	240.002736	227.4141066	36.9289564
K01625	2-dehydro-3-deoxyphosphogluconate aldolase / (4S)-4-hydroxy-2-oxoglutarate aldolase [EC:4.1.2.14 4.1.3.42]	15.9703388	14.526195	13.1068232	34.7852376	13.34152	8.3723153	10.2720976	11.0696693	11.619206	6.1936957	7.0389729	0.699931	10.355104	9.1545742	19.4577865	7.9318179	9.5520681	6.6438508	12.6743246	3.5966265	29.6614923	25.673791	22.181272	1.6546651	1.5844947	14.85268	31.7446128	12.060735	0.8649427	4.0780382	38.4291673	18.6537858	22.5890333	7.71429	6.9143259	17.172738	5.301148	6.9780895	8.1543894	12.1582508	0.9201403	22.7513248
K01626	3-deoxy-7-phosphoheptulonate synthase [EC:2.5.1.54]	70.7132982	115.0048776	35.9230873	51.0581983	225.0853965	132.0839274	85.7704515	40.0413418	37.412758	53.2413568	40.1646141	4.6825858	53.8860515	19.592593	35.5038518	6.2629464	13.416568	33.738866	25.0328983	104.6850535	36.6554003	69.3230486	139.5202013	16.9826419	17.2819025	76.484522	103.288758	9.4223233	4.4053608	8.7879401	71.5292712	35.7812111	80.136161	20.6064907	37.9770366	9.1209919	103.3667268	67.0007574	75.61989	91.209641	112.53114	33.405584
K01627	2-dehydro-3-deoxyphosphooctonate aldolase (KDO 8-P synthase) [EC:2.5.1.55]	0.7625536	1.053795	6.5251293	0	0	0.2380246	2.7261892	0.2698008	0	10.437035	5.620056	0.627435	7.0011883	6.804962	21.19398	0.774882	0.690118	0.8423003	1.663957	0.737926	0	0.8589631	0.9749337	0.185297	0	0.636159	0.3661539	0.745168	4.8844943	0.7490185	1.0312893	0.8762286	16.8770601	1.8626553	0.5295112	3.091991	0.835186	0.0498409	0	0	0	4.3152588
K01628	L-fuculose-phosphate aldolase [EC:4.1.2.17]	45.5844457	36.9776282	11.993031	11.9158648	14.771954	22.45841	22.635802	12.3081294	16.1306308	7.755106	7.276154	1.5640688	11.782959	9.206443	8.946856	2.569815	10.6212	8.7617371	13.92538	48.3189159	43.5326532	7.4537843	7.9089392	16.2448229	6.5705354	18.3250858	45.6978181	2.9975208	6.2228271	11.9483637	5.991167	12.6640383	12.376253	8.5257319	11.9140097	2.0943051	34.748503	41.9571816	29.8384692	96.3869703	60.152627	6.7556
K01629	rhamnulose-1-phosphate aldolase [EC:4.1.2.19]	5.847698	7.016273	12.1457089	12.8264672	23.5788	13.467905	9.6301307	8.4877272	7.480289	33.0183013	4.680594	4.704373	21.53497	9.6281751	22.91828	7.926714	8.331478	21.03826	27.2025429	10.026528	8.423158	5.8138978	4.3419946	26.4502802	13.167401	30.44405	34.7498366	15.822229	5.470117	5.164943	22.7413865	16.7883039	19.2497848	23.4939789	19.6466521	2.695518	16.6752608	9.9014742	3.8046459	19.5654885	6.511765	8.6089215
K01630	2-dehydro-3-deoxyglucarate aldolase [EC:4.1.2.20]	0	0.203776	7.41259	0.512557	0	0.1489248	3.99836	0.0127856	0	0.028697	0.309126	0.203083	6.054166	5.94597	20.4025	1.11411	0.622499	0	0	0	0	0.1987481	1.081302	0	0	0	0.2465237	0.24172	0.595397	0.59436	0.89604	0.0128978	6.13654	2.253328	0.622072	1.16919	0	0	0	0	0.0343606	2.303302
K01631	2-dehydro-3-deoxyphosphogalactonate aldolase [EC:4.1.2.21]	0	0	4.00788	0	0	0.0197585	1.563545	0	0	0.0320878	0.313326	0	9.00216	4.95155	35.6932	0	0.153137	0	0	0	0	0.026904	0	0	0	0	0	0	0.715513	0	0.116744	0	3.79165	0.994304	0	1.74759	0	0.0232327	0	0	0	0.5891853
K01633	dihydroneopterin aldolase / 7,8-dihydroneopterin epimerase [EC:4.1.2.25 5.1.99.8]	4.917161	5.630461	4.039186	13.091041	8.86062	0.6570055	4.54264	7.0738945	5.145587	7.600968	8.4140071	25.6027875	11.026648	10.246448	18.4190594	13.672915	5.2155063	2.867061	2.2388701	6.928377	0.5380271	3.535662	2.9054497	6.786398	1.41943	10.6564342	15.390128	33.3385441	64.66593	9.2617093	14.1218809	4.8411885	14.663419	7.0452675	7.298032	6.80782	9.447584	5.1541896	13.953606	5.34388	0	10.8681475
K01635	tagatose 1,6-diphosphate aldolase [EC:4.1.2.40]	0.256136	0	1.127367	2.3310749	0.593386	0.723794	0.646192	0.2005721	0.114524	6.433001	5.9000113	1.850644	0	0.425966	0.2583617	0.636684	0.232594	0.156748	3.366975	0.9556023	0	0.7392716	0.7905519	2.209072	0.3467087	0	0.0934948	0.140494	1.36407	5.578192	0.364384	0.148775	0.0910791	2.566929	1.5374011	2.6102182	0.0724091	0.106092	0	0.105583	0.1436457	1.492744
K01637	isocitrate lyase [EC:4.1.3.1]	0	0.446077	3.46575	0	0	0.3692927	3.73376	0	0	0.543798	2.27439	0	3.98469	4.532231	10.05	0.245286	0.191254	0.117987	0	0	0	0	0.268288	0.0184186	0	0	0.3075215	0.284153	3.785762	0.0835819	0.582206	0	21.071232	2.363778	0.232155	0.686251	0	0.119354	0	0	0	2.164111
K01638	malate synthase [EC:2.3.3.9]	0	0	7.06285	0	0	0.3119787	0.4178591	0.0436014	0	0.7108464	1.97128	0.05303909	13.24173	7.437663	53.28048	0	0.3018366	0.0172499	0	0	0	0.0632606	0.2910141	0.2649056	0	0	0.2024404	0.261274	5.059477	0.292298	0.0752567	0.0178417	18.526436	0.3453074	0	1.25499	0	0.114948	0	0	0	1.2515137
K01639	N-acetylneuraminate lyase [EC:4.1.3.3]	4.658708	0.9154746	5.051897	0.805976	0.0817229	0.547248	2.014315	0.4210946	0	6.3874803	10.8215099	20.4229978	10.416814	8.4001612	43.0664	10.4206784	1.5112136	0.8868303	0.2857314	0.9040997	0.251561	1.9751125	3.123692	0.0835796	1.103628	0.9952073	0.5676065	6.6537359	43.658474	1.704183	18.8487518	3.6521903	9.593302	2.2756805	0.450502	4.3507944	0.524278	3.895169	0.121383	0.1951205	0.266121	8.3225337
K01640	hydroxymethylglutaryl-CoA lyase [EC:4.1.3.4]	1.0833195	0.747065	0.0523995	0	0	0	0	0.0604195	0	0.3453253	0.9983359	0.2438122	0.3552069	0.234856	0	0	0.0736087	0.2553205	1.0122265	0.277065	0.214001	2.7555619	0.510748	0	0.177809	0.118782	0.0885614	0.993631	0	0.16626	0.0519753	0.776791	10.731132	0.376849	0.526311	0.0537041	0.5411099	1.1654855	0.834233	0	0.0680659	2.6077506
K01641	hydroxymethylglutaryl-CoA synthase [EC:2.3.3.10]	0	0	0.6029692	0.4433201	0.2013171	0	0.121265	7.0089139	0.2822191	0	0	2.37968	0	0.468786	0.0424679	0.963528	4.330674	0	0.155155	0.494015	0	0	0	0.364996	0.416539	0	1.06683	0	0	8.7078732	0.627113	0.3706547	5.651626	0.150015	0.2992418	4.110415	0	0	8.62246	3.53723	0	5.2974674
K01643	citrate lyase subunit alpha / citrate CoA-transferase [EC:2.8.3.10]	0.222611	0.2584554	1.9656	0.8535298	0.326465	0.0236053	0.214016	1.4402628	2.38718	1.182152	1.097876	0.926398	5.8012149	2.3212036	14.487344	0.211472	1.9040463	0.2606002	2.176062	0.0622646	0	0.2133285	2.4005874	0.163651	0.1961275	1.1676165	1.0409203	0.5579553	0	0.8589073	0.1379286	0.464149	3.0478945	0.324033	0.2028593	3.5121288	0.10138	0.126606	0.0470889	0	0.0402543	0.9198621
K01644	citrate lyase subunit beta / citryl-CoA lyase [EC:4.1.3.34]	0.1149626	0.1510202	3.2341285	0.763611	0.0558496	0.1323623	0.4709924	0.0783953	0	10.0410403	4.223356	0.640582	7.971575	11.8960759	24.4023971	5.724485	1.0571899	0.674858	3.954131	1.1974236	0.518836	0.7398878	2.0367501	0.4534151	0.1498786	0.188795	0.0679962	0.1760303	2.436163	4.2351559	0.2129257	0.3283261	2.164342	2.6643358	0.8494132	1.7853702	2.0030852	0.943828	0.0537018	0	0.11698	2.6987542
K01645	cerberus 1	0	0	0	0	0	0	0	0	0	0	0	0	0	0	0	0.0470763	0	0	0	0	0	0	0	0	0	0	0	0	0	0	0	0	0	0	0	0	0	0	0	0	0	0
K01646	citrate lyase subunit gamma (acyl carrier protein)	0	0.576215	9.3070262	2.0375576	0.141851	0.4236215	2.751056	0.5295941	0	0.6620678	1.8072732	2.8347218	10.504732	15.50308	30.1280316	2.202414	2.143926	0.3302803	3.156712	0.4313413	0.0377472	0.3339013	3.8660402	0.07875086	0.0702021	0.102403	0.388711	0.6734705	5.53038	7.1240244	1.3480528	0.7975403	13.5716629	3.0718337	0.9602551	5.5337235	0.1632604	0.5127118	0	0.0362558	0.114709	3.509683
K01647	citrate synthase [EC:2.3.3.1]	94.1320881	69.7489038	45.8250829	95.2625871	89.2005971	84.2526842	92.412842	76.8860156	95.7644929	55.8487208	60.824463	30.1034567	42.9197704	53.0994181	14.258323	47.2426979	106.4061551	66.8175167	76.9019738	159.8428085	197.227187	65.7944838	86.7933958	44.4952295	83.259887	122.1601146	152.8337597	60.9270126	64.1632877	63.3410367	23.2632038	60.5405281	101.5539217	119.2306554	76.6720461	40.4848866	112.2328308	122.4041545	123.1377875	168.7887644	224.6903628	66.3956357
K01649	2-isopropylmalate synthase [EC:2.3.3.13]	20.2478615	50.7292675	26.8212337	23.0436886	121.0558152	58.6798737	28.9742579	23.5340071	14.4155077	6.1546677	11.1902346	7.3300982	37.1329664	6.2777543	15.0433254	9.5486627	6.336153	14.5653284	9.9306916	36.9084231	2.2488129	41.5540182	78.5436192	20.6449528	2.6026132	43.899564	39.6477551	6.7915893	2.7718137	8.7788735	36.5131428	16.0152681	36.7641957	6.0074149	19.1044245	7.6604637	44.2261981	19.2652001	21.6584055	3.6345523	33.6917475	20.0312866
K01652	acetolactate synthase I/II/III large subunit [EC:2.2.1.6]	37.6586394	33.8350297	15.8716552	29.3351125	25.1887638	41.9464433	51.1192224	38.8335085	40.2975614	87.8337127	65.4518366	11.1308262	28.3275877	13.4570741	32.3157851	21.2287636	15.7422651	20.4350806	24.9366471	50.7199832	25.6447672	17.9501881	15.4450393	66.4626894	19.8250559	24.9330032	26.2422096	33.5188753	4.6110526	27.8776589	10.7529265	20.2884379	42.7120652	22.3156898	24.1867455	11.4338049	32.5256123	34.3928502	51.7781024	84.4870674	54.4875224	23.9366365
K01653	acetolactate synthase I/III small subunit [EC:2.2.1.6]	50.3296289	75.5116924	28.807757	36.6908731	142.1007	97.6803078	65.4909303	33.1252231	32.3785343	10.5303051	12.0443623	7.401233	49.8499784	21.4367165	39.7005953	9.0352227	17.5274454	25.9486764	22.688522	70.2874607	37.300754	53.199725	90.1649666	16.3882931	26.5023562	52.2879196	79.0548597	8.752831	7.3421878	18.0954815	51.8250929	36.6488623	71.250931	22.7567899	31.1030523	11.4196238	74.1782063	56.687418	69.1489361	82.5178062	88.5736822	37.361669
K01654	N-acetylneuraminate synthase [EC:2.5.1.56]	1.5724	0.193401	1.905836	1.822878	0.316282	0	0.125643	0	0	0.27064	0.568386	0.2609047	0.103054	0	0.0205647	0.64405	0.0967001	0.0778087	0	0.1045607	0	0.211874	0	0.0826811	0	0.219845	0.949267	0	0.290677	0.2022403	0.3750824	0.1292929	0	0.113001	0.1540474	0.20326	0.1530047	0	0	0	0	0.165715
K01657	anthranilate synthase component I [EC:4.1.3.27]	6.587694	3.5388357	23.3316269	2.676371	9.64229	2.6588241	20.9776256	22.383954	30.760669	52.9000759	36.7478115	2.4587764	26.2463073	8.7086885	11.5879717	13.3630093	8.2674191	15.287731	23.107732	15.6935795	26.5901108	27.3582472	49.6434864	22.1008669	2.2444657	7.063394	3.0650807	26.575582	0.391002	7.0532713	5.7218936	12.004943	29.9565614	9.6794971	17.7570647	11.2046508	17.5492676	8.5282708	4.400966	23.826757	28.8278336	12.0220195
K01658	anthranilate synthase component II [EC:4.1.3.27]	0.306257	0.520227	0.554495	0.2592914	0.0394021	0.0237486	7.9871976	3.0592982	0.7112455	5.78506	3.63511	0.6609627	4.3005813	7.576522	2.9305729	6.98222	1.3187185	3.328118	2.3951546	2.0158844	0.4171144	1.518217	0.723197	1.0054214	1.2397153	2.45	0.4635709	15.3501311	0.142373	5.695108	0.5173279	0.407217	23.2563022	2.899984	1.103364	2.942511	2.2511955	1.089404	2.1230964	0.1375289	0.7095267	0.387231
K01659	2-methylcitrate synthase [EC:2.3.3.5]	0	0.372191	1.76206	0	0	0	0.596483	0	0	0	0	0	0.263048	1.12346	0	0	0.108283	0	0	0	0	0	0.104592	0	0	0	0.244553	0.00758349	0	0	0.124985	0	4.41343	1.47475	0	0.908199	0	0	0	0	0	1.27784
K01661	naphthoate synthase [EC:4.1.3.36]	7.3733573	2.441782	6.8263976	7.2392926	1.0595184	1.381277	4.0912456	0.25700839	0.3628477	9.3945491	10.515488	0.8665493	5.649856	6.6247011	18.497958	0.7740274	0.745293	1.4418276	1.529533	3.7559481	1.44698	1.603945	3.1063046	0.7890321	3.771269	0.4598335	3.96393	1.9780272	4.36782	2.0985328	2.9664142	1.7060157	10.8330618	5.7612007	1.1498319	4.2000716	2.3400223	1.0548735	2.34865502	1.817127	1.6540524	7.663726
K01662	1-deoxy-D-xylulose-5-phosphate synthase [EC:2.2.1.7]	12.0136163	39.515697	14.4216355	15.450802	75.234305	3.9116067	17.0033873	21.3496649	18.157791	12.6663809	24.8279841	22.9114598	25.1143144	14.6180717	14.5568272	23.407963	20.1869206	9.4380647	6.7346463	15.4964141	35.7697669	26.704824	46.0220664	6.1636182	4.5343714	32.100365	27.3640837	33.8070869	56.6432665	11.352478	22.6336649	27.3139865	29.8210727	34.9715055	16.6398703	7.4524584	6.7543708	13.566941	15.9598209	9.8775974	16.6071425	11.8609924
K01664	para-aminobenzoate synthetase component II [EC:2.6.1.85]	0	3.362045	4.1170155	0.0580522	0	0	6.599939	0.1772889	0	0.1156248	1.14995	0	8.18589	6.43805	35.3357	0	0.377946	0.0254409	0	0.7526903	0	0.0619156	0	0.1349844	0.439738	0	1.064614	0.36258	5.1533	1.226108	0.578817	0.0809778	7.04419	0.9373292	0.299555	3.2969423	0.0387207	0.0314101	0.0179055	0.0256714	0.0680336	1.3621593
K01665	para-aminobenzoate synthetase component I [EC:2.6.1.85]	29.359812	17.147433	3.3450669	4.01815	1.74211	2.43344	0.9400114	2.854671	2.658075	6.0219678	3.709911	0.4940745	1.502154	0.5338175	0.089036	0.369837	1.3245457	2.52593	2.667253	1.649165	1.827861	0.6618011	1.4556764	1.8199649	0.12575	0.7971363	2.2534229	0.766837	4.76599	2.4290992	0.813922	3.958978	6.052127	1.9591748	3.635769	1.18162	10.6326775	18.932	18.076109	56.952301	41.537488	0.631586
K01666	4-hydroxy 2-oxovalerate aldolase [EC:4.1.3.39]	0	0.838273	4.3676653	0	0	0.222604	2.1555747	17.442629	23.854915	0	0.25935	0.293477	3.98871	3.568635	8.74984	0.51057	0.5126272	0.3284187	1.261923	0	0	0.0263906	0.0935545	0	0	0	0.112878	0.6767074	3.29434	2.043402	0.6831664	0.0590343	5.9340106	2.7919677	0.522461	1.734693	0	0.0834456	1.10119	0.2936517	0	2.5491916
K01667	tryptophanase [EC:4.1.99.1]	0.84284	0.8058195	2.48007	0	0	0.12027	0.382252	1.5677265	0	2.0789456	1.790274	12.9451538	6.787347	0.667349	3.49217	9.49761	0.340207	0.241519	0	0.456176	0.155665	2.5041083	1.2296154	0	0	2.149178	0.279395	0.0135144	3.79614	0.79742856	1.4776008	2.515151	6.327581	0.4062419	4.1543	0.520012	0.718305	4.5315365	7.0202639	0.9642734	0	0.233986
K01668	tyrosine phenol-lyase [EC:4.1.99.2]	0.5484405	0.463381	0.8858877	0	0	0	0.0972342	0.147287	0	0.923127	3.845092	0.174739	0	0.222845	0.0799356	0.229769	0.366113	2.058393	2.682543	0.7031747	0.15195	0.0577707	0	0	0	0.196083	0	1.081282	2.75544	0.7622635	0.0590823	0.0473402	0.43392	0.262197	0.939457	0.153437	0.123093	0.195978	0	0	0	0.0755065
K01669	deoxyribodipyrimidine photo-lyase	0	0	3.05098	0	0	0.49244	0.168453	0	0	0	0	0	7.89197	3.67228	22.7623	0	0.282868	0	0	0.562036	0	0.0139419	0.513706	0	0.0738022	0.046166	0.351878	0	0.0692982	0	0	0	14.875432	0	0.399373	1.04567	0	0	0	0	0	0.622448
K01671	NO_NAME	0	0.582758	4.26315	0	0	0.0460422	0.677529	0	0	0.0203297	0.102096	0	10.0366	7.71988	41.1263	0	0.0203996	0	0	0	0	0.0703239	0.213886	0	0	0	0.106192	0	0.112424	0	0.0625591	0	5.92307	0.814147	0	2.98794	0	0	0	0	0	0.859226
K01673	carbonic anhydrase [EC:4.2.1.1]	43.813771	62.0619605	21.1550591	21.7294377	38.9530629	55.4820872	33.9360157	7.231422	10.069134	18.7440715	15.89453	3.1954456	29.5401721	12.1463402	30.0611515	2.4485792	4.5470506	14.1281018	14.77145	73.7442166	32.3209867	23.2586933	55.7676357	9.5030879	10.6192054	40.035017	45.1973124	5.4505612	1.736383	4.0790816	34.4841125	16.41513	72.51937817	20.3784047	16.0024135	7.5180254	61.7039404	53.1755374	68.1447521	73.7166287	91.9578888	15.0655528
K01674	carbonic anhydrase [EC:4.2.1.1]	0	0	0.547956	0.0551336	0.059206	1.29231	0.248323	0	0	1.598698	0.0536502	0	0	0	0	0	0	0.0728204	0	0	0	0	0.865659	0.3725454	0.8471074	0	0.950432	0	0	0.711282	0.720896	0.285147	0.790666	0.0571968	0	0.4922078	0	0	0	0	0	2.35634
K01676	fumarate hydratase, class I [EC:4.2.1.2]	1.07006	0.810903	3.604258	0	0	0.0932418	1.758687	1.423919	0.141833	1.4206702	0.6468653	1.22036813	5.061177	3.14636	14.03449	4.460518	0.2861119	0.3072422	0	0	0	2.01554116	1.4148319	0	0	2.137781	0.3801088	0.0355253	1.05503	0.7524877	1.340979	1.7418115	10.079466	2.7071289	3.58695	1.079226	0.666725	3.39063	7.147125	1.02883	0	2.369864
K01677	fumarate hydratase subunit alpha [EC:4.2.1.2]	3.2880393	3.647518	4.197982	0.929909	0.117617	2.194151	2.4395	10.803002	6.1944635	4.673379	4.779955	0.8321125	4.095329	1.6947377	0.268283	5.266355	4.763078	6.098971	7.453597	2.470287	1.6202181	4.245941	2.7402451	5.89606	4.2691994	6.1610293	1.555545	1.0242296	0	9.2597201	2.5662794	1.937515	2.120857	3.9453568	7.196458	2.8171758	3.4356629	6.8897654	11.914966	3.9065498	6.10548	6.7366192
K01678	fumarate hydratase subunit beta [EC:4.2.1.2]	5.2910511	3.781037	4.6437165	20.340229	6.4889824	9.720079	17.91936	15.5696176	12.4501563	4.0017295	26.002574	1.9016895	4.988383	15.204749	6.137448	4.8424318	27.059757	4.743686	5.282718	16.98274	40.3983375	8.733698	9.062646	3.7680029	0.738659	3.370311	5.5475052	0.615575	0	12.8885941	16.622926	32.0867358	5.9206594	31.0945907	8.884063	4.4730591	1.5294446	2.3249794	15.2121932	7.7169655	8.4993153	3.7020178
K01679	fumarate hydratase, class II [EC:4.2.1.2]	0.651783	1.4494904	3.7674452	0.2050485	0.0764979	0.0111249	0.4286199	1.0650422	0.417852	0.5033922	4.189201	0.2159467	0.8893314	0.0816694	0.193671	0.1700236	1.8057757	0.6162223	2.282171	1.1718446	0	0.5362303	1.0127227	0.3286009	0.2060174	0.171682	0.2251691	0.9770425	5.10869	1.9128706	0.6724776	0.5224193	25.13115	1.4056654	0.1980186	1.3576704	0.0322092	0	0.6483097	0.1455515	0	1.1744496
K01681	aconitate hydratase [EC:4.2.1.3]	40.2529242	29.4586295	10.9888405	12.113942	13.6423449	13.07794579	19.2622192	18.89925939	15.4958559	24.11759139	19.9359766	4.4349951	18.4185036	6.3597908	6.5596121	18.9609571	8.4019316	16.1675809	38.6068421	31.1939163	21.981373	15.63823426	9.09122238	21.9309126	25.5349739	31.365144	20.6936186	42.7536092	7.3970346	13.03432781	2.3961417	6.7838691	39.649333	22.0108331	8.4189476	6.4940835	35.4081882	42.5432932	39.8317264	54.5338924	56.56829	20.48366666
K01682	aconitate hydratase 2 / 2-methylisocitrate dehydratase [EC:4.2.1.3 4.2.1.99]	0	0.266603	3.01502	0	0	0.253252	3.51378	0.0116498	0	0.662799	0.0415727	0.010638	7.48191	4.84853	16.7866	0.343409	0.126891	0.00868711	0	0	0	0.00965875	0.251831	0	0	0	0.11208	0.0252028	0.5597302	0.0126711	0.506173	0	9.961841	1.47768	0.230666	0.644331	0	0.00937226	0	0	0	1.65806
K01684	galactonate dehydratase [EC:4.2.1.6]	0.0945026	0.219605	5.05248	0	0	0.1149451	3.2695439	0.278686	0	0.43518	1.83704	0.3768384	11.1091262	4.6886	15.8447	0.4877112	0.7228695	0.113003	0	0	0	0.274017	1.3768353	0.00917662	0	0	0.0752765	0	4.65783	1.0860304	0.44611063	0	4.6081	0.7508734	0.259749	0.618194	0	0	0	0	0	1.275144
K01685	altronate hydrolase [EC:4.2.1.7]	1.0133069	0.7771409	2.8435134	0	0.083064	0.164454	0.9363217	1.21207351	0.8217985	1.1787846	1.155495	0.734866	6.4832882	7.258388	17.300579	0.803889	1.1177441	3.2048941	3.695237	0.789079	0.419313	3.432324	2.234092	1.160725	0.220409	1.4958543	0.499167	1.122165	0.807995	1.645806	0.684573	0.843902	5.7276106	0.986033	0.5956708	2.763068	0.144392	0.277115	0.0413359	0.3359383	1.4376843	1.414523
K01686	mannonate dehydratase [EC:4.2.1.8]	4.858817	5.001198	8.9558027	1.2640537	0.176151	1.3000551	7.1519653	2.192144	0.95355	10.1488471	6.1739875	30.3375603	19.249146	7.3743054	5.138872	29.8175165	1.692806	3.3771169	3.294832	3.8963778	10.900658	11.5587898	5.0052909	1.8352876	3.64916	4.97533	2.1352742	43.3985713	62.1352	8.3644402	1.1257304	3.1655706	12.2146199	9.3958879	2.206719	2.0267266	6.930749	10.1656926	6.8353482	5.6883974	0.4904575	4.156588
K01687	dihydroxy-acid dehydratase [EC:4.2.1.9]	30.0332591	50.6662734	31.4368077	24.1333224	109.169384	53.6984535	48.8541351	48.4260965	47.4150026	80.0559154	62.5430091	58.8915191	72.3700834	17.476829	21.7018832	45.3231525	19.9642429	39.332445	40.1516817	59.0948103	22.08406	55.2144566	80.5999124	27.2312725	30.5276594	55.7648678	42.9566958	56.7199874	41.1576698	36.6755222	37.8577075	33.235836	63.2410148	34.2887907	33.1197819	16.4173801	73.5736758	61.5927571	34.158101	25.485906	49.3818782	47.7648918
K01689	enolase [EC:4.2.1.11]	32.0164711	35.6511305	27.8620569	49.4687478	85.9692836	74.2104434	65.616974	53.0101307	35.9047913	73.4633339	52.078535	61.8321947	60.462317	15.3020129	19.9417385	43.0537643	25.4269158	28.8718132	35.0207464	50.146388	14.4609868	51.0036466	67.1856492	41.369287	32.4220039	42.8507794	29.5957765	46.523391	95.9682308	37.7642236	61.6929895	23.8161026	57.9895469	26.3463103	22.7837191	25.453003	68.5304862	62.7321795	37.8735578	31.4382857	37.5142471	49.8883549
K01690	phosphogluconate dehydratase [EC:4.2.1.12]	0	0.092456	2.7272874	0	0	0.150594	2.555924	0.0108637	0	0.2171376	0.0500982	0	1.67221	3.98372	7.90832	0.326447	0.2518677	0.00962517	0	0	0	0	0.1120122	0	0	0	0.0629607	0	0	0	0.507456	0.0189128	12.29532	1.38148	0.1141474	0.622657	0	0	0	0	0	1.37495
K01692	enoyl-CoA hydratase [EC:4.2.1.17]	0	0	2.88402	0	0	0	0.17295	0	0	0	0	0	3.92022	5.01337	16.9002812	0	0.239451	0	0	0	0	0	0	0	0	0	0	0	0	0	0	0	2.919768	0.259815	0	0	0	0	0	0	0	0.534111
K01693	imidazoleglycerol-phosphate dehydratase [EC:4.2.1.19]	42.829156	57.914499	24.3946472	24.6554914	110.4852312	67.2119952	38.841219	30.7935199	23.6993168	34.2217868	24.4889769	27.3750569	51.864751	4.119488	1.1130792	9.0884546	14.5153882	18.9699057	13.3969929	66.9390168	32.017439	77.9747862	136.5826034	18.5342065	21.363557	39.9973834	51.5758255	6.744311	0.0616005	23.8543396	38.6756946	21.9119421	51.769829	23.122207	21.3675741	8.5398324	59.5981273	67.1942516	69.571144	57.0740742	78.4332921	28.5096965
K01695	tryptophan synthase alpha chain [EC:4.2.1.20]	9.8973651	6.137579	17.8480156	8.3398163	5.5456841	17.2260928	16.7726478	9.8540804	5.2285732	57.1802841	38.5772901	53.6414986	39.3155172	5.8646163	30.9320886	18.0648586	5.2182929	8.7284742	8.2084197	14.5126095	2.4937632	40.3828663	68.612102	20.1603716	3.9438008	5.3130262	5.7314057	32.678009	58.5621543	14.6496798	4.4241421	6.3611325	27.1123185	16.2508525	7.5088813	6.0624108	12.3930332	33.8293956	7.1662852	6.4374073	17.7318982	14.8648214
K01696	tryptophan synthase beta chain [EC:4.2.1.20]	10.6116974	4.5708535	18.9821302	3.532292	5.993546	12.0970172	13.527446	16.3504328	6.0100436	53.7455709	37.915896	26.2056514	15.4085221	7.3916646	20.6198827	35.0979082	12.0422574	11.8900378	10.6688247	13.974975	1.8768428	42.6029646	67.1993126	20.5739381	6.1935432	18.9255007	5.4413737	38.9406315	57.0286769	22.0781564	5.0426526	6.6360774	23.5518552	10.0135666	6.5735246	3.805051	9.4671996	7.9701292	12.7943849	6.0045075	6.000589	14.8896594
K01697	cystathionine beta-synthase [EC:4.2.1.22]	5.664322	34.4551	8.716716	13.081496	87.57727	34.53548	13.80562	5.012744	3.233285	0.1811072	0	2.25583	16.84215	0.0492937	0.0444573	1.3338919	1.576356	6.911374	1.448962	25.563263	0.655425	24.24058	55.89654	0	0	27.41729	26.38292	0.8357213	0	0	26.932008	10.535168	18.09892	0.72632	8.952342	1.343833	34.381874	13.91923	13.9514	0.499328	24.25162	8.84105
K01698	porphobilinogen synthase [EC:4.2.1.24]	29.6874463	23.117235	5.3940163	16.4908282	16.780226	24.848605	26.02445	6.0222786	10.6654041	6.3716826	6.2738678	0.5467596	6.638346	9.551308	11.7965235	2.4968168	8.079442	8.0284526	11.4407974	30.527076	27.062067	9.0382525	8.7040157	11.783301	12.114095	24.247642	29.8598135	1.8317302	1.725009	5.4826066	6.5679598	10.6413832	29.0846227	10.7856733	9.339445	2.5630085	23.6229384	28.82172	40.1538817	66.0871975	41.0447427	3.1214426
K01699	propanediol dehydratase large subunit [EC:4.2.1.28]	0.146695	0.316214	2.62972	0	0	0.360018	2.29213	0	0	0	0.582871	0.3618715	0.284587	0.79561	0	0.362313	0.0959472	0	0	0	0	0.605862	0.850401	0.0589604	0	0	0.171004	0	0	0.0794942	0.384595	0	4.2028002	1.91207	0.251215	0.0673773	0	0	0.352711	0.436079	0	1.83055
K01703	3-isopropylmalate/(R)-2-methylmalate dehydratase large subunit [EC:4.2.1.33 4.2.1.35]	24.8289187	57.3080086	26.8961649	25.5825502	126.453597	60.769961	39.7191142	23.8461803	19.015352	22.0311727	16.8315454	65.461181	80.7053814	11.0959287	27.7776959	32.7257765	13.9048468	14.9926679	8.7581523	46.9311539	21.0318597	58.4883621	106.2227542	21.5809848	4.7242425	50.9497951	48.2174501	38.060636	61.266289	16.7465843	43.6385054	22.8254004	53.3140192	29.995058	19.729608	11.7345368	47.8970393	47.7271197	26.5529133	10.1891888	45.7290199	21.4139773
K01704	3-isopropylmalate/(R)-2-methylmalate dehydratase small subunit [EC:4.2.1.33 4.2.1.35]	69.7400932	82.042575	31.2300812	60.2571004	148.4302106	92.0545007	69.1212962	38.14153916	36.2795587	19.2934068	40.9296578	5.1223073	37.971208	19.0211247	5.1101535	13.8242753	29.0419261	34.7996052	34.2062546	89.1074671	57.5700596	55.3896187	100.9607505	47.0935476	20.813301	61.4888176	69.0184342	9.493648	6.005905	24.5642359	54.1291733	47.0473471	69.2647648	42.2692116	33.4622675	10.6959779	92.1063635	57.557685	73.8387218	71.4509915	99.402992	30.6758624
K01706	glucarate dehydratase [EC:4.2.1.40]	0.179125	0.6194141	0.528556	0.206407	0	0.02265	2.23588	0.0257069	0.0539158	1.30371	1.537602	0.170281	0.570357	3.685572	0.4898897	0	0.296811	0.054126	0	0.1548642	0.0893318	0.2157427	0.4269156	0.0121088	0	0	0.410883	0.2336374	3.89523	0.389343	0.388288	0.251089	5.523371	4.420411	0	0.176641	0.14508	0.444789	0	0.0592332	0.326605	3.9281724
K01708	galactarate dehydratase [EC:4.2.1.42]	0	0.451311	2.30667	0	0	0.313096	2.63844	0.0557988	0	0.197293	0.0621504	0.0145287	0.0545248	0.191018	1.6525	0.348653	0.155601	0	0	0	0	0	0.183696	0	0	0	0.107777	0.125033	3.63531	0.086162	0.50339	0.148813	5.98512	1.60459	0.152068	0.404956	0	0	0	0	0	1.32097
K01709	CDP-glucose 4,6-dehydratase [EC:4.2.1.45]	0.8081229	0.965583	0.826404	6.083695	2.58332	3.07492	0.653387	2.6788958	2.4503596	1.5758075	1.290975	0.566326	0.291301	0.40287	0.0844983	6.042553	1.13781	1.365978	2.337584	1.07402	1.667262	0.8946164	0.4538747	2.09622	0.295453	1.368666	1.7700584	0.322826	0	1.5731601	0.292161	0.8647276	0	0	0.743614	1.51069	0.110946	0.2417089	1.52945	6.0683479	0.272516	1.798706
K01710	dTDP-glucose 4,6-dehydratase [EC:4.2.1.46]	11.2343792	6.936693	6.5669962	11.6149409	23.8098189	31.3080088	16.0531483	8.392571	4.5244286	10.6405472	10.5571927	15.2214396	20.8673737	42.9944425	38.2140932	22.6502293	8.4995959	6.6981957	8.4033338	10.9139273	8.1031606	8.0008513	7.8457038	28.221168	18.386596	17.512967	5.0691413	23.2110271	1.9869821	7.5409442	4.8138026	7.3254699	12.8563711	20.3959152	8.8358734	9.7401189	27.9765725	15.518788	9.710956	2.3638513	6.1854872	7.2586544
K01711	GDPmannose 4,6-dehydratase [EC:4.2.1.47]	6.1190563	2.0675742	1.5630167	0.0969382	0.192336	0.5635725	2.1453224	4.4289604	0.7241755	4.508567	2.82983	6.36193	3.558487	2.7017101	16.3393448	15.9679537	2.0663159	4.471129	2.7105658	1.8495247	0.677618	5.8851649	1.6619052	0.8696682	5.346043	7.452549	1.066682	10.193136	1.7066763	9.6421345	1.5652262	2.7460623	21.672322	4.812578	4.4653413	0.801586	0.803126	5.143591	10.388778	1.3516856	2.521375	2.484729
K01712	urocanate hydratase [EC:4.2.1.49]	1.2719189	1.243706	3.497152	0.942112	0.366496	0.4532611	3.1314036	1.2777123	0.2387395	15.333167	8.6977831	5.192425	0.8634907	3.101592	0.310332	6.0174312	0.307068	0.677872	0.58548	2.81088	0	3.2118474	1.2626242	1.2549186	0.2171295	2.1632917	0.1827178	0.229567	0	3.879387	1.9020371	2.1612076	13.46135	3.0894701	5.2835981	4.9391299	0.6526566	4.226353	6.502701	1.1448364	0.5485542	2.513509
K01713	cyclohexadienyl dehydratase [EC:4.2.1.51 4.2.1.91]	0	0	0	0	0	0	0	0	0	0	0	0	0	0	0	0	0	0	0	0	0	0	0	0	0	0	0	0	0	0	0	0	11.1136	0	0	0	0	0	0	0	0	0
K01714	4-hydroxy-tetrahydrodipicolinate synthase [EC:4.3.3.7]	55.6647572	34.814532	27.157759	39.4352402	35.842651	47.05919293	48.9785844	24.7988359	15.6771839	50.2435091	49.5338018	35.9598939	34.0841166	44.7205121	18.1939071	44.8140844	34.5779986	19.1332592	18.0169772	60.0397022	66.8653134	69.080185	91.7687094	15.1492541	36.9173099	27.8059892	35.6922553	45.4853572	57.564687	37.6194242	43.7997144	47.7671034	46.1938195	27.6333606	21.7735534	18.9103845	35.7340111	44.7703967	67.1144352	72.5469974	71.5283473	39.2603462
K01715	enoyl-CoA hydratase [EC:4.2.1.17]	32.8313772	24.448132	3.2357249	9.662173	14.5162	11.81816	10.9577903	7.6733598	8.218813	14.133474	10.556033	3.9450092	3.8926232	5.9067532	0.751829	2.1986485	6.353232	9.122424	11.070485	29.6703255	23.777393	13.2166279	14.1694345	2.650542	18.190152	13.596874	18.4626787	2.725918	0	8.0998583	3.5148044	6.813697	13.069516	10.59672	6.214348	1.0557525	18.1391953	25.7752528	68.770383	61.62654	103.564854	1.36573
K01716	3-hydroxyacyl-[acyl-carrier protein] dehydratase / trans-2-decenoyl-[acyl-carrier protein] isomerase [EC:4.2.1.59 5.3.3.14]	0	0.48513	10.273104	0.01572104	0	0.641213	3.391201	0.119461	0	1.1983088	2.654923	0.0911396	9.13472	9.40853	31.93712	0.623809	0.698413	0.497511	0.172507	0	0	0.115777	0.222398	0.0154043	0	0	0.0699311	1.277416	5.239001	0.0500132	1.110495	0.0460756	23.0695	1.8779609	0.562578	3.89009	0	0.0476122	0.0392581	0	0	2.087233
K01719	uroporphyrinogen-III synthase [EC:4.2.1.75]	0.490315	0.546472	6.1598252	0	0	0.531442	4.206611	2.681985	0.2128621	3.7849785	12.02382	7.527363	7.368473	2.947519	2.059865	12.2746538	1.454682	1.3484518	1.369373	1.094128	0.853716	1.556711	0.884834	0.7054805	1.02179	3.45176	1.336727	24.969146	4.4018826	6.0041205	0.0384583	1.556005	18.2598451	6.382154	0	0.2364623	3.13754	1.5223795	2.0370119	0.0877391	0.0850754	0.286416
K01720	2-methylcitrate dehydratase [EC:4.2.1.79]	0	0.347117	1.571195	0	0	0.0114832	0.4137306	0.0281234	0	0.0171463	0.552916	0.129149	4.565135	1.742811	6.46292	0	0.138345	0.0201519	0	0	0	0.0345676	0.137436	0	0	0	0.1984858	0.352277	4.27578	0.0187243	0.188835	0.0212487	3.534863	1.202426	0	0.456331	0	0.0198651	0	0	0	0.859222
K01724	4a-hydroxytetrahydrobiopterin dehydratase	0	0	0	0	0	0	0	0	0	0	0	0	0	0	0	0	0	0	0	0	0	0	0	0	0	0	0	0	0	0	0	0	11.209068	0	0	0	0	0	0	0	0	0
K01725	cyanate lyase [EC:4.2.1.104]	0	0	2.799541	0	0	0.0784223	0.2835803	0	0	0	0	0.0591015	8.693554	6.399334	17.64833	0	0.688156	0	0	0	0	0.133173	0.102261	0	0	0	0.424049	0.155876	0	0	0	0.1324134	17.58088	0.949402	0	2.83379	0	0	0	0	0	0.922822
K01727	hyaluronate lyase	0	0	0	0	0	0	0	0	0	0	0	0	0	9.0031454	4.16832	0	0	0	0.760443	0	0.987489	0	0	0	0	0	0.0537432	0.248274	0.9171634	0	0	0	0	0	0	0	0.319169	0.143957	0.0144589	0	0.817211	0
K01728	pectate lyase [EC:4.2.2.2]	0	0	0	0	0	0.532774	0	0	0	0.198617	0	0	0	0	0	0	0	0	0	0.494896	0	0	0.701963	0.0465368	0.2514472	0	0.152105	0	0	0	0	0	0	0	0.0688301	0.0471721	0.0532024	0	0	0.0864812	0.091553	0.597673
K01729	poly(beta-D-mannuronate) lyase [EC:4.2.2.3]	0	0	0	0	0	0	0	0	0	0	0	0	0	0	0	0	0	0	0	0	0	0	0	0	0	0	0	0	0	0	0	0	9.61282	0	0	0	0	0	0	0	0	0
K01731	pectate disaccharide-lyase [EC:4.2.2.9]	0	0	0	0	0	0	0	0	0	0	0	0	0	7.70368	0.570809	0	0	0	0	0	0	0	0	0	0	0	0	0	0	0	0	0	0	0	0	0	0	0	0	0	0	0
K01732	NO_NAME	0	0	0	0	0	0	0	0	0	0	0	0	0	0	0	0	0	0	0	0	0	0	0	0	0	0	0	0	0	0	0	0	0	0	0	0	0	0	0	0.0479449	0.0372188	0
K01733	threonine synthase [EC:4.2.3.1]	9.6496883	5.803521	9.5888642	2.8026564	3.8381716	13.2911283	14.6569244	12.0401914	4.2855067	51.5248403	42.8844614	9.8431604	12.6699409	10.641954	12.6143264	18.028785	11.3201522	8.129068	10.1895785	16.6417234	9.9933393	6.6164148	6.9829594	26.8837607	2.8067363	4.0347941	2.8589674	16.6978265	10.030002	15.2478496	9.3829125	13.2313544	21.3502987	15.9604836	9.835913	6.7337152	6.4786251	6.0968639	8.3329745	4.8855617	4.9604376	14.6482572
K01734	methylglyoxal synthase [EC:4.2.3.3]	10.0493864	7.2319192	15.3371992	1.936232	6.0618539	12.092845	11.6906746	10.8310523	12.8042188	8.015458	14.144141	35.6586059	16.0226825	12.2108214	31.2134959	20.467019	18.6949395	26.8933911	27.0208309	11.3677399	15.2961478	12.3498095	6.3158061	6.240394	19.1790424	19.4536027	13.9062226	17.4340967	65.910412	21.6667334	6.9949322	10.410358	23.5017073	12.051825	12.1520383	13.9408664	13.7049762	17.7098933	10.0794456	9.9005785	14.6260041	30.4660797
K01735	3-dehydroquinate synthase [EC:4.2.3.4]	41.3958264	27.375699	28.3128951	21.5687987	19.123535	16.6028844	23.8333448	15.9387465	16.7943973	51.9027922	57.863625	25.2244116	13.7740655	17.2537564	11.5925674	23.2324194	18.7916316	12.9976478	11.4984399	49.8329331	60.3888718	47.1359822	80.6608617	24.079671	8.728697	14.24367	8.9672776	23.8794199	66.932779	16.9964607	15.6732725	27.6869067	43.9916343	42.3417683	17.1820521	27.2815129	22.5764721	35.085006	55.2777226	69.7080867	65.8918582	17.369016
K01736	chorismate synthase [EC:4.2.3.5]	23.2559333	40.6522734	44.1752242	18.7884045	92.76599182	54.27800918	48.0139476	49.84559451	44.4790154	68.6087795	46.4847794	53.2338904	61.5911542	12.7607452	10.4219922	36.5212508	20.9655069	35.8319978	36.3439485	45.6021727	19.013572	82.2615746	145.9077825	39.3979208	21.3128891	52.4014756	42.34595704	49.8117857	69.7579565	31.4314568	37.0647731	30.33052972	50.9271548	32.9136828	35.7418346	14.0446803	57.1513014	62.5215381	36.3036674	28.6156817	42.0645781	45.4148822
K01737	6-pyruvoyltetrahydropterin/6-carboxytetrahydropterin synthase [EC:4.2.3.12 4.1.2.50]	38.631683	23.5910384	8.0078538	12.9425119	15.1329198	16.686335	17.074309	5.6268573	8.6802031	27.9798776	25.378858	31.9779405	17.6347799	9.0592054	38.9560577	35.6428944	4.0815539	6.067003	11.4624349	33.901228	25.0796392	8.1010651	7.4923884	2.7355594	13.869686	12.4137699	14.8563383	41.311089	155.0641752	13.6929086	21.1055451	9.361086	33.79452	18.305124	6.7843188	3.6585118	23.839566	32.526667	42.7462348	65.418619	46.778861	8.486721
K01738	cysteine synthase A [EC:2.5.1.47]	95.6803844	66.5655053	36.8044183	78.4608054	64.3451301	34.206908	41.0211324	36.1149982	36.381558	64.1212803	59.5162833	7.0025956	36.6219827	65.3832374	6.0527506	15.6459507	30.0314355	29.0281867	31.0384814	106.4109462	70.7387167	83.5031193	132.4569495	34.2088958	26.3717437	50.7793106	67.1997122	27.2983209	11.6346524	38.960266	69.4388775	30.7736756	53.6583618	53.6103159	42.617936	28.3019964	74.3622646	86.9430869	141.9930728	156.5061781	132.598177	38.0686245
K01739	cystathionine gamma-synthase [EC:2.5.1.48]	17.551995	37.4065537	19.6980653	16.1975365	96.4425576	53.89026	32.4366203	17.3380094	12.242536	2.1351834	2.5325149	2.2353986	21.847025	4.7251366	7.2256505	3.4923917	3.9853379	12.6299314	5.376864	42.7546387	1.379269	31.5856295	62.6144967	0.5868892	0.6189917	35.408434	45.390462	4.4186326	0.75598	5.4100473	43.2470049	14.3554367	22.3816443	2.5137043	21.020455	5.6541481	40.8610061	15.8095177	24.4663	5.718224	24.492921	20.3442718
K01740	O-acetylhomoserine (thiol)-lyase [EC:2.5.1.49]	9.9306141	14.1918147	8.1410573	58.2652528	22.6216241	38.7515228	43.2275987	26.689456	26.2961493	7.9463175	19.2341928	43.2036217	33.6335189	18.2447913	7.4470752	11.6518596	35.7896063	21.2614136	18.4344548	37.4544817	69.8551775	21.122803	18.0169882	47.6168579	38.6382776	37.7239612	63.5510195	9.5097119	23.462666	21.5907411	16.0993145	43.7190318	30.1672889	52.3293235	24.3948832	21.5481976	18.6325818	38.9766125	19.7961641	34.0450345	21.8906187	14.4846512
K01744	aspartate ammonia-lyase [EC:4.3.1.1]	1.923647	5.6113573	11.5096473	6.0395475	5.97622	2.735542	6.3204065	3.8590679	2.121904	8.9088181	6.8737779	43.9514632	4.7340102	4.4238228	3.3394871	18.4591924	0.412371	5.840309	4.8389486	17.0536952	11.4958786	26.1269253	27.7766763	1.3369903	3.791713	3.805154	1.678647	19.969186	94.0808531	3.6908345	6.8959461	4.1272944	6.9052591	4.1631325	6.7954752	0.6920102	4.696	12.7062609	20.0900936	29.4541572	6.376176	4.6104564
K01745	histidine ammonia-lyase [EC:4.3.1.3]	8.876709	3.698107	6.2464941	2.8946763	1.317918	13.5100416	9.3699633	2.3678867	0.534145	19.6712971	9.648934	33.509354	6.1061971	1.7679303	0.3027347	21.3378501	2.89399	1.493474	0.7329468	4.821012	0.646286	7.3085954	6.8290667	0.9851011	7.1484278	6.897032	1.7932623	25.699517	60.95086	10.1802591	2.8896635	3.6664945	21.7374777	5.2078945	2.124294	5.7819899	3.0472364	5.4218579	0.231552	0.3810755	0.7647276	4.0855324
K01749	hydroxymethylbilane synthase [EC:2.5.1.61]	1.8699079	2.266664	12.0594206	4.88704	1.8626908	3.4582368	4.5833644	5.9732163	3.5019041	4.5399065	12.4552594	1.8434958	4.176893	3.586835	4.3365055	7.374217	4.166759	2.329806	3.0480043	2.2563139	2.051915	3.0931173	4.6468248	3.4918599	0.930502	11.604217	3.1564236	1.6184909	6.4572805	7.5515447	1.8729881	2.048076	14.419923	2.7809857	1.6610271	2.2085223	1.801897	5.5161519	5.7464066	5.2431673	1.4873909	2.9846685
K01750	ornithine cyclodeaminase [EC:4.3.1.12]	0.2328956	0.19515	0.174157	0.040306	0	0	0.0910497	0.0443007	0	0.247835	0.272113	3.07473	1.13671	0	0.0262336	0	0.0336299	0	0	0.114434	0	0.450781	0.167278	0.0631159	0	0	0.0392979	0	0	0.232359	0.203586	1.0800794	0.183152	0.1731003	0.0474098	0.110905	0	0.0842633	0.088051	0	0	0.2510316
K01751	diaminopropionate ammonia-lyase	10.2868539	11.3477429	8.688328	31.587357	19.4991	3.8654498	9.836003	17.1958123	15.0781	7.3359837	23.5020274	11.7859558	29.9004799	18.06034	18.372023	8.249322	38.8245874	4.4694861	3.7814021	9.7447285	41.398632	20.9068314	18.5607705	0.0407581	0.187537	12.8856647	24.4549804	8.343948	25.604592	14.212531	74.2540992	39.6922142	13.758257	26.8853877	27.9708022	11.6110239	13.0921674	11.1383816	49.3999491	20.6974534	1.5768041	21.9131544
K01752	L-serine dehydratase [EC:4.3.1.17]	98.8827497	74.5945589	30.3513732	55.8844919	54.643402	78.0668971	78.154857	32.3621622	43.8972156	72.0973108	51.9541823	30.0520367	24.3443745	47.080792	30.2236894	27.2482459	22.9078826	42.193875	48.6471133	112.5534952	84.2262357	25.3531472	22.8503102	65.9177995	40.7898144	50.2270534	94.0502681	56.9904272	69.477256	20.8243071	22.7315401	30.3524405	77.4406912	46.6638753	30.5475751	20.0970473	90.1330536	105.8401219	120.1637927	205.2649001	161.7696694	35.9873982
K01753	D-serine dehydratase [EC:4.3.1.18]	0	0.444664	1.545766	0.0763756	0.0518503	0.02635908	1.9698633	0.00853003	0	0.6457426	0.690795	0	0.233665	3.2993014	0.9922447	0.443468	0.163941	0.0611	0	0	0	0	0.0748004	0.0971632	0	0	0.1673684	0.34836216	4.9873939	0.7870684	0.974361	0.180257	16.746089	1.61417	0.0661963	0.108385	0	0.1975732	0	0	0	2.1715196
K01754	threonine dehydratase [EC:4.3.1.19]	6.244112	6.2596672	18.001145	3.2296742	10.1637852	8.865186	37.5646315	31.7355082	35.6289794	72.9210565	62.6107801	3.7800497	25.61911	26.6979016	35.7675282	10.2710616	22.1364087	22.1121196	30.6410089	28.1050717	32.5852378	4.9278845	4.4853838	21.9751162	6.7141693	14.77824	5.5241702	25.6069684	2.788167	14.332295	15.6023437	31.2338089	16.6090504	31.0612961	22.7718409	9.6400527	30.7284684	14.7601163	6.3700012	15.3881644	11.8219876	25.3675307
K01755	argininosuccinate lyase [EC:4.3.2.1]	37.8902385	44.2304104	56.7455602	18.078402	69.6474601	46.7798031	47.8842259	46.1224174	46.4049045	93.9508926	68.229243	38.2131763	36.1244131	16.3784377	35.4895727	44.0658884	30.0306954	33.4276936	59.627391	45.5075115	6.0328028	74.4894467	119.9123193	80.3983728	50.4639911	55.3376586	35.6722586	62.9327846	61.3908342	20.2118274	49.40983	22.2812138	61.6381049	47.7490509	35.924686	15.6096045	60.7648446	46.5550534	17.451983	8.0855783	52.9960082	54.5112673
K01756	adenylosuccinate lyase [EC:4.3.2.2]	10.4283995	40.0654265	27.1936337	49.841408	102.4411348	31.0647587	14.3004534	24.4246338	18.8853264	94.4124879	70.3826828	4.5646262	36.3436253	24.083189	2.6185833	11.3001231	22.8581102	17.8896884	14.270142	61.2179869	13.2074768	68.3061837	120.213178	36.0258166	1.4929257	34.8129135	49.5050308	10.9201915	9.096867	16.2991162	100.3242237	32.0602217	46.5370329	9.6827801	42.216298	24.4767373	49.3448822	33.4247395	46.9712114	14.3881347	25.9389885	37.4422786
K01758	cystathionine gamma-lyase [EC:4.4.1.1]	0	0	0.21436	1.50689	1.43026	16.364	6.87047	0	0	0	0	0	0	0	0	0	0	0.184421	0.183498	0	0	0.102564	0.477384	0	0	0	0	0.162365	0	0.587898	0.243837	0.102043	0	0	0.0718807	0	0.976276	0.462339	0	0	0	0
K01759	lactoylglutathione lyase [EC:4.4.1.5]	49.0492737	39.952837	20.4575165	115.8538441	67.0382449	46.1964488	42.8972576	32.6121841	38.739431	72.7523748	62.340864	30.8268033	34.8083022	34.409906	39.2193266	20.2444256	32.0342004	37.365122	38.138921	65.8708663	76.2525882	25.5852429	22.8312567	59.8583811	34.6797574	37.4685907	60.2120389	37.0565544	64.5460952	27.8993636	12.5958485	31.7308468	63.2096753	53.5055663	30.1523679	60.910872	41.8482049	50.7613726	72.7383501	102.2551154	80.9491088	44.422105
K01760	cystathionine beta-lyase [EC:4.4.1.8]	1.93641	21.3988	10.38346	2.9156371	33.1265	0.0646719	6.907478	5.6933842	6.15027	0.0511705	1.20581	0.192099	15.5865	6.4248835	28.2796	0.0666914	1.262612	2.9421483	2.069664	1.376562	0.127909	14.1934	32.011563	0	0.636162	10.9411447	12.172145	0.112477	2.74883	0.850651	3.135626	1.9077897	8.4058868	0.757155	4.146379	3.698653	0	0.0425032	0.0652701	0.0427579	0.0497882	1.311291
K01761	methionine-gamma-lyase [EC:4.4.1.11]	0.0703697	0.262089	0.0461282	1.03616	2.6208	0	0.0646473	0.134727	0	0.2333592	0.347469	0.137542	2.39222	0.0825838	0.0296323	0.297253	0.0703358	0	0	0.513039	0	5.64199	4.22046	0	0	0.145925	0	0	2.32375	0.850363	4.024688	0.34159	0.554096	0.0804841	0.259869	1.04924	0.164855	0	0	0	4.43258	6.9626509
K01766	cysteine sulfinate desulfinase	0	0.20543	3.57339	0	0	0.172941	0.730045	0	0	0	0	0.0360232	5.97726	2.29894	10.6343	0	0.495938	0	0	0	0	0.0463077	0.147654	0.023832	0	0	0.153302	0.0509909	0	0	0.0160009	0	16.15946	1.53033	0	1.13014	0	0	0	0	0	1.36993
K01768	adenylate cyclase [EC:4.6.1.1]	0	0.0590961	0.0896858	0	0	0.0502717	0.0984645	0	0	0.0697302	0.505782	0	0	0	0	0	0	0.0423505	0.444247	0	0.0793879	0	0	0.0352753	0	0.0983139	0	0	0	0	0.0535651	0	0	0.219283	0	0.374803	0	0	0.0458187	0	0	0.0414882
K01770	2-C-methyl-D-erythritol 2,4-cyclodiphosphate synthase [EC:4.6.1.12]	31.9904376	55.3003768	27.1275418	71.6238944	118.1918157	29.8023363	33.8479306	49.6509863	51.5873415	29.0464842	20.974993	60.1663303	75.6013305	13.2401366	2.1368308	39.0175979	32.0429321	26.5185167	28.904862	38.6832151	28.0793918	55.1095271	84.0242124	6.8770433	6.4215066	67.930705	60.8350275	67.7949529	76.425215	31.7482271	87.0758063	39.1335686	49.2493552	27.2725934	50.5568429	17.374902	53.1984154	67.7699646	62.6018241	44.194213	16.7985416	37.6022056
K01771	1-phosphatidylinositol phosphodiesterase [EC:4.6.1.13]	2.49743	2.78361	0	1.2554459	0	0.0755963	0.0833289	2.027448	1.38294	0	0	15.611303	0.808525	0.865267	0.158462	0.262743	4.5721598	0	0	0	2.15833	1.17389	0.194071	0	0	0	0	6.37078	51.1829	1.377552	7.48068	1.52835	0.653744	0.214451	0.116887	2.39779	2.4020542	1.083767	0	0	0	3.292523
K01772	ferrochelatase [EC:4.99.1.1]	0.2525021	0.493163	6.225954	0.6913882	1.5103363	0.6081928	8.799009	1.3444174	0.411788	29.6945055	19.4245637	0.881102	7.89297	5.6210213	14.7828454	4.047053	0.8475549	1.709878	4.3253609	7.187341	0.0826843	0.8390183	1.3411592	17.2036863	0.5956899	0.821585	0.774052	0.1181916	1.8480361	3.9496718	1.5955982	0.753177	20.840168	4.1230002	6.9376636	5.308723	0.5960844	2.7082903	3.747848	0.7062424	1.3637907	5.8607871
K01775	alanine racemase [EC:5.1.1.1]	19.8284553	25.6606103	14.4589215	69.4972851	41.2471352	7.1473088	19.1128119	25.6738666	22.0732026	53.0031449	61.0405569	11.0042905	51.7560384	23.8154462	19.5997445	13.1101723	53.5639001	11.1337241	13.4056948	62.8287206	49.3995451	32.728151	36.70385424	32.3753624	2.2497224	24.9404901	49.1685287	15.0636596	9.6709282	28.379504	141.9744594	55.0977583	50.308619	26.618657	54.7534021	24.5693188	39.5032142	24.7706759	84.3474442	40.0480208	4.080565	54.1641885
K01776	glutamate racemase [EC:5.1.1.3]	58.032067	72.7240777	34.7074742	43.3241711	112.7098182	87.4082521	65.0591904	27.623437	29.7338705	69.9087954	55.9310575	28.5361289	27.3825335	18.8293608	32.1751795	22.0995422	11.5655495	26.3765778	29.1548873	85.9151378	38.3106325	59.0246228	116.6156402	46.0827639	18.7509534	48.332765	71.4972925	14.884162	70.981391	17.2000993	37.0255968	26.9744539	67.3373392	24.6745567	33.7097496	22.573541	76.5667812	66.2841163	74.6142951	102.5346587	95.9692236	32.805349
K01777	proline racemase [EC:5.1.1.4]	0.132882	0	0	0.863185	0.132834	0	0	0.29489	0.0675168	0	0	0	0.135496	0	0	0.816509	0.5993992	0	0	0.4032	0.183897	0.239178	1.4609721	0	0	0.465992	0.322924	0	0	1.9312964	0.502963	0.0599778	0.243228	0.0659485	0.110893	0.714802	0	0	0	0	0.398639	0.217015
K01778	diaminopimelate epimerase [EC:5.1.1.7]	40.7360868	27.109427	14.0112276	19.831558	22.8305923	21.0501275	28.6468258	26.9767869	33.7555	32.4246024	18.3105535	45.081983	34.0915097	13.9615348	3.9717614	28.3906192	9.3241396	20.1458386	31.6857093	34.8076101	28.174028	13.8121743	16.946944	13.1647553	13.9160935	21.0466512	19.5236282	36.8989073	64.3447673	25.1902409	21.6799201	15.6839693	48.5704395	30.8620978	14.1818954	5.2759544	60.0774725	76.2803423	49.5496633	74.5278399	58.3398416	23.5905081
K01779	aspartate racemase [EC:5.1.1.13]	0	0.113392	0.0705157	5.098121	4.03379	0	0	0.1363797	0	0	0	3.439009	9.9684776	14.636604	0.0431056	2.423704	0.739809	0	0	0.22425	0.760781	13.0887984	9.8755258	0	0	0	0.059117	0	0.0605578	1.0295341	1.3111178	0.0894452	1.941589	0.152267	0.0796469	5.27919	0	0	0	0.0991402	8.0620181	10.376698
K01782	3-hydroxyacyl-CoA dehydrogenase / enoyl-CoA hydratase / 3-hydroxybutyryl-CoA epimerase [EC:1.1.1.35 4.2.1.17 5.1.2.3]	0	0.524783	4.057112	0	0	0.24816	1.349919	0	0	0	1.05847	0	0.217938	2.51035	0.478318	0.372847	0.1990263	0.0914088	0	0	0	0.0685262	0.0370216	0	0	0	0.0917887	0.121224	4.16478	0	0.226638	0	6.9993	1.200394	0.333921	0	0	0.0924679	0	0	0	0.9315703
K01783	ribulose-phosphate 3-epimerase [EC:5.1.3.1]	8.9942041	6.7593126	22.2892391	11.5895161	7.6454014	9.7857346	13.4842648	18.9887801	14.8013376	52.2871844	56.7644212	6.5769984	6.8928587	15.5618892	13.8476992	11.026773	22.0401282	14.688643	16.7900375	25.9893706	34.12946	35.91614009	59.9104365	48.025071	3.9215039	11.390308	7.822271	6.4741854	9.4382975	11.671498	32.9843386	31.4083136	16.4871265	33.3724976	14.3603998	9.2511105	4.6065117	8.349024	12.3067997	14.928579	7.4479648	23.4485003
K01784	UDP-glucose 4-epimerase [EC:5.1.3.2]	94.216703	70.8062767	22.3385424	87.4836177	74.0884913	41.9125556	43.9144246	51.8625738	54.3288616	50.4908297	39.0266398	32.0406293	53.8142335	24.9465363	3.1848298	15.7662376	35.81149	34.27171526	44.191952	112.3709293	80.0394485	39.4974671	41.7833119	11.9789226	28.3605826	52.167798	78.6948278	16.2612118	6.2056717	31.5943611	97.3231622	38.957586	56.5113984	41.9362858	52.2770454	27.0580753	100.1449019	113.2442422	157.7000939	170.2311322	116.5650624	49.0992878
K01785	aldose 1-epimerase [EC:5.1.3.3]	55.3684035	58.0295184	26.1045367	23.1160448	87.2294376	39.8642288	37.468779	32.7026882	32.4677899	64.7049642	61.883261	36.5616854	27.0258267	15.4169256	4.2787523	39.8687747	21.0994107	20.2595392	39.9245318	60.8610815	53.4027264	30.2654511	50.1871753	20.9352998	22.4952754	50.081483	55.4639683	26.694922	73.876132	18.1263542	22.236451	34.9141264	38.9122171	33.2404651	21.6757582	19.308549	36.9611838	37.7769951	49.7963422	66.2460189	60.529421	29.5765074
K01787	N-acylglucosamine 2-epimerase [EC:5.1.3.8]	0.8925339	0.9847597	0	0.513545	0.0719228	0	0.1362168	0.179447	0.1843844	2.72293	0.628256	25.140813	18.57836	0	0	6.8915004	0.5841096	0.632388	0.0623756	0.336706	0.2947222	4.4904187	7.7724613	0.0919079	1.09564	1.354077	0.432667	6.81097	7.97927	3.2057794	0.424283	2.384153	7.0782271	7.7507964	0.0484497	0.0864423	1.691909	21.876183	2.9780764	0.5715657	0.128268	3.431463
K01788	N-acylglucosamine-6-phosphate 2-epimerase [EC:5.1.3.9]	1.67287	1.903178	13.9571563	1.264378	0.2848403	0.0444559	7.7356641	3.2017042	3.812295	2.050545	3.09275	2.0941027	15.7074684	3.23558725	3.9409731	2.2696621	3.2893049	3.466198	2.7344117	2.5115006	6.6865932	1.06882922	1.8451987	1.5706291	0.724886	2.35559	3.3123443	1.9731751	2.70856	8.0718337	4.2763524	2.10265158	5.23707846	5.3909778	2.571613	10.5916962	2.7457483	2.446096	2.6888821	4.1572622	6.4325785	1.6589095
K01790	dTDP-4-dehydrorhamnose 3,5-epimerase [EC:5.1.3.13]	13.6359327	5.6415728	1.7534501	1.503344	0.290723	2.3693754	3.4648737	7.8595891	2.3610057	7.1875484	7.1098929	25.5244665	8.9144092	2.4742285	0.3456094	22.7033929	2.8787073	10.3379375	8.1087492	3.1669153	2.541845	6.6112467	3.9323565	2.7703403	2.7178425	6.5465743	1.5670307	33.5776675	62.923681	13.0745903	7.0696173	10.423729	23.7537315	4.8842768	0.9751068	7.0608591	5.0533914	4.940742	2.9510556	1.1596865	2.9760848	5.055693
K01791	UDP-N-acetylglucosamine 2-epimerase (non-hydrolysing) [EC:5.1.3.14]	14.5468292	8.8908536	9.2362143	24.4331078	14.352167	2.9892089	1.9783695	8.5168869	10.2182372	2.9753196	3.9879733	3.8709112	16.659908	8.0121503	44.0337723	9.3518514	10.0467832	8.2907371	2.9990789	7.567165	11.7076555	10.56189535	5.2211645	6.96237	3.219202	7.821283	6.9738305	1.9410028	2.1681562	12.4174899	6.3554931	8.26666	17.317877	5.1709386	9.3525619	30.0911321	2.527732	2.3374012	3.2131436	2.272138	2.54039	8.5650419
K01792	glucose-6-phosphate 1-epimerase [EC:5.1.3.15]	0.110917	0.3995986	2.596682	0.138919	0.0893529	0.0506354	0.3896327	3.33947	0.321761	0.7671261	5.0648121	0.115808	0.502232	0.6754414	3.12471	0	0.169104	0.376429	0.321808	2.6941675	0.0569676	0.7015615	2.141531	0.2977513	0	1.61341	1.728476	0.8779042	3.2859	0.0182108	0.5195656	0.178497	8.918527	0.6998791	0.1198936	0	0	0.0956131	0	0	0	1.0882217
K01793	heparosan-N-sulfate-glucuronate 5-epimerase [EC:5.1.3.17]	0	0	0	0	0	0	0	0	0	0	0	0	0	0	0	0.0417581	0	0	0	0	0	0	0	0	0	0	0	0	0	0	0	0	0	0	0	0	0	0	0	0	0	0
K01794	chondroitin-glucuronate 5-epimerase [EC:5.1.3.19]	0	0	0	0	0	0	0	0	0	0	0	0	0	0	0	0.0441776	0	0	0	0	0	0	0	0	0	0	0	0	0	0	0	0	0	0	0	0	0	0	0	0	0	0
K01795	mannuronan 5-epimerase [EC:5.1.3.37]	0	0	0	0	0	0	0	0	0	0	0	0	0	0	0	0	0	0	0	0	0	0	0	0	0	0	0	0	0	0	0	0	9.72122	0	0	0	0	0	0	0	0	0
K01796	alpha-methylacyl-CoA racemase [EC:5.1.99.4]	0	0	0	0	0	0	0	0	0	0	0	0	0	0	0	0	0	0	0	0	0	0	0	0	0	0	0	0	0	0	0	0	11.0461	0	0	0	0	0	0	0	0	0
K01800	maleylacetoacetate isomerase [EC:5.2.1.2]	0	0	0	0	0	0	0	0	0	0	0	0	0	0	0	0	0	0	0	0	0	0	0	0	0	0	0	0	0	0	0	0	6.08273	0	0	0	0	0	0	0	0	0
K01801	maleylpyruvate isomerase [EC:5.2.1.4]	0	0.0730419	0	0	0	0	0	0	0	0	0	0	0	0	0	0	0	0	0	0	0	0	0	0	0	0	0	0	0	0	0	0	0.368895	0	0	0	0	0	0	0	0	0
K01802	peptidylprolyl isomerase	13.03488	40.605132	11.042134	14.2844224	92.870564	48.4029686	20.2875923	17.2428276	10.630346	0.9718251	0.538313	2.0328668	13.2983621	0	0.096858	1.9461531	2.8303343	7.169214	2.118228	25.5366007	0.807614	21.883522	61.248363	0	0	26.58255	26.438002	2.7151392	0.268318	4.802587	31.969365	13.337352	18.74498	0.6189285	10.2198331	2.518083	35.75027	16.58153	14.81794	0.476104	20.558481	6.85617
K01803	triosephosphate isomerase (TIM) [EC:5.3.1.1]	23.4483337	37.4255787	28.4231613	15.7156776	75.7348299	39.7842883	27.2334566	29.0381078	13.448103	91.5787361	68.999938	55.8372785	44.234224	10.4906364	20.9370185	55.385263	15.9820697	25.81609	24.0188793	41.4734386	4.8329307	78.7867416	128.8646618	28.1320542	11.4533501	36.9153079	26.2903879	60.3162119	77.46182	32.4542654	45.7922626	24.6732083	48.3869167	16.8828493	22.2870731	18.704943	40.755238	25.0231693	27.6845449	9.7780192	24.7645373	40.4663348
K01804	L-arabinose isomerase [EC:5.3.1.4]	46.7322924	53.239968	17.0460036	23.1768469	87.8581467	64.7644707	35.2531296	21.1654798	17.5934863	22.600595	7.310437	10.9010846	23.3000969	7.7120233	14.2914403	13.8107922	8.412872	16.3303509	8.721572	57.6235536	23.057817	29.8139487	57.4146208	2.36683127	13.486048	50.7522063	71.5704895	24.675693	7.91513	9.1041419	54.1826586	22.6915739	51.5247144	17.0500617	24.691208	6.5765378	61.2961207	46.2970626	52.2965181	55.283213	26.5777134	17.6255884
K01805	xylose isomerase [EC:5.3.1.5]	20.774689	40.0450083	15.6595869	12.1017769	84.3213681	30.7962885	25.580836	13.9323408	8.970717	15.457331	10.4634835	33.1971863	25.450451	6.7617312	20.387463	26.6104422	3.9743125	9.7700959	3.236169	23.279083	1.53026	30.0656502	58.4431083	0.6225231	8.405595	28.51007	25.0287736	43.0726185	44.498931	8.7855307	18.8262768	11.89705069	28.1964665	9.787491	9.6559548	4.0989287	22.9469851	13.750184	5.8214938	0.9575844	9.3498257	10.7192748
K01807	ribose 5-phosphate isomerase A [EC:5.3.1.6]	4.748796	37.7171265	35.2349419	14.9500486	98.516292	38.0468427	26.189428	11.3536434	10.4011836	34.0246856	28.7617346	6.0262382	22.9340419	6.0871731	8.5061695	38.4093774	2.492739	13.6429438	12.0626739	35.1843861	0.810906	70.8288356	144.1867898	24.7826775	2.8992872	28.9455489	29.2785663	15.2087506	8.218684	8.4668226	54.8302077	14.8801178	48.6135938	5.5623913	17.8588851	19.0934055	34.7035287	16.2439963	15.7897844	0.930727	28.3596128	28.467042
K01808	ribose 5-phosphate isomerase B [EC:5.3.1.6]	12.2919845	14.0367854	10.8443551	40.4930419	31.3872484	15.940177	11.4737359	17.0277056	18.0973535	7.8044559	15.491305	4.5399851	34.3296011	9.5693937	2.3437993	11.3512996	28.406096	10.240602	8.2754853	33.8846741	31.8025812	25.730008	24.7613807	17.3285924	15.9322787	20.158765	37.954966	30.9227905	4.041616	20.8227453	66.0015361	31.3037134	23.4991276	14.200022	29.2870405	17.7283531	26.4553696	19.3043255	49.2984847	32.4217351	16.0506077	29.8352563
K01809	mannose-6-phosphate isomerase [EC:5.3.1.8]	13.5721603	18.5268493	12.708948	33.1410471	21.4746482	0.5882729	3.3960156	14.8656136	10.9093904	44.411555	24.981328	20.2645179	35.2814565	21.4541719	15.5915051	21.0705524	24.1646305	8.95001	9.5772009	27.7664888	13.757964	20.121419	20.1812333	18.973609	26.524921	27.5554194	27.3061155	34.9194908	56.4537374	16.2424456	65.3372963	21.887596	28.203313	10.3344686	34.6599888	17.3882102	25.5152347	17.780154	49.1309352	19.2227057	31.6288652	32.2713739
K01810	glucose-6-phosphate isomerase [EC:5.3.1.9]	40.5281148	67.0606099	49.5540009	84.118013	171.7865444	88.2192586	73.8887313	70.4423909	74.3347740000001	66.8656312	64.4270842	57.2845158	78.5606792	63.6021997	17.1923619	49.6066504	69.8825147	46.134425	46.7286977	112.0875847	63.7245792	108.8187756	170.6197606	71.1141867	29.1483773	93.7318884	84.4815926	66.4191337	70.0623065	37.9088475	136.1656262	80.0874242	70.4848203	51.0268459	78.7790446	42.8944889	112.5763639	56.7527754	74.1983953	42.9222278	63.730833	72.5200382
K01811	putative family 31 glucosidase	0.897525	4.1512208	3.2986167	25.4327254	10.9395434	16.9193307	17.377388	7.5283649	8.195549	1.7065865	2.524613	1.53854004	6.7233207	4.07714	13.707983	3.3479978	7.1283113	11.361131	11.3729476	7.7690408	5.8653675	8.9537603	11.3809589	4.7489398	1.5622665	8.1684734	23.4870038	1.0436003	0.0488514	10.7836098	15.2384334	9.5171259	2.6079707	2.3041235	12.8969972	2.606398	9.5435753	4.7498742	2.664623	7.7187488	10.527766	4.6923658
K01812	glucuronate isomerase [EC:5.3.1.12]	24.804796	14.0331177	24.6095407	1.9082108	1.8975247	2.9401316	23.3166404	19.414217	14.312945	37.105189	21.241971	33.4122262	17.4902593	15.1877679	25.2094868	33.5833768	16.380404	14.7621209	33.595519	9.2469079	4.107979	11.3906308	4.92530988	30.5582768	39.4146571	27.727208	8.2242429	54.0550058	52.71321	12.1966259	2.4357255	4.883002	34.6253702	37.0935097	8.649161	6.0168676	27.226186	33.8058158	2.8463381	3.8802419	27.9221971	36.6643194
K01813	L-rhamnose isomerase [EC:5.3.1.14]	1.690584	2.541033	4.71434	2.0644694	0.8142635	4.864537	31.2859901	7.728248	5.580831	10.369367	21.849316	5.41968	12.360056	15.586321	18.237661	14.587747	24.675111	5.613844	4.0963719	8.804497	29.662227	4.1337023	2.7462046	3.083431	3.452769	4.860645	2.307695	45.5020517	5.515037	5.8885585	23.8286341	23.6371764	16.8196547	31.7685071	3.8759313	4.7777839	3.578903	4.0901614	4.301213	0.1710707	0.4143662	4.5996381
K01814	phosphoribosylformimino-5-aminoimidazole carboxamide ribotide isomerase [EC:5.3.1.16]	56.7583959	71.1371559	30.8327482	33.3207715	122.9001312	68.5874027	54.1595561	33.6436444	25.2976752	52.8055926	41.8676035	28.0119239	41.0997818	16.836529	12.4914973	29.0746877	19.0509509	21.611541	16.0705132	81.433084	45.4451455	82.9797037	143.072359	24.393006	13.4282176	50.9959617	53.1929845	40.3628192	59.2568783	19.9102452	43.0449569	35.4757501	56.5958741	35.8763272	24.1876432	8.1308541	66.0940955	52.2458437	67.3566137	75.1922286	92.6581721	26.1446015
K01815	4-deoxy-L-threo-5-hexosulose-uronate ketol-isomerase [EC:5.3.1.17]	20.502832	17.1730259	21.4582069	2.12934605	2.16788	6.100208	19.4229043	26.484699	29.1986322	49.371942	28.868691	35.159233	23.055919	24.6481886	10.708018	40.627885	24.868606	25.1904487	45.2713691	10.5992805	4.565608	16.5626307	4.768831	51.8567587	43.981567	30.9429786	10.4611655	69.6599841	66.80995	19.866972	3.5966974	10.25915437	39.5537973	43.3181349	16.7157804	8.6991477	30.102095	34.5195428	3.2477563	4.827523	36.3911652	40.3002239
K01816	hydroxypyruvate isomerase [EC:5.3.1.22]	0	0.0196499	2.59182	0.119604	0	0.0180845	0.372904	0	0	0	1.818194	0.0121322	4.89137	0.821456	1.26049	0	0.4402972	0.152348	0	0	0	0	0.117796	0	0	0.0369041	0.233215	0.39054	3.97213	0	0.0593874	0	8.18182	0.3563684	0	0.0362067	0	0.112082	0.0149778	0	0	0.809913
K01817	phosphoribosylanthranilate isomerase [EC:5.3.1.24]	6.0914	11.4746555	21.2196715	17.2904937	26.6648112	52.3683456	39.4187286	17.726432	23.9403691	28.0905356	20.0706591	7.9911921	23.683096	6.7344386	2.1936712	8.8872562	14.797772	18.2390962	26.02735	36.1851731	21.8348497	39.923749	74.0588409	29.140402	2.1019773	17.88857	30.9232004	33.3010971	2.531963	11.408856	26.0053008	20.1275117	24.6500175	7.2548086	22.4544241	11.356718	55.1865119	27.407708	20.743247	23.3371187	38.0870313	12.7833289
K01818	L-fucose/D-arabinose isomerase [EC:5.3.1.25 5.3.1.3]	4.7242331	2.5911449	4.2057233	0.8892555	0	1.8455278	7.9397362	3.0065641	0.9936023	12.6080616	10.4983854	48.7520498	25.830657	6.048595	6.669582	26.3374079	2.624442	2.500921	0.468729	1.8968093	0.9579963	9.0350174	7.9254334	9.8066291	3.2643541	5.1790693	1.9356538	40.5224956	63.1021687	10.0706413	0.8045553	1.715194	19.913007	16.7434506	0.4490168	0.5538305	4.554759	23.8562781	2.6052116	0.5435472	0.0741903	5.4049049
K01819	galactose-6-phosphate isomerase [EC:5.3.1.26]	21.616349	23.753	12.394332	74.1498099	48.2737579	1.177629	2.4578202	22.297372	19.9225396	38.5730237	37.7188953	4.45104	48.9666	13.134741	2.754332	7.6949746	50.9704963	7.67071	8.9260034	58.397995	30.0757651	35.615013	41.540407	9.1843696	0.2347925	27.5942	52.6534	18.935626	0.4930326	30.503003	137.647354	39.8605585	16.766921	13.170325	60.568389	31.38521	47.7656372	31.8669568	100.0394281	43.4409477	1.00534	54.9554442
K01821	4-oxalocrotonate tautomerase [EC:5.3.2.6]	1.4304507	0.50353	21.9791829	4.375043	3.7826	2.419141	16.178175	4.1863826	1.9873704	88.069871	67.53475	7.593245	15.4510227	4.955634	10.563673	10.329818	2.9558476	5.576145	7.190786	18.61411	0.241163	42.382985	106.2785139	35.61933	1.118294	0	1.19466	1.2179963	0.634205	24.95877	3.992298	1.9845029	0.8781018	6.087606	12.01172	12.6743389	0.0651211	0.266195	3.8732696	1.199851	3.572219	12.25541
K01823	isopentenyl-diphosphate Delta-isomerase [EC:5.3.3.2]	0.17676	0.5338625	16.711225	1.9693447	0.8194093	1.142498	11.0170265	2.6706032	0.165321	4.0334631	4.0729379	3.3070331	7.741155	7.2969001	30.0225257	1.2455366	1.855281	1.8163199	2.32144	0.7182045	0.0739668	26.4901711	51.8454564	5.044463	1.098581	0.0595092	1.5042332	0.2435375	2.238043	9.852662	2.0143714	0.785148	13.0533659	2.9810531	0.9488082	7.0974338	0	0.315491	3.0026255	0.135733	0.0705715	6.5701604
K01825	3-hydroxyacyl-CoA dehydrogenase / enoyl-CoA hydratase / 3-hydroxybutyryl-CoA epimerase / enoyl-CoA isomerase [EC:1.1.1.35 4.2.1.17 5.1.2.3 5.3.3.8]	0	0.15508	2.11913	0	0	0.276257	3.02763	0.10372	0	0.365683	1.08148	0.0106815	1.40605	3.89051	4.54288	0.26907	0.0902362	0	0	0	0	0.0144224	0.221249	0.00946532	0	0	0.184669	0.224983	3.74119	0.0101011	0.691882	0.00833757	18.513849	2.51915	0.178081	0.384553	0	0.159326	0	0	0	2.40962
K01826	5-carboxymethyl-2-hydroxymuconate isomerase [EC:5.3.3.10]	0	0	0	0	0	0	0.133419	0	0	0	0	0	0	0	0	0	0	0	0	0	0	0	0	0	0	0	0	0	0	0	0.118261	0	0	0	0	0	0	0	0	0	0	0
K01834	2,3-bisphosphoglycerate-dependent phosphoglycerate mutase [EC:5.4.2.11]	20.49319	48.513804	35.6844716	22.209109	109.002658	53.6858453	35.6493202	17.9358687	12.4947994	65.2564535	49.625745	40.888507	36.992073	34.8089599	6.4453964	29.5739057	4.2415104	16.0051803	8.9743253	47.1709993	4.1580256	86.742005	146.6703098	23.5844907	12.9417121	43.58486	37.9849532	48.7057206	70.2232951	13.8189169	63.4784761	23.9387411	41.7493313	13.6140273	24.1608255	30.9312172	45.1448496	23.5609377	19.7241187	2.7589518	34.1044137	41.3889053
K01835	phosphoglucomutase [EC:5.4.2.2]	16.1253181	24.870756	22.4166363	36.4359988	32.7132557	25.8964805	30.2086253	29.6260514	35.0421755	86.0794776	57.9030977	33.971416	27.7128781	38.5511473	8.9797852	32.6667625	33.1524483	45.1053855	61.2138902	34.6432366	15.369002	29.9009996	25.9913221	71.7313285	42.9578803	34.3590699	45.0045184	41.7197876	59.182749	21.54966371	16.0978011	21.1103703	30.1999579	23.4277913	29.8038935	18.6314529	31.8707415	29.7422669	16.8105791	27.077761	66.500412	43.4438316
K01838	beta-phosphoglucomutase [EC:5.4.2.6]	0.680452	0.687171	19.2983819	0.2430971	0.921911	0.2232806	5.8381579	1.22489	0.811212	2.298145	0.389174	0.786711	4.578559	2.62973	16.0429	0.53399	0.1317894	4.9020094	3.8030312	0.781566	0	45.6839941	96.58108	1.6571652	2.1132117	1.452323	1.812314	0.0591443	0	0.8456422	1.072376	1.338518	4.1716674	0.3055726	0.2397235	1.8824687	0	0	0.108822	0.1773693	1.037198	3.9043686
K01839	phosphopentomutase [EC:5.4.2.7]	3.6286871	2.254599	14.8252875	9.2566814	10.886044	7.8050331	25.3566411	22.8268319	28.807506	55.5552481	35.1615145	4.5919612	15.6067824	10.8842891	20.0814929	6.25528	6.094394	16.8901668	28.366106	13.6228698	10.3649539	2.3642242	2.4639997	23.891697	1.9798317	6.60876	4.2791292	5.468814	3.041548	9.8840491	4.7180712	11.0537896	15.3665076	5.9680565	18.8693295	20.7413385	15.6204817	10.3487387	3.597402	22.0607997	11.7748381	18.9492637
K01840	phosphomannomutase [EC:5.4.2.8]	5.669903	0.94148	2.17838	0.7393545	0.0496277	1.4922361	2.9082589	0.4682347	0.2932818	7.5443016	8.804287	3.234027	5.8939618	1.426336	0.2924885	7.7465993	0.9619897	1.227715	0.383753	1.2166866	0.616635	2.9026817	1.4143087	0.9833284	1.6182075	4.213148	1.02052	25.298911	4.80726	3.2360528	0.726156	3.133148	8.5627313	6.1758583	0.2171324	0.263004	2.53925	0.971323	0.348102	0.4590186	0.107135	0.873718
K01841	phosphoenolpyruvate phosphomutase [EC:5.4.2.9]	0	0	0	0	0	0	0	0	0	0	0	0	0	0	0	0.205328	0	0	0	0	0	0	0	0	0	0	0	0	0	0.0442681	0	0	0	0	0.0622554	0	0	0	0.0367004	0	0	0
K01843	lysine 2,3-aminomutase [EC:5.4.3.2]	0.919269	0.673985	0.0732895	0	0	0.0645476	0.0801097	0.1506114	0	1.26203	0.216578	0.908418	0.6617565	0.276861	0	0.7622124	0.324001	0.2853755	0	0.1329219	0	0.975437	1.132542	0	0	0.692094	0.158797	0	1.82449	0.809855	0.399413	1.338419	0.693685	0.0866751	0.0766813	0	0.119154	0.3493512	0.0817875	0	0	0
K01844	beta-lysine 5,6-aminomutase alpha subunit [EC:5.4.3.3]	0.174738	0.108749	0.0497493	0	0	0	0	1.34537	0	0	0	0	0.131891	0	0	4.2085308	0	0.0346085	0	0	0	1.605195	0.348469	0	0	1.64698	0	0	2.01801	1.364099	0.6471046	0.363439	0	0	3.958615	0	0.7242504	3.9293952	7.3439438	1.00996	0	0.102261
K01845	glutamate-1-semialdehyde 2,1-aminomutase [EC:5.4.3.8]	33.0789275	21.4692281	10.2619426	16.883701	19.0567256	24.791393	20.5880969	18.2300038	17.0778833	7.6421653	9.583382	26.8709356	35.0771058	8.4150804	7.113865	9.7865885	46.1027019	11.097205	10.4815985	43.0784398	38.998588	15.2692934	17.0402791	6.5260111	27.9176981	15.166895	31.5879598	4.6514053	3.098111	22.8013281	6.2916135	12.3976844	39.4183386	26.7599895	11.5839266	6.0719561	22.7488211	57.597298	59.8029288	64.1070393	51.9812199	14.604551
K01846	methylaspartate mutase sigma subunit [EC:5.4.99.1]	0	0.0267164	0.0958194	0.499582	0	0	0	0	0	0	0	0.0435628	0.0540178	7.73586	4.10135	0	0	0	0	0	0.0449837	0	0	0.099225	0.149911	0	0.430076	0.694946	1.83198	0.494958	0.0948548	0	7.988733	0	0.171569	0	0	0.0610031	0	0	0	0.317385
K01847	methylmalonyl-CoA mutase [EC:5.4.99.2]	1.4671878	1.472104	0.960966	0	0	0.06829209	0.578854	1.40516489	0.0866199	1.3398333	0.0994883	9.61481618	3.993343	0.978612	4.45135	4.89494	0.564992	0.168767	0	0.0866905	0	4.7363674	2.7796491	0.0725634	0	2.317634	0.24596	0	0	1.928204	0.6468229	3.1510298	2.643456	1.668325	3.9112	0.326295	0.616487	3.8462567	7.5513915	0.946025	0	0.694111
K01848	methylmalonyl-CoA mutase, N-terminal domain [EC:5.4.99.2]	0	0	0	0	0	0.0560533	0	0	0.0462354	0.150391	0.128235	0.342595	0.876842	0	0	0.216027	0.086077	0	0	0.207083	0.214582	0.0570765	0	0	0.0807535	0.153089	0.109171	0.568212	0	0.0616395	0.17032	0.931299	0.57325	0.434678	0	0	0.252654	1.27923	0	0.11722	0.0682468	2.36325
K01849	methylmalonyl-CoA mutase, C-terminal domain [EC:5.4.99.2]	0	0	0	0.0675968	0	0.128601	0	0	0.099446	0.475911	0.117681	0.913726	2.265653	0	0	0.155625	0.38896	0	0	0.230952	0.166319	0	0.6771	0	0.0992512	0.130083	0.0642972	0.639031	0	0.913608	0.0454168	1.1074	0.919512	0.388544	0	0	0.329348	1.51456	0.105478	0.10085	0.0978597	2.43207
K01851	salicylate biosynthesis isochorismate synthase [EC:5.4.4.2]	0	0	0	0	0	0	0	0	0	0	0	0	0	0	0	0.360062	0	0	0	0	0	0.0953916	0	0	0	0	0	0	0	0	0.123447	0	9.6399	0	0.0482835	0	0	0	0	0	0	0
K01854	UDP-galactopyranose mutase [EC:5.4.99.9]	3.4425761	2.0598398	8.1800572	2.540027	6.8817155	4.4266759	19.4455917	28.0549293	30.7565841	17.5681965	19.0633821	0.4198724	10.3297935	12.478497	4.8402994	3.6575962	19.0772731	10.484863	19.578144	11.7644514	34.5051186	1.8464378	3.2710714	0.6935738	0.7879426	4.9270566	1.167308	5.4606829	0	13.7270761	34.6662155	30.7372582	12.3373692	24.5353156	14.0573339	2.8259098	16.0200255	8.1088697	10.6243128	23.8250738	9.4744515	10.003202
K01856	muconate cycloisomerase [EC:5.5.1.1]	0	0	1.905171	0	0	0.095256	1.08467	0	0	0	0	0	0	2.02355	0	0.319778	0.142478	0	0	0	0	0	0	0	0	0	0	0	0	0	0.334194	0	0.1380818	0.0784906	0.169601	0	0	0	0	0	0	0.342278
K01857	3-carboxy-cis,cis-muconate cycloisomerase [EC:5.5.1.2]	0	0	0	0	0	0	0	0	0	0	0	0	0	0	0	0	0	0	0	0	0	0	0	0	0	0	0	0	0	0	0	0	5.87713	0	0	0	0	0	0	0	0	0
K01858	myo-inositol-1-phosphate synthase [EC:5.5.1.4]	3.31813	47.2868	11.647445	13.8473511	114.936	36.6562052	14.4068	12.20626	9.4754349	0.11727	0	2.06592	15.83	0.0598375	0.0337291	0.310515	1.76624	8.08917	2.20976	31.2536	0.7504149	25.2631	65.7508	0.2047617	0	30.2677	34.5274	0	0	2.43744	33.1413	11.6743924	21.2243	0.987206	11.9597	0.705973	33.3971	14.4461	17.6913	0.768711	26.0729	2.72745
K01866	tyrosyl-tRNA synthetase [EC:6.1.1.1]	43.1629632	56.5465471	32.9061428	24.4217506	86.1488927	46.6939057	46.6667689	42.5048771	40.7896784	91.423508	58.3019417	76.3951816	59.6905715	19.4004455	10.766116	57.3699381	15.0496959	26.8030565	34.9978887	69.7091601	32.1398545	77.0110913	131.3312064	34.3648295	20.1617537	45.3064697	40.3745009	61.4500583	82.096093	39.5850478	46.249324	32.0133819	71.0110173	31.6694095	35.613731	15.383112	67.4979924	83.4954545	71.4803266	76.6890668	71.5148614	31.4628555
K01867	tryptophanyl-tRNA synthetase [EC:6.1.1.2]	17.0478055	25.3848795	29.9359021	9.2963596	28.9854868	16.1594971	22.7603357	22.3293189	21.0644643	81.3041375	62.0128052	3.4350713	23.2024788	20.4010923	31.0556401	14.0198502	20.9463615	14.5547093	19.0159525	23.8133151	3.0795925	32.3708988	35.5794376	47.160575	21.745777	19.8992529	12.3666711	8.4258042	6.0978727	14.0727563	9.6155161	8.9110987	45.5929771	29.4161433	24.4307484	19.6523334	14.9802865	17.0874438	13.2999624	6.335263	30.264665	42.3085029
K01868	threonyl-tRNA synthetase [EC:6.1.1.3]	19.2411664	37.8615099	18.5550826	20.6870238	78.320183	28.426294	35.9081645	41.6423995	34.6558177	87.2191779	56.8938005	38.5829955	39.2771157	14.6448877	8.6787493	40.3811279	17.5094437	36.6983515	38.9602234	38.1389657	11.4075063	45.899291	58.5153187	25.7461748	16.8054074	47.2089466	28.626513	49.273361	59.4245741	30.7892131	44.7930633	24.317257	43.2724024	18.1086998	30.5735371	14.8448674	46.5165176	28.92048285	28.2249434	19.5740052	31.1994615	40.3513902
K01869	leucyl-tRNA synthetase [EC:6.1.1.4]	60.6285016	60.777213	44.1112337	28.4086407	76.936089	63.6769576	63.3823896	45.6670377	47.2195696	102.2005605	76.2294078	51.0732739	37.706363	18.7863803	4.6638213	57.452554	30.2123263	36.8835028	57.0907569	71.8659327	27.4097658	79.6672765	118.294695	88.5137633	56.3425355	60.083942	57.5002429	64.559072	74.09937	31.1842551	55.0704096	31.6245055	70.9782193	51.5953189	42.6832945	22.8037487	85.7414543	77.8736878	61.9226725	72.6519541	97.7245518	65.0726126
K01870	isoleucyl-tRNA synthetase [EC:6.1.1.5]	14.6232479	10.001679	10.6723034	13.660102	9.6621222	19.839458	20.5504532	10.3182174	4.3386161	53.7607473	37.2102527	30.9888829	16.99981	9.2089792	1.6788187	25.7566985	5.228147	8.6667123	12.315387	16.3957736	3.315059	27.9124705	23.1210778	24.8248258	7.0908468	6.5717008	7.6040602	22.178246	65.6929802	17.6246155	25.823717	10.1169449	32.2964251	9.7711809	12.727468	25.4978816	10.2855134	12.3172372	11.728081	4.4050262	10.3190354	35.049854
K01872	alanyl-tRNA synthetase [EC:6.1.1.7]	34.0918782	46.9734959	43.8016128	71.1813597	96.7172618	68.2323072	76.3591872	51.5582385	42.6835375	87.3351207	98.0649231	78.8226148	65.3951219	42.4371379	28.6046828	53.3349318	61.3220345	34.852021	62.6402612	81.5569366	97.9616479	80.3368649	124.8845572	81.4804799	42.0845671	58.8898926	82.7842326	54.3267379	71.5715476	43.3564662	72.5878429	75.6680047	83.2245896	91.9789796	48.7849144	37.5215942	55.8687036	63.0295693	40.1699771	39.4151795	59.5462687	42.6837746
K01873	valyl-tRNA synthetase [EC:6.1.1.9]	50.1687379	27.3621975	22.4750673	22.6288909	20.9184003	34.5329895	33.7798965	17.484699	10.6785652	77.8975032	59.6472453	34.0297318	23.4570331	23.314137	28.3426727	30.1627238	8.9429365	13.682356	15.4876976	41.148191	23.8845345	53.4892123	75.5578532	29.7273662	15.5826002	20.2041397	21.3770092	48.4248553	64.6477227	21.17182406	24.6631389	14.470432	41.1932796	22.9943976	16.8766812	14.6685767	31.5624135	37.4708754	45.53466	52.9274852	50.089155	29.6364912
K01874	methionyl-tRNA synthetase [EC:6.1.1.10]	52.2171484	78.1233214999999	45.93066526	150.7490484	177.1348468	136.9212934	100.8067717	73.8745444	66.858768	39.451441	47.9214797	69.26332778	91.1121755	39.1655026	12.4695736	52.4849912	69.5801184	54.03415273	41.5246144	135.6917869	137.2841338	88.3759379	115.90441054	61.6883911	72.9121917	100.5928429	173.1237119	72.0432222	73.7663124	68.8569647	124.430221	91.7875215	101.6774198	81.4915943	82.45275771	42.8746666	120.3974362	91.0428541	100.5603519	70.2139	74.2584229	63.5886979
K01875	seryl-tRNA synthetase [EC:6.1.1.11]	16.0028066	45.2142781	22.2865498	17.0711295	94.5720463	25.6983004	22.1455766	18.457589	13.169509	59.5767525	47.7262024	32.3126015	40.8157877	11.1669042	4.5315792	11.4602845	5.8649408	12.6478552	8.8761337	24.8325652	3.2677745	37.5242869	74.397952	29.9401983	1.8375956	30.4090225	34.3469063	5.9303656	12.3567341	21.6609899	41.5655592	13.7764809	33.0711687	13.793853	19.8899581	15.8316638	13.7104525	29.9960583	9.5689408	2.8087193	12.127877	31.3649962
K01876	aspartyl-tRNA synthetase [EC:6.1.1.12]	63.4095012	65.5043508	32.6713137	34.9324382	111.6934124	66.8858784	60.3836733	45.982883	49.160272	89.4151331	73.0854855	36.6113656	39.1910861	21.6087163	16.7043972	44.5985655	25.0004439	33.7021681	34.6138777	84.4233337	61.1263742	67.4664354	118.8525693	32.9906108	26.729398	53.0325756	53.6386218	51.7818194	52.7130315	25.0929497	62.4459134	55.9649327	69.8474444	47.335914	38.242652	24.9319346	73.2962813	61.5479924	72.3010752	82.228352	89.0823665	35.9599812
K01878	glycyl-tRNA synthetase alpha chain [EC:6.1.1.14]	5.6705403	1.8907638	14.0264568	8.8914882	4.1085192	3.9529779	13.27401	1.1508791	1.4523203	40.949143	36.540204	5.338575	12.0272965	11.5081359	37.0623989	2.9525354	1.1831569	3.553526	4.5300034	11.6830071	1.0907908	3.2651167	6.570294	24.5783567	3.6581103	0.5254878	4.9306403	2.1295922	11.650815	8.4218935	21.2606731	3.7206103	26.518033	7.923101	7.0582616	12.6477393	1.5942149	1.852165	1.690969	2.1831898	4.0375229	17.4314575
K01879	glycyl-tRNA synthetase beta chain [EC:6.1.1.14]	0.3840313	0.686662	14.0329621	2.0536821	2.4339086	0.790421	4.574907	0.8098037	0.8128791	53.934829	42.7866354	3.735271	3.0759637	6.2748505	1.8496346	4.4098042	0.7351934	4.7112095	4.239962	13.2405872	0.266851	28.8996018	52.9369389	26.2408463	0.8339439	0.214552	1.174044	1.33132	15.0752462	3.4717361	18.5955909	3.4999595	19.7282755	5.0619671	7.8475145	19.4623266	0.295933	0.2877456	0.0715132	0.483565	1.9887709	17.2415221
K01880	glycyl-tRNA synthetase [EC:6.1.1.14]	52.7843533	63.773885	19.9670685	24.9151342	105.5809148	66.3623175	45.4409452	40.1268619	43.9722332	21.447742	11.4070159	2.9705646	27.4489541	7.2083523	1.0671991	6.478183	12.6943593	27.830049	30.7633122	68.0701249	44.084963	31.063058	61.1717009	7.336241	25.3572557	57.817389	55.0684319	11.132797	0	13.4301716	33.3859049	29.1928784	38.5378431	19.1589763	26.7453035	6.4299443	80.3310853	57.343882	66.7812751	82.0913271	92.1089429	22.2361887
K01881	prolyl-tRNA synthetase [EC:6.1.1.15]	44.5508609	40.6997979	46.2716622	19.9798751	59.3919427	30.1644671	49.2755633	65.8131631	65.5480535	121.9389094	80.001977	59.2519027	58.6276003	17.1354188	10.7420478	57.0993281	32.4268636	42.3262227	73.2464987	33.745568	14.7191443	70.3033212	98.139383	79.2541483	49.8684159	63.506303	30.090354	65.6011192	55.8764675	34.6318552	34.6939647	28.8902646	62.6121439	55.5305563	47.9366677	26.4261842	54.7479353	70.7366888	24.9363432	25.6651354	49.8205015	70.129065
K01883	cysteinyl-tRNA synthetase [EC:6.1.1.16]	17.5378058	57.2988773	37.2289688	25.043832	126.2897846	75.4253429	54.6767821	29.6618861	27.6923227	75.8223953	59.3905627	44.1588993	42.3020079	13.1625865	3.2929294	42.6061958	16.2458834	28.6292308	23.260769	62.4664603	18.3086837	80.1340854	149.0411688	43.4843143	22.1136577	55.8210432	67.7975568	52.1270209	37.5175808	26.2570258	66.1982657	33.9668254	54.9807641	21.3903209	39.0542376	18.1300238	53.5117127	40.9471274	32.1912192	25.5449987	38.6755845	40.1701829
K01884	cysteinyl-tRNA synthetase, unknown class [EC:6.1.1.16]	0	0	0	0	0	0	0	0	0	0	0.253475	0	0	0	0	0.374285	0	0	0	0	0	0	0	0	0	0	0	0	0.260901	0.855226	0	0	0	0	0	0	0	0	0	0	0	0
K01885	glutamyl-tRNA synthetase [EC:6.1.1.17]	66.2024618	80.0659488	21.2261878	42.154078	138.9856254	75.464966	47.0291803	32.5864821	23.282962	27.4773293	26.223453	67.8175145	64.5560051	11.9143843	1.1750313	44.059601	15.684908	24.1819469	18.9629759	71.9044944	27.959416	70.230405	103.6277506	6.9952988	25.0852016	59.2213046	61.5901099	65.1669964	67.8627678	31.0624357	45.4329243	25.1450234	82.5133305	40.7250854	19.1489262	7.8449456	74.810578	73.4781357	70.2186096	64.158961	88.7690962	32.8687092
K01886	glutaminyl-tRNA synthetase [EC:6.1.1.18]	2.5798831	3.013683	7.2772255	1.19783	0.1940693	1.4146589	4.2593874	1.0967396	1.0301845	3.5179874	5.5086618	9.701535	11.207647	4.8187445	17.0475722	9.9610559	2.853502	2.6270025	4.053718	1.7211955	1.3061708	4.7836327	4.100697	0.410408	0.854083	1.7423354	1.1741959	1.4275889	4.207026	2.9058676	3.1052793	2.3612148	14.6837083	2.6802245	1.5619919	3.6380812	0.7081563	5.3918671	1.4351535	1.0754	1.797375	2.2365775
K01887	arginyl-tRNA synthetase [EC:6.1.1.19]	63.6054407	78.623631	34.2979193	38.6041721	122.7344739	56.3518917	52.9079395	48.5588956	43.7735755	86.7394765	56.2101292	39.1852073	38.3058148	33.9436316	9.914865	45.3412811	44.7775841	30.65155078	34.0478409	72.8403739	41.9218598	69.0092742	129.3889209	33.2008415	21.8859444	66.0145972	63.4846159	49.3757232	69.0488062	31.8431861	51.8351289	29.9675489	49.0440583	25.7542048	38.5859293	14.0085928	63.7989248	66.5935229	73.9411408	91.9430539	92.8164542	31.7197921
K01889	phenylalanyl-tRNA synthetase alpha chain [EC:6.1.1.20]	22.1780918	33.1746536	22.5203119	22.6841571	75.2205373	61.9949263	48.5238986	40.52068	39.4651921	54.8473557	34.6508209	33.7554673	45.8646001	14.8713162	10.603037	39.128811	13.5899532	31.1912372	30.399948	45.1840383	24.4056961	43.2081176	55.6289849	32.45319206	29.4713858	34.8110457	36.9558671	49.8509628	66.8981233	25.8117104	54.1882324	31.4250588	58.2189398	21.5659745	35.8095358	17.9874564	59.4287242	38.9167186	33.1825078	21.0071631	44.5113678	45.0629933
K01890	phenylalanyl-tRNA synthetase beta chain [EC:6.1.1.20]	31.8381848	18.3841959	24.884388	9.8111712	11.9202647	30.1698763	42.2581484	34.5428392	37.9170687	83.819323	76.4084961	34.6148145	15.9356221	16.0493989	7.1824858	36.5395895	36.2388717	27.6513512	47.4045344	36.5815086	38.2761506	19.3757365	6.3494616	67.4346416	61.2157171	30.2652872	23.6073861	35.8607499	63.1580646	25.8264141	22.8090176	35.2115271	53.4893227	59.967285	35.2274227	22.6034758	37.9811253	42.5730135	21.1061031	11.5626353	41.3993435	55.7917113
K01892	histidyl-tRNA synthetase [EC:6.1.1.21]	12.9560641	16.2336971	15.478692	10.1155675	40.9405053	32.3125187	27.4619835	18.1043401	11.0110931	64.4705088	48.3662703	34.4295127	19.5190048	10.2955146	2.2037203	33.4962079	7.6201149	12.643905	11.5566016	29.113057	3.3668561	19.2190312	28.0801427	33.1150604	4.1987001	30.993206	14.260108	48.3340405	67.7671074	17.1199175	31.4702561	13.4159778	38.8228225	11.6747273	17.9776959	12.6342385	23.4895349	17.659149	17.2430498	3.4080271	10.7464948	22.9929059
K01893	asparaginyl-tRNA synthetase [EC:6.1.1.22]	9.789109	5.0443257	11.4608227	3.3685203	2.3528067	4.245206	16.2340853	3.7286069	2.2611896	62.7599068	46.24409	39.9506461	14.6370029	10.3910623	14.4271833	45.4696726	4.6957359	6.0034637	5.2859258	14.983248	2.808941	25.5896921	32.9728451	26.6893665	9.8316939	13.173478	4.8210986	42.378443	69.0619756	16.903036	21.7967997	9.28361	14.7625002	11.9709404	10.296715	11.0104569	2.672217	8.8836322	8.4562273	3.4810964	2.9246085	17.381675
K01894	glutamyl-Q tRNA(Asp) synthetase	0	0.447712	5.17547	0	0	0.2968969	2.462968	0.0680788	0	0	0.48313	0.0450208	4.05676	2.4575	5.75192	0.483786	0.529385	0.0738458	0	0	0	0	0.408461	0	0	0	0.248613	0.145129	1.04597	0	0.615515	0	18.63062	1.067235	0.224513	1.31832	0	0	0	0	0	0.638255
K01895	acetyl-CoA synthetase [EC:6.2.1.1]	3.30624	2.1260268	5.6731482	5.462433	1.092634	0.583792	3.836941	4.387958	1.1599756	0.6120594	0.833011	1.14472	7.358024	6.47538	22.3816	2.5310249	1.4938383	0.2992992	0.119769	1.5027384	1.20202	2.8209006	3.5255967	0.4994063	1.9777629	8.3070054	2.0378191	0.590981	0.886355	5.7045409	1.223313	0.2057537	17.848673	4.2533125	0.6598139	1.563125	0.784017	0.627267	4.328581	1.4732085	1.518909	3.691414
K01897	long-chain acyl-CoA synthetase [EC:6.2.1.3]	17.7251772	42.9398074	21.4658504	18.9398213	85.5035968	43.3682104	31.9864666	24.6032066	18.0801772	19.7647436	34.7652767	39.0290826	29.9303312	17.4728782	25.2138021	25.0819959	24.7175375	11.8640466	28.5197627	46.6611306	31.6142269	36.7109155	58.4292729	19.4285334	2.236936	44.877949	27.577918	20.0234615	64.235593	11.5831259	46.3638206	43.1482271	57.5493584	37.4375525	22.7531892	5.7799576	52.131414	32.3768507	33.7897822	8.8111057	37.5521901	28.9651337
K01902	succinyl-CoA synthetase alpha subunit [EC:6.2.1.5]	8.39106	0.899149	9.7978642	2.2775267	1.737726	18.0992333	10.6032118	5.0311356	0.8458143	1.1125292	2.1972495	15.796224	5.80178	4.64503	13.3416196	5.8813119	2.030751	1.22926	0.996483	1.935215	0.153467	1.748211	2.311031	0.512287	0.1553647	0.957957	1.3598425	8.100591	49.773225	4.1122067	3.664044	3.0534926	18.117618	1.833538	0.9380123	1.8578166	8.4294055	2.9789744	1.8046	0	0.4165265	6.053245
K01903	succinyl-CoA synthetase beta subunit [EC:6.2.1.5]	7.6546423	0.8430797	8.3690659	2.04408	1.70541	16.2063698	10.3133459	5.425283	1.062916	2.2663622	5.6596379	33.967291	19.554888	2.98804	2.32414	9.894573	1.6721874	1.246281	0.907027	2.24209	0.07965	5.846071	9.035291	0.1102943	0.4550986	1.391401	1.434422	9.005562	32.10977	6.9968849	3.5249216	2.723221	24.143035	9.5825066	0.4998107	1.3335983	9.8590207	23.614797	4.3392588	0.1901349	0.347667	5.8551908
K01905	acetyl-CoA synthetase (ADP-forming) [EC:6.2.1.13]	0	0	0.662025	0	0	0	0	6.72592	5.2491101	2.51999	18.0023	0	0	9.72123	4.56826	3.32349	18.312367	0	0	7.94827	30.3796	0	0	0.05481	0	0	0	0	0	4.93242	11.0718	23.0065	4.39237	24.1452	6.10967	1.54328	0	0	6.65947	0.125342	0	0
K01906	6-carboxyhexanoate--CoA ligase [EC:6.2.1.14]	0	0	0	0.379414	0	0	0	0	0	0	0	0	0	0	0	0.444251	0	0	0	0	0	0.290937	0.0972353	0.0447284	0	0	0	0	0	0.0992198	0.261106	0.045704	0	0	0.108508	0.662502	0.0633222	0	0	0.157296	0	0
K01908	propionyl-CoA synthetase [EC:6.2.1.17]	0	0.395486	1.19328	0	0	0.0077847	0.4510771	0.00540176	0	0.00347841	0.9893023	0	0	0.3656043	0.419726	0	0.0268043	0.00600144	0	0	0	0.00746344	0.08739459	0	0	0	0.0126664	0.012928	3.42847	0.00640416	0.209696	0	16.47965	1.4140065	0	0	0	0	0	0	0	1.1102771
K01910	[citrate (pro-3S)-lyase] ligase [EC:6.2.1.22]	0.0359777	0.0822611	2.1764728	0.136313	0.225453	0.014297	0.469772	0.0641265	0	0.2472809	0.513561	0.756073	3.873735	3.0669447	13.075478	0	0.747708	0.118825	1.766253	0.646315	0	1.5672562	3.2238351	0.1203439	0.2249911	0.0277386	0.456796	0.252045	0.493216	1.4526001	0.0804613	0.4758755	3.220784	0.5399103	0.4099321	3.177207	0.144198	0.295856	0	0	0.361138	1.022816
K01911	O-succinylbenzoic acid--CoA ligase [EC:6.2.1.26]	0.191632	0.456899	2.7553166	1.3945828	0.163419	0.3261739	6.9617202	0.991752	0.0335585	0.1848175	0	3.50099	4.062954	3.02658	14.6319	3.574932	0.221326	0	0	0.767665	0	1.8026504	0.3800478	0.460928	0.9582509	1.30759	1.549879	0.165957	0.786709	5.981251	1.166234	1.768972	6.9116476	0.6172782	3.731329	2.175734	0.637963	2.805568	5.382662	0.935558	0.0712722	3.9765895
K01912	phenylacetate-CoA ligase [EC:6.2.1.30]	9.0582063	5.335263	6.0970776	17.9056763	10.704485	18.4376086	11.6710104	15.4389056	14.649453	4.0865236	6.706392	27.6389737	20.3713104	7.1514974	6.6519097	21.2250295	10.5919127	7.1475128	3.179601	13.1034629	17.6529655	10.54286	4.9966239	9.911601	20.699075	11.2753089	18.7879378	29.0424177	50.8240654	20.824709	5.9783747	8.9434913	11.190918	13.0672258	8.6507167	7.8253707	7.3706508	9.471892	14.9790347	19.710106	11.9700074	13.1100878
K01914	aspartate--ammonia ligase [EC:6.3.1.1]	10.0338564	12.168998	16.2251522	72.378578	32.0228282	43.6587996	45.766364	21.887963	26.917077	67.5736775	58.592561	35.2290729	26.9201581	24.5242414	35.0007345	38.539531	26.127839	28.316904	24.6601071	48.4054024	53.3600498	26.4637827	17.1563012	63.9112816	38.083591	31.18969	74.7732415	49.4045622	61.682373	19.0105761	30.6013523	34.1160202	29.5548784	37.2112031	33.8383367	29.5554102	21.9910582	19.3094913	19.3803657	35.8692773	28.0638265	26.5276492
K01915	glutamine synthetase [EC:6.3.1.2]	101.6339743	124.0447505	42.5728374	83.1323448	195.2265708	113.495636	87.0013313	52.6770465	47.7939995	77.0747377	79.3426873	43.0628894	77.947189	31.3224803	8.7082369	50.5420889	52.3238958	51.2449169	36.0620062	155.2776769	97.2143764	112.1674553	188.0153121	24.1228736	36.8042454	99.3697137	114.364081	80.7250237	67.3830336	40.2929326	152.331892	80.3355171	125.4438518	65.5255525	61.440699	19.9082313	134.9310979	101.9610711	159.958744	137.5421474	143.9863808	62.9283795
K01916	NAD+ synthase [EC:6.3.1.5]	0.531111	0.225642	18.3029941	2.272098	3.249556	0.8900188	8.9390889	2.6635711	1.2535121	56.186645	41.3215814	3.970233	1.20575	7.4490393	6.838771	3.2732905	0.9064876	5.3895143	5.801429	14.7535695	0.383596	41.24239	77.8259265	25.0794105	1.3679179	0	1.148364	0.328008	6.4333772	10.3625723	21.7692426	3.6565399	23.0701456	4.4143406	7.6526014	10.7999228	0.268624	0.326802	2.0261488	0.5763234	2.099336	14.8959817
K01918	pantoate--beta-alanine ligase [EC:6.3.2.1]	3.1650295	3.182508	8.4396584	2.0469688	5.6978188	2.7128954	17.4122281	20.1439411	24.905878	19.407032	5.584106	50.7064401	40.970384	9.4805426	20.708736	22.292238	2.4508363	12.4383493	19.005874	3.5491248	6.795483	12.2151806	10.093195	1.7728671	2.9215443	11.010497	2.3826855	42.557093	27.4205477	10.7148459	3.9050261	11.5127731	35.3052567	14.1286994	4.4032887	3.2885507	19.085693	41.4257178	10.5111552	14.7231423	8.183497	9.7001578
K01919	glutamate--cysteine ligase [EC:6.3.2.2]	3.907574	3.2425215	16.1751165	8.5246827	2.8580795	1.6477737	4.4041856	1.7149747	0.7279711	42.252401	31.0903941	3.691046	7.3698868	9.221033	19.6333109	1.8873399	1.5541799	3.8433613	3.006469	11.665264	1.340776	32.5287925	61.0186483	19.867125	2.8362449	0.40685	3.1405824	0.7154594	1.3926795	7.5973412	1.963847	1.151876	21.5617338	6.813907	5.123747	13.215813	1.5363333	1.0515504	1.9925369	0.7660156	2.931591	10.6688974
K01920	glutathione synthase [EC:6.3.2.3]	0	0.328483	5.394016	0	0	0.3791817	3.497216	0	0	0.369681	0.7840854	0.0524821	3.65177	6.55964	24.85556	0.254214	0.54015	0.0484631	0	0	0	0.037366	0.4341925	0	0	0	0.327252	0.056719	3.274749	0.0138614	0.7904759	0.034672	13.46013	2.074095	0.269964	1.260811	0	0.0877348	0	0	0	2.448252
K01921	D-alanine-D-alanine ligase [EC:6.3.2.4]	28.3737132	67.110797	36.9902428	44.251664	115.162016	50.8163425	46.6468476	35.1349848	32.2785132	64.3893602	52.0078073	29.7312474	34.1023535	39.6107313	25.4389531	34.1465977	15.5552672	29.097784	30.121209	33.5847688	14.845205	70.600107	131.374456	61.7703234	15.72739	53.6270832	71.2601756	50.5578794	71.2267521	20.7831707	41.4586673	24.353491	65.57151	21.6292955	34.4120948	19.4787943	32.8958289	25.4652833	15.5057863	35.1318736	18.4224319	41.0947284
K01922	phosphopantothenate-cysteine ligase [EC:6.3.2.5]	0	0	0	0	0	0	0	0	0	0	0	0	0	0	0	0.0600111	0	0	0	0	0	0	0	0	0	0	0	0	0	0	0	0	0	0	0	0	0	0	0	0	0	0
K01923	phosphoribosylaminoimidazole-succinocarboxamide synthase [EC:6.3.2.6]	56.1952395	65.2375548	33.2551325	39.0653085	111.0978495	60.3422983	41.3834966	28.2265264	18.2061179	80.9257376	60.8082802	79.1494615	63.4021861	12.193649	18.1724554	37.3710929	12.0159325	22.883906	17.9615674	76.5015973	28.38635	82.6415052	139.2566459	24.3929194	15.2589951	41.3783479	50.6557347	36.4303394	96.239341	27.824401	40.3788254	21.2545614	70.1903871	33.6532592	26.3543216	28.584601	66.335989	81.683591	77.7726756	68.9729963	83.6661263	36.4287729
K01924	UDP-N-acetylmuramate--alanine ligase [EC:6.3.2.8]	31.310511	45.6949364	40.7309081	23.2485404	93.5227309	50.2881613	49.5577682	58.321421	57.1936439	89.0982724	64.6536429	30.2971587	41.1429322	34.8521159	17.2178993	28.3956428	20.7907564	33.8671582	65.1111512	46.5767197	12.7332281	34.8502981	59.6247708	60.0163249	25.9767956	50.4593352	37.1178361	43.9080242	66.3870479	21.9742641	51.5849583	31.99796	59.264154	25.1956056	42.9173938	21.6113643	74.0025894	52.1138179	27.0314555	24.4127866	50.4391235	52.6160152
K01925	UDP-N-acetylmuramoylalanine--D-glutamate ligase [EC:6.3.2.9]	22.515797	45.0607608	32.7662677	26.3513136	91.3420796	47.3501871	53.4438196	44.8948969	47.48146	78.3049953	54.7550595	27.8607277	35.5469237	12.7222654	3.7530298	37.6866118	18.6870928	35.7783605	39.9920102	34.8805311	27.1012571	64.4258253	108.6469126	43.7717895	26.2312519	46.8554228	63.3500153	56.3243684	73.8788396	27.7084495	42.3854891	34.0655258	44.0276325	22.4757724	42.6299121	20.2084832	41.0452081	29.552904	21.3250583	42.3571535	25.5700452	37.099286
K01926	AT-rich DNA-binding protein	2.2413557	1.8572384	3.3229081	3.5017412	2.4903433	2.883268	9.1612766	2.6319739	2.4103156	50.4462455	39.5594252	28.405328	9.2531938	3.5804028	1.0854851	26.3263102	4.316575	5.4989012	8.8282105	14.7830921	1.947752	11.2106911	7.586048	24.4520086	3.3882967	12.8681814	3.384367	32.3088606	66.9482391	19.9161047	22.7207031	6.4964307	12.5853484	8.4027068	8.1129766	11.7109328	3.843832	4.1132891	1.9396344	2.0984439	3.911311	17.277444
K01928	UDP-N-acetylmuramoyl-L-alanyl-D-glutamate--2,6-diaminopimelate ligase [EC:6.3.2.13]	61.396258	35.3807463	43.8306192	26.3840381	37.4441434	66.0352595	73.2576585	54.0047498	65.0822423	60.2007786	60.1156365	34.2495248	26.7410053	45.3088898	9.294083	42.9783951	43.7173197	36.4247836	69.9481717	75.588782	70.8979269	52.6523058	76.9285834	53.0500284	62.3305306	43.1982257	37.1581301	66.5749407	73.7117732	26.4688617	65.2628851	57.7234517	80.1313011	74.9057807	41.4027789	23.5327022	92.9545055	79.4350006	71.1953921	79.5227364	113.6465313	55.3042412
K01929	UDP-N-acetylmuramoyl-tripeptide--D-alanyl-D-alanine ligase [EC:6.3.2.10]	22.3437761	12.7351736	15.785186	24.0816717	12.0734549	44.496444	45.6292548	20.6569652	17.7273579	21.1126536	40.2087181	38.0595107	7.4491741	13.0383986	5.8062137	23.5100746	26.6597929	15.4843656	22.582053	20.3160138	34.9637153	18.5521311	10.6421444	36.8613557	9.5303258	13.359432	15.8825975	12.872082	96.6917294	14.029373	26.6711376	38.6999992	27.5128315	34.0408092	20.6519073	23.3007759	25.3492244	19.4775403	18.8277133	32.6388973	8.808234	22.3633827
K01932	NO_NAME	0	0.0587957	0.1754408	0	0	0	0	0.106447	0	0.378638	0.510128	0	0	0	0	0	0	0.145112	0.838492	0	0.0443326	0.0555639	0	0	0	0.0946318	0	0.333135	0	0	0	0.0394805	0	0	0.26518	0	0.103796	0.134649	0	0	0	0.117965
K01933	phosphoribosylformylglycinamidine cyclo-ligase [EC:6.3.3.1]	40.5625624	58.7732565	56.4173725	44.0966759	101.5800439	85.6441118	77.8328757	76.2522692	83.1869548	110.9835507	82.9297352	7.0563611	40.4989374	28.0891336	16.1710356	20.3842664	43.9861434	51.6012075	74.8817161	69.2805552	30.993835	68.556164	118.0213694	95.1491767	61.5890913	65.5405826	72.1072971	25.9357939	14.9326378	32.4569033	65.9481479	41.755641	78.2217998	49.9263933	59.4212788	29.5189649	95.2912689	72.9295805	42.9213339	49.2789297	82.634096	79.3682713
K01934	5-formyltetrahydrofolate cyclo-ligase [EC:6.3.3.2]	7.2343546	31.283109	15.4866604	16.1293351	82.400098	4.4413248	5.2894965	17.0609245	13.9012409	12.569291	13.0040581	16.4498982	28.7654268	7.4079067	31.5920057	13.3609287	14.9362366	15.0970758	11.6338571	18.800661	5.1341517	38.6653947	61.2285237	10.7618122	1.8658032	31.058546	28.7145182	4.9136517	32.0257973	7.9713314	43.5109576	10.1762465	22.1557109	5.2597996	19.0082173	25.7967128	8.4721371	11.4051293	10.2088084	9.1416912	9.342562	28.7085241
K01935	dethiobiotin synthetase [EC:6.3.3.3]	0.3168807	0.590639	3.3422004	0	0	0.237326	2.602186	3.0603645	0.9071899	2.2514429	4.5612455	30.652906	24.0185986	1.6672683	2.108907	8.5786177	1.656093	4.2207948	3.643562	0.626269	0.4087644	5.8382297	7.8195056	1.968814	0.692984	4.817923	1.1912741	17.6776905	7.3830002	7.7140127	0.5737797	1.299761	25.47896	12.751791	4.088175	0.4881289	4.1107085	30.9983831	7.6932225	1.4866861	0.763504	1.4676084
K01937	CTP synthase [EC:6.3.4.2]	52.747472	59.5083508	18.4058904	27.8344106	90.0033734	54.3364877	36.6172391	21.1075079	15.538774	75.0362635	49.2473369	70.8926016	45.7750356	30.1835464	6.3864254	32.8710119	6.3538437	15.9258791	11.7438191	74.9577624	29.8197835	47.3947558	68.9058106	38.8218106	15.9583119	37.2376691	45.7714765	25.5841552	86.4005768	24.3166315	49.9608453	19.1855426	55.5647065	25.8660323	25.3821302	14.6693409	56.2047986	76.8272612	67.2882122	72.0877363	82.1831129	35.3586382
K01938	formate--tetrahydrofolate ligase [EC:6.3.4.3]	26.3313206	53.8859888	28.5025936	26.7453253	114.1706598	57.961176	44.0321107	39.8593371	36.4350137	63.1174057	37.0785653	64.0765948	51.8264399	9.2186116	1.7862266	37.6681191	7.9956578	23.4496377	27.1195683	46.8672175	10.699134	72.3598364999999	136.1607814	33.0252375	6.7799302	42.4197236	40.2248701	42.7573066	83.1243946	23.9889119	71.5075819	29.2601516	44.7707108	20.3752856	34.3198844	11.7488211	73.1685298	60.0874062	26.8801345	16.8351881	35.1940011	43.7589275
K01939	adenylosuccinate synthase [EC:6.3.4.4]	46.6992395	43.7006338	47.3278109	33.3925817	78.8906611	77.6310637	58.606342	66.1152447	57.2872463	118.1227574	75.4069106	46.2403613	58.0953283	42.2600212	13.7504989	53.9469567	40.933554	38.5393886	84.1734196	68.2780939	23.3455617	51.3201557	60.36769517	74.683832	81.1966874	70.4981099	44.1779248	69.0319781	67.438672	38.162421	69.6684553	44.0975158	78.45265484	51.1380069	44.4285575	35.4750627	85.6956294	61.3675689	45.3171729	28.9436972	90.7418128	76.4126688
K01940	argininosuccinate synthase [EC:6.3.4.5]	28.5332259	42.5929608	46.0536766	41.8113013	93.4746637	46.7400131	36.4649109	49.1749463	47.1626408	34.443272	24.3501178	16.3384465	59.1803077	16.4590755	24.917904	13.8642425	32.1126913	27.9878736	48.7504374	50.320644	20.810214	81.8017958	134.9872399	27.0855607	11.4437066	58.068984	46.5022511	21.4780505	28.6468678	21.1900009	98.4572742	38.0702845	43.3879853	10.1032241	40.6054621	14.8460365	77.7405226	36.1844912	52.1561566	27.5041746	37.9314724	50.1706279
K01941	urea carboxylase [EC:6.3.4.6]	0	0	0	0	0	0.14568	1.32034	1.43854	0.854592	0	0	0	0.0708276	0.0667792	0	0	0	3.7549	3.07137	0	0	0	0	1.12686	0.324562	1.01153	0.0877195	0.247848	0	0	0.0895851	0	0.063481	0.0684673	0.141136	0.238307	0	0	0	0.201964	0.848402	0.0759177
K01945	phosphoribosylamine--glycine ligase [EC:6.3.4.13]	40.541954	28.720539	24.0700697	36.9598764	30.2641842	23.5445786	39.5908514	43.3122727	38.0071313	23.5752046	17.68948	37.0746594	26.8832108	13.70927	10.0907303	23.0252742	25.7679003	27.1805645	39.3775059	45.1698402	38.1901201	44.5062971	71.3139701	11.2746096	15.746555	28.964445	29.389843	14.435523	68.5450066	28.1108055	8.3617038	20.9360459	27.1699011	17.1646285	22.2335536	13.2162397	50.2184923	47.5739921	68.6535068	83.117318	62.9265335	29.3065046
K01950	NAD+ synthase (glutamine-hydrolysing) [EC:6.3.5.1]	47.3029544	50.5127877	15.6358494	21.6983291	61.3840535	41.5740928	33.5235544	22.7989429	19.2560529	37.6320445	30.474445	36.2698028	30.8057506	11.2273766	3.5002822	29.2416426	23.9294427	10.497692	29.7571373	62.0362137	53.4955362	38.2707093	43.1362015	8.9935617	18.7561579	41.3320993	39.0238611	18.6791114	58.3520561	13.5015985	32.0393637	33.0980437	34.481011	36.056688	29.7846253	3.1895112	45.0512942	45.3288193	67.7478808	69.3265098	86.7358042	20.2215785
K01951	GMP synthase (glutamine-hydrolysing) [EC:6.3.5.2]	27.0432765	45.1022895	44.4737859	21.0709869	92.9608962	34.8124275	54.1327226	51.4174583	44.0588662	86.9297282	59.0041262	44.3906038	56.8364288	25.0469993	21.300788	53.2030617	53.6522782	35.1386889	40.4032386	48.1246539	15.5044775	52.422185	67.5994566	41.6518978	18.6979117	61.5211985	32.3020761	76.7436565	76.9302978	43.6082441	64.2247452	40.9028764	53.833804	29.8156251	64.7245334	80.7920887	64.9597231	36.8646313	37.3386854	25.2547982	37.0144258	44.3258823
K01952	phosphoribosylformylglycinamidine synthase [EC:6.3.5.3]	8.1891804	9.4523277	19.0797546	17.0604141	9.2002666	23.2022014	36.9513231	28.9874041	15.0969331	58.998865	57.478054	13.04517706	9.9730533	20.748374	11.6094801	12.9120877	32.4018795	13.0286323	17.421723	26.0346887	30.564009	40.2617674	67.8278427	54.1121323	13.4294003	9.3304713	28.6540832	1.6894858	5.7125162	37.4816481	52.8855002	32.1598792	23.5910906	27.3514989	21.4817507	30.9155733	11.0916965	9.36017222	37.2223363	29.7225486	6.9392595	34.4160065
K01953	asparagine synthase (glutamine-hydrolysing) [EC:6.3.5.4]	2.3178861	1.0419531	4.7150525	1.6967334	0.8014298	3.5046475	20.3290879	7.956545	7.5706906	3.539991	16.3715607	3.91313547	5.766943	13.3298477	14.3469848	6.925474	15.2236942	6.4387956	5.0375717	8.036411	28.681566	5.7523724	3.95173029	2.7741574	5.433143	10.15866	1.57816462	2.408809	3.3151794	4.5360641	13.6930931	22.0747363	22.126068	23.567854	3.8239063	6.8586514	0.2529123	1.3853169	5.8012529	0.7263188	2.3901889	9.7683641
K01955	carbamoyl-phosphate synthase large subunit [EC:6.3.5.5]	66.6884717	71.610866	35.6759987	37.5660528	121.9558134	76.4583974	61.4275986	59.9971053	57.1623884	37.6204838	24.2710825	11.5382209	46.2264294	17.8381329	1.760951	16.8054942	23.1747181	42.6185711	44.9540017	86.4975656	54.1259381	80.4242133	133.6814268	37.1412222	37.0529352	64.8908285	65.1626074	18.0262501	12.1013782	35.4498282	62.101517	39.0314743	71.1715761	29.8206951	36.9344085	15.7107195	99.39044	67.6613001	84.1399207	99.9696588	114.2069227	53.8111937
K01956	carbamoyl-phosphate synthase small subunit [EC:6.3.5.5]	40.2342866	27.9992493	49.5687302	86.334854	43.6426081	78.7985701	77.6756068	60.7574377	66.7120643	92.6311054	75.6390423	34.3787218	50.0701926	29.4218695	22.3462853	28.9988371	54.5392313	48.7087015	71.354658	68.7763918	73.337882	63.842867	77.5090401	139.2987693	95.8520783	60.5767159	100.7700244	30.2755366	13.2733762	34.3949382	27.8444757	50.1618305	79.2334036	84.1134696	65.0255573	45.0401165	63.2673527	81.4820345	35.1617046	47.1296587	77.636541	75.9482213
K01958	pyruvate carboxylase [EC:6.4.1.1]	3.970486	2.005048	12.4536428	0.589291	2.6123433	0	0.122527	2.457367	5.63606	0.560527	2.21551	0.154159	7.0715689	1.0543604	0.467526	0.8496852	3.496466	2.3012132	0.660379	6.24432	15.10753	30.0689792	54.8544987	0.4566515	0.33615	1.657068	5.000762	2.82807	2.12117	1.5346166	3.130461	2.088761	1.408104	2.7918586	1.8973848	5.3313598	1.358373	1.977512	3.7770678	7.83508	15.31539	7.5128769
K01959	pyruvate carboxylase subunit A [EC:6.4.1.1]	0	0	0.167534	0	0	0	0	1.4858	0.0838728	0	0	0	0	0	0	0	0.459861	0	0	0	0	0	0	0	0	0	0	0	0	1.97485	0	0	5.84788	0	0	0	0	0	1.77237	0	0	0
K01960	pyruvate carboxylase subunit B [EC:6.4.1.1]	0.947733	0.698859	0.303014	0	0	0.0512282	0.0501941	3.231861	0.1136683	1.0973611	0.117196	3.373324	0.719464	0	0	3.185979	0.532029	0.127236	0	0	0	2.097656	0.726456	0	0	1.732539	0.115527	0	0.0981369	3.124823	0.367265	2.026989	0.835151	0.0515923	2.92467	0	0.483267	2.8997679	6.9931973	0.735286	0	0
K01961	acetyl-CoA carboxylase, biotin carboxylase subunit [EC:6.4.1.2 6.3.4.14]	39.4561723	23.7302388	14.0395075	19.7445407	18.3832752	13.8237869	17.2711188	7.216273	8.703636	48.5605678	41.2310251	5.6123925	9.597029	30.256402	17.597988	3.6804043	4.9504524	8.509796	9.0783394	44.5545594	26.1620479	7.5101376	9.4105209	27.1493421	13.7549498	19.850867	20.4645906	4.1756165	5.759894	6.9453698	4.3075478	5.660689	41.8648954	18.0826859	11.1136938	7.863883	20.4211821	30.4294269	45.4246549	63.4000841	58.703328	14.7764578
K01962	acetyl-CoA carboxylase carboxyl transferase subunit alpha [EC:6.4.1.2]	33.3388544	27.749119	29.1548138	26.9010554	34.5045354	50.025255	55.1308934	32.4589667	48.405055	75.084796	53.6596878	5.7051674	27.4147622	17.0550214	28.5938921	4.120348	14.2604016	31.5072904	40.434131	58.1875766	50.5910676	44.2886344	77.677986	47.988184	27.6124327	21.7544759	36.5295293	9.6231261	3.717587	16.2561566	13.0424687	26.864892	42.0475443	23.7000211	34.4149871	17.2953748	46.5732691	45.0558639	57.6249216	118.5254674	85.1199203	26.4799864
K01963	acetyl-CoA carboxylase carboxyl transferase subunit beta [EC:6.4.1.2]	9.3308348	10.927891	20.5796495	17.5290696	21.4855142	33.909966	41.0870156	29.2155856	41.9286018	59.233105	43.2305033	3.830872	25.2730954	29.7088549	13.3809924	12.5530617	13.6706849	24.9792996	40.4126743	22.374814	20.539903	9.4973971	8.4408522	49.6270074	19.7870324	11.2211548	17.3519547	7.6756434	4.36818	17.4379692	30.9869159	26.554893	26.2993012	14.084524	31.9062497	14.7610513	30.9180941	22.5229659	13.9707309	46.086333	22.6418897	30.5505731
K01966	propionyl-CoA carboxylase beta chain [EC:6.4.1.3]	0	0	0.21146	0	0	0	0.0849358	0	0	0.42773	0.661044	0	0	0	0.0856767	0	0	0	0	0.0533752	0	0	0	0	0	0	0	0	0	0	0.0376284	0	0	0.0698415	0	0.3656996	0	0	0	0.0638567	0.0433745	0.0562442
K01968	3-methylcrotonyl-CoA carboxylase alpha subunit [EC:6.4.1.4]	0	0	0	0	0	0	0	0	0	0	0	0	0	0	0	0	0	0	0	0	0	0	0	0	0	0	0	0	0	0	0	0	2.72747	0	0	0	0	0	0	0	0	0
K01969	3-methylcrotonyl-CoA carboxylase beta subunit [EC:6.4.1.4]	0	0	0	0	0	0	0	0	0	0	0	0	0	0	0	0	0	0	0	0	0	0	0	0	0	0	0	0	0	0	0	0	0.200345	0	0	0	0	0	0	0	0	0
K01971	bifunctional non-homologous end joining protein LigD [EC:6.5.1.1]	0	0	0	0	0	0	0	0	0	0	0	0	0	0	0	0	0	0	0	0	0	0	0	0	0	0	0	0	0	0	0	0.0420027	3.79119	0	0	0	0	0	0.0702288	0	0	0
K01972	DNA ligase (NAD+) [EC:6.5.1.2]	10.731857	35.5502694	31.1843202	18.8309188	65.1595156	12.5533666	19.28947	21.4046303	20.9714212	47.4452929	36.2857825	50.97893852	48.4388682	6.5002385	4.9031843	24.5192671	11.2583832	20.2829618	14.0744967	26.3978049	17.7304041	65.484334	114.418006	33.3244846	21.3430442	34.6895813	43.0559351	35.0521478	62.7793163	22.2630009	36.8686805	17.5624572	37.7357967	24.9658593	26.3957858	12.3274177	11.8250117	41.3302749	20.3461546	17.4099588	16.2369608	25.7831444
K01974	RNA 3'-terminal phosphate cyclase	0	0	2.49626	0	0	0	0.123279	0	0	0	0.0569021	0	2.6822	1.19444	11.4876046	0	0	0	0	0	0	0	0	0	0	0	0	0.0142021	0	0	0	0	8.11707	0.0398155	0	1.22908	0	0	0	0	0	0.126905
K01975	2'-5' RNA ligase	1.10964	0.22654	4.183741	4.1260242	0.661245	0.782379	1.133163	2.13534	0.0622432	1.5142238	0.153959	0.636779	7.4940298	4.72319	24.9911	0	1.1799278	0.174112	0.0830111	0.712204	0.8630929	0.86189	1.7705425	0.0432711	1.29847	0.170184	1.148667	0.374936	0.367171	3.5078499	0.3181179	0.0639168	3.10162	1.187541	0	2.4095	0.603227	6.643932	3.1434807	0.373005	0.320067	1.137496
K01988	lactosylceramide 4-alpha-galactosyltransferase [EC:2.4.1.228]	0	0	0	0	0	0	0	0	0	0	0	0	0	0	0	0.0350625	0	0	0	0	0	0	0	0	0	0	0	0	0	0	0	0	0	0	0	0	0	0	0	0	0	0
K01989	putative ABC transport system substrate-binding protein	8.0016184	5.2700613	22.4302548	30.4239097	19.888056	14.9531534	28.12537	34.2943221	41.459174	61.9077464	56.356292	1.580567	14.6511064	13.8470453	4.9748956	7.2478685	23.9463013	25.2442822	39.4569057	28.5214401	39.0541183	47.5040723	83.2354708	29.4704309	2.0000397	10.1907857	11.9115229	6.8056701	0	10.84028	15.8638495	36.2364941	22.9895707	25.9495845	26.8342103	10.2919751	18.2380923	15.5105213	19.103647	26.1456686	23.4235328	23.6206328
K01990	ABC-2 type transport system ATP-binding protein	146.4204987	174.4614577	68.5858079	293.592329	300.3190102	281.4367558	263.879709	140.9847205	143.3214107	171.4813647	117.8468658	81.7205536999999	170.5402099	91.7524368	68.6183877	92.2616708	133.97485178	102.4870341	139.7071142	194.7816293	217.2612674	164.6527547	202.7850839	105.1933656	86.3559335	179.1099677	215.86974	98.2766578	47.904627	123.29014867	272.3424127	159.6332524	159.5138361	162.7145223	162.3687275	123.9220993	233.8366383	184.3382464	336.4253695	335.975025	156.7326207	164.2939866
K01991	polysaccharide export outer membrane protein	0.7360796	0.778099	3.42684	0	0	0.2935815	1.4839597	0.9348571	0.1256373	1.464286	0.6181298	18.64392	10.7343046	4.19275	14.26719	11.758469	1.044122	0.517522	0.100368	0.0812377	0	3.1763	1.253879	0	0.117748	1.338649	0.4186551	6.0547975	59.371367	4.104248	0.6563702	1.0101318	7.128981	1.6355262	1.56284	3.239601	0.3202553	1.5519541	5.25346	0.72895	0	2.424624
K01992	ABC-2 type transport system permease protein	43.8589349	55.0534358	57.6653675	159.41512218	82.2341643	109.1004018	146.1679067	95.0838857	84.5554865	233.1920492	190.5511826	136.32582878	81.2273517	68.2720025	57.0446288	79.5005479	46.2766406	85.5639126	117.213415	231.8586386	197.5689143	72.7281004	44.4024735	120.027273	67.988597	85.6129236	58.0996109	71.2365478	246.4316314	61.9667218	59.04807533	92.1329261	126.6007373	140.6533599	58.4484932	132.1094493	99.0402586000001	86.4081195	46.7027993	56.5050776	97.6612885	109.0332152
K01993	HlyD family secretion protein	1.431716	2.381935	6.5733904	0.270148	0	0.6474164	3.9499747	2.0697544	0.246392	6.9191636	2.3734604	21.036758	25.154383	9.704799	68.661137	19.4464812	1.63038	0.7192884	0.157741	0.941071	0.463051	6.378824	2.7965718	0.469384	1.479807	4.711166	1.585479	37.57142	55.585468	5.078745	1.0042434	3.228727	24.590774	6.4420818	4.1788834	1.363413	3.2726099	7.589101	7.0195156	1.0148943	0	1.9667582
K01994	LuxR family transcriptional regulator, transcriptional regulator of	0	0	0	0	0	0	0	0	0	0	0	0	0	0	0	0	0	0	0	0.0497757	0	0	0.00932796	0	0	0	0	0	0	0	0	0	0	0	0	0	0	0	0	0.116985	0	0
K01995	branched-chain amino acid transport system ATP-binding protein	9.8371588	13.3156423	25.7946913	35.7916583	20.5982764	2.9402983	9.1044777	15.9926778	12.9777209	4.7336102	11.457862	2.7887009	37.5041422	12.1795678	1.3636612	5.9355072	24.6945127	15.2993942	13.712336	23.6549671	15.352195	54.9466212	93.4849386	2.1876132	0.9177081	14.6832215	24.4982438	9.0545531	4.103513	17.7153292	60.539828	18.9346269	34.6574263	7.8071336	24.4410969	14.2155591	23.3020835	13.8866411	43.9639632	23.3792742	2.9376358	28.0090609
K01996	branched-chain amino acid transport system ATP-binding protein	2.433335	3.976637	12.6915553	7.3317397	14.9699994	30.6889736	20.320826	6.620145	4.5984394	41.7275082	36.268741	4.7050668	20.1595812	12.6487857	30.1408459	4.4083055	7.7620838	14.4752368	13.964516	35.5641361	2.7954442	8.0291937	17.1603074	24.45136	1.5180083	3.7556042	6.1449977	2.1900193	3.4263	11.8612261	26.9655535	11.8697126	50.6478483	6.828788	11.4040244	9.1646554	36.0817856	14.3355156	15.9544067	6.9577983	25.6175903	21.6136183
K01997	branched-chain amino acid transport system permease protein	4.5585811	42.1582601	29.3964092	14.9755949	88.9337441	32.2003655	19.9391063	15.5516498	11.9726377	22.8126751	16.0160436	3.177758	17.3817516	7.7788705	4.4851849	4.8300145	6.6462541	19.6752123	14.1070802	29.3539073	2.38452116	59.3751131	128.1904682	3.0355408	1.5687953	36.8151786	26.733727	3.1239457	3.80158	9.6688356	32.1995621	12.681305	36.6836203	5.8647579	13.653921	9.107556	35.405537	15.008717	15.7745638	7.3513236	24.6199792	16.5794852
K01998	branched-chain amino acid transport system permease protein	17.053653	41.8774019	19.3339732	14.6671394	92.727215	31.562209	19.9384979	20.1733887	18.096095	54.8586659	42.5253992	1.2500318	18.4218036	12.6790441	10.061487	4.2519721	6.1953379	22.1927266	11.5052797	28.1483235	11.619286	32.1724507	64.0389181	25.4222802	14.9034834	33.201699	42.0371342	6.0297989	3.2655	9.9594082	19.2414735	14.6849022	26.997394	12.9244545	24.5624933	14.2738743	8.4872454	7.577338	7.2635799	10.2814195	13.518555	24.9554553
K01999	branched-chain amino acid transport system substrate-binding protein	7.1904187	47.4054124	41.604076	12.6888421	87.2400638	11.3888356	14.9276197	16.6928606	17.2360095	11.661751	10.9953407	4.2486407	25.5576554	15.4176853	36.8775191	6.0493561	9.2531827	15.2058172	8.1850892	14.6585652	12.628566	92.9625078	180.6657753	3.72684	15.2038446	40.0391161	39.7721268	3.3271123	5.48149	10.5898882	11.8869877	9.5101521	43.333768	11.476855	17.7709199	11.7476703	4.9382485	6.3536766	8.0725435	10.5234748	11.044883	13.9230607
K02000	glycine betaine/proline transport system ATP-binding protein [EC:3.6.3.32]	0	0.291855	1.1918056	0.9597587	0.4867139	0.286878	8.87178	0	0	0.370066	0.1259487	0.0158209	4.97856	5.1194775	20.2049664	0.543403	0.193458	0	0.1340439	0.0744484	0	0.2742994	0.179991	0.0535576	0.313012	0	0.261038	0.0429727	0.318006	0.7860625	0.8061677	0.4913866	23.022156	2.26318	0.6100814	2.1890905	0.0800372	0.1417263	0.0102971	0	0	2.620902
K02001	glycine betaine/proline transport system permease protein	0.126133	0.0350649	1.0832989	0.738907	0.2719471	1.0303045	1.6271115	0.4104709	0.166627	2.3402997	2.4397881	0.1479019	5.60862	1.4400658	4.947965	9.064011	0.6345255	0.491503	1.9354446	1.100637	0.57879	1.3082007	1.3215441	0.51156	1.3510562	2.25093	1.4149828	17.1978414	0.8146319	2.2858876	0.2479093	0.6580208	23.30163	3.0097503	0.5385109	1.2413144	2.72527	0.884952	0.0951643	0	0.0859337	1.3700482
K02002	glycine betaine/proline transport system substrate-binding protein	0	0.341898	0.4780064	0.50523	0.1732704	0.891619	2.329225	0.419819	0.312114	2.3424827	2.3987101	0.1448064	3.905431	0.6146858	0.203816	5.269827	0.712145	0.213023	0.341437	0.9276234	0.651452	1.623929	1.41178	0.435989	1.3877542	2.22916	1.11322	18.3932164	3.222288	1.9742227	0.3019359	0.7134668	27.42848	4.9437373	0.5990827	0.9752714	2.35676	1.2009442	0.3465729	0.107876	0.0432446	2.7754355
K02003	NO_NAME	155.8571298	255.6741182	71.6889687	198.4232329	320.4688066	203.9602742	193.3513903	159.1177287	137.6009271	216.4777317	204.0847101	80.880675	129.0349603	89.7872178	40.6082607	93.8335209	97.570401	143.0763039	137.0713803	264.3088766	287.4441441	160.8829414	177.3555283	105.2593316	129.4063645	194.5796637	185.0996547	155.4718766	129.8284948	95.5417289	146.7484616	153.116128	166.5029846	195.0358191	113.146469	86.3266705	235.2596696	174.9911664	195.3729108	241.0308997	258.7573251	148.8316387
K02004	NO_NAME	104.3615882	215.9997412	115.1018051	148.4836583	408.5512941	250.367322	251.2615067	189.0031019	167.8728425	269.2401177	271.379065	150.592097	175.7694556	97.5369796	33.2779711	152.9692838	138.9293101	177.7980434	178.7599959	319.506635	347.9434862	197.0688597	309.7077665	187.0970157	115.8799563	268.8913803	230.3150274	209.3618444	357.877829	113.7174292	192.2101117	176.8910328	154.9706964	217.5406097	142.0829526	127.5350911	217.5379566	158.302113	134.4822565	134.3446143	100.5957787	165.1463181
K02005	HlyD family secretion protein	17.7046978	12.193098	57.051674	10.6034618	5.9966823	19.843434	31.0810371	12.92721	11.2392353	43.267545	37.7064856	75.2302528	32.4179837	11.5740362	4.7678973	49.0357238	22.2602883	12.8755807	9.9706284	11.489014	34.6096378	24.0211624	8.284228	5.095004	8.7870187	33.5949895	12.1269028	104.4179229	150.5295961	40.8576514	13.6726021	31.5031628	22.1848133	37.3151935	11.3377782	6.4950315	16.5184934	22.4752549	13.2943977	14.3640124	12.5367443	8.1993327
K02006	cobalt/nickel transport system ATP-binding protein	0.171258	0.246753	0.109007	0.899302	0.0756337	0	0.0324972	1.9475167	0.0432831	0	0	0.3671456	0.524053	2.0206162	0.0713065	0.836878	1.324003	0	0	0	0	0.2814405	1.742124	0.0455245	0.0683949	0.288014	0	0.113928	0.444863	3.95862	1.3974929	0.1079118	0.0816057	0	0.129099	0.65439	0.106749	0.0695798	1.9982121	0	0.38595	0
K02007	cobalt/nickel transport system permease protein	3.98707	2.315965	5.620887	1.0121397	7.617567	9.45263	7.6950399	10.110619	11.0713014	2.38924	4.956751	19.8153	24.31972	2.5462888	0.830903	2.7463045	9.100812	5.84658	3.477031	13.229023	20.677049	7.765519	5.4198621	4.3765396	30.6655187	7.397706	20.31476	4.4147875	0	12.6066527	4.411451	5.644178	14.820748	14.581018	8.2694158	8.128396	6.312345	22.4189328	11.87956	10.0982762	17.974783	13.8613928
K02008	cobalt/nickel transport system permease protein	1.0405945	0.281211	1.70066	7.608898	3.418045	1.997903	0.905702	6.142875	3.1078679	15.149511	14.018298	0.4069958	2.6329749	2.28498	0.5640911	1.2794052	2.301583	5.93545	4.235176	10.71114	2.843421	0.4288209	2.5522449	24.892956	0.5419122	2.256547	2.3498481	0.3727893	0	7.7437101	2.037937	1.7033809	0.266749	0.331328	5.5581501	3.180988	0.2021407	0.0438386	6.23443	7.869677	1.566735	5.854321
K02009	cobalt/nickel transport protein	0.692546	0.924191	5.168003	1.517392	0	0.127139	2.364584	2.0128848	0.1217661	2.03277	1.9116	0	0.0562686	0.104795	0.0708847	2.550894	1.2773772	0	0.122672	0.7617594	0	0.529792	0.7061714	0.1723386	0.370978	0	0	0.111191	0	4.119005	1.6832683	0.12594	3.9578937	2.030478	1.5095037	1.25511	0	0.058563	2.4849997	0	0.0630651	0.954078
K02010	iron(III) transport system ATP-binding protein [EC:3.6.3.30]	3.5693287	2.694587	4.4626679	1.935355	0.806674	0.151917	3.076213	4.8000085	1.9940786	4.461162	6.886903	11.9512406	3.1755808	7.21076	0.134484	1.3444559	1.902459	7.0848757	5.244671	3.2204833	0.800221	4.2588721	3.2399666	8.1608175	0.9942387	3.951637	1.9005323	1.0742686	28.50432	6.0649322	3.2578995	0.7328535	10.595516	6.5970381	4.067211	0.466434	3.4403934	6.3886296	1.1236893	1.0555379	4.0119601	11.4862186
K02011	iron(III) transport system permease protein	0.2262297	0.132647	2.5380225	1.3340373	0.2548923	0	1.766604	1.8570686	0	1.1472814	2.0209558	11.529144	1.8437274	1.555463	0.0521411	1.1539281	1.6354174	4.598063	0.612694	1.7088682	0	3.5777211	1.4749341	1.5425922	0.5689151	1.0275232	0.9317916	1.4569503	25.547823	2.7808545	1.570498	0.1857028	1.0648076	0.6627306	1.6968316	1.9506841	0.817801	0.9246208	2.1238765	0.7702162	1.6557197	1.5590521
K02012	iron(III) transport system substrate-binding protein	0	0.2680796	6.8596538	1.404211	0.247121	0.2459973	3.5587738	2.1648252	0.0348775	2.56457	5.124983	13.097	0.4667037	7.7790469	0.655695	2.7397777	1.00708	5.3259278	0.850329	2.2635454	0	5.4340641	1.3564547	1.4736328	0.693121	1.1772751	2.017597	1.7171937	32.70061	2.21644	2.539139	0.2282539	19.4113487	0.8185112	2.8538122	0.303355	1.417932	1.2342891	1.89248	0.3612037	0.9233555	3.5367299
K02013	iron complex transport system ATP-binding protein [EC:3.6.3.34]	25.7797375	14.5801409	29.8450284	25.6299759	10.380989	34.1259114	49.0549486	23.2101538	23.1826726	113.1690665	104.0464567	11.9055263	24.6931348	27.5720308	40.3956394	24.3197914	22.8341553	27.7273895	27.2109804	42.0247583	38.044033	13.7016637	14.4136777	48.3422697	21.1360831	17.3299936	11.131199	30.6292093	19.951031	20.4261538	22.8331287	36.7076227	49.8473711	43.9954726	27.8137256	13.6453766	18.2800901	22.9734213	38.7940311	74.8384651	66.0591213	49.0742677
K02014	iron complex outermembrane recepter protein	3.181117	2.4860605	5.5552712	1.1428	0	0.24397255	2.2466676	1.8474241	0.0921581	6.00299228	6.7834128	27.674119	9.7474891	5.0888246	17.2328689	21.887642	0.743671	1.27075	0.2531426	0.3876161	0.264829	6.899917	2.5997064	0	1.802073	3.507132	0.6349542	12.1886297	59.1078494	4.5591111	1.8784536	6.28855128	21.7202566	1.0429127	4.1812178	0.962443	3.1660473	5.7471562	6.2958889	1.0472735	0	2.6908039
K02015	iron complex transport system permease protein	15.6347983	12.0851506	28.8302766	26.8947875	10.1213076	8.4090663	25.5644567	22.4387389	17.851069	59.3018365	71.2895076	24.8983824	39.3755628	15.8964591	37.6064142	30.503651	6.1231337	32.895251	33.3939139	22.3974147	4.2489293	13.54571563	10.9769356	51.4223796	6.9548576	21.4554049	10.3249895	24.9732233	7.1490626	26.7956758	10.14604245	11.1629076	37.6566992	14.7824145	21.0624358	11.1790493	14.6404446	20.9117389	23.4339052	19.3567777	21.4275396	36.3148943
K02016	iron complex transport system substrate-binding protein	20.397172	12.5629588	22.5689231	31.4898525	9.575502	10.493673	26.9741015	19.8841251	13.0398472	49.7379756	74.3669394	64.4338251	35.9912555	41.999223	45.9327555	38.1939002	25.0347633	19.686178	19.5913199	30.2099312	38.1807281	18.7567327	14.6935447	27.7590916	7.7518112	21.6570092	10.0017114	36.0399075	107.7633323	28.6625367	18.8980198	36.0196823	48.8574269	48.6164045	17.5357573	12.0376646	14.9205899	30.0425397	21.3079038	10.4109421	19.2664544	30.9476204
K02017	molybdate transport system ATP-binding protein [EC:3.6.3.29]	35.103494	20.992436	9.5886599	19.3135432	14.7999245	15.2848622	18.104935	16.8271813	16.3762936	13.8063554	22.384486	2.266883	12.5873769	16.9103888	36.7988462	4.2773898	24.4589593	7.9459943	8.096601	36.214492	56.3587817	5.7358984	7.188876	4.9913406	7.4751013	8.898833	13.4813585	4.0357862	3.458042	13.5355244	12.5006931	25.674795	32.5341366	32.1450531	7.241567	8.274427	17.0649216	22.8143209	49.267807	63.0256761	52.142774	2.3052642
K02018	molybdate transport system permease protein	30.1562018	20.3418863	3.224011	33.675123	18.1998017	16.2353953	15.772221	16.4249682	11.4377942	5.9639123	10.0813	1.6856761	5.4502892	6.734301	0.839187	1.9365883	8.968206	12.8116	10.4918746	27.528072	20.908096	8.0972063	12.8055078	5.8714628	9.770611	11.860256	20.741767	2.0239792	5.073914	14.6489209	2.866893	7.4141889	19.768598	9.1776946	4.681475	3.179399	16.069849	24.0979536	51.8774964	54.9954147	47.7427096	6.4434374
K02019	molybdate transport system regulatory protein	37.890065	22.1335751	4.7036687	19.192752	16.97494	10.386881	10.334699	8.2162987	9.61725	7.7763114	7.309032	14.553537	11.118981	9.627678	17.153977	3.009988	4.403284	3.6720896	5.490092	33.91518	23.6964916	10.767984	6.7333529	0.979257	6.47149	9.3034998	10.602175	4.796836	30.590127	8.4304444	15.4291904	7.53252	20.488263	9.6834531	5.7624929	4.685699	19.850945	28.7198581	62.9194772	64.919006	46.520663	11.0600561
K02020	molybdate transport system substrate-binding protein	17.418495	12.629068	13.2518319	33.551361	19.1310796	6.9914085	13.0259006	22.9002691	22.5387291	13.5728614	33.916422	3.6318856	32.0142287	19.3957548	4.5390284	6.402795	41.7156603	5.811045	21.3760409	35.031621	54.878775	18.9299601	18.0359946	9.2401704	2.034935	17.9202381	26.0787054	9.4807835	4.2767354	17.9313163	66.2457649	40.0066249	29.7618626	29.1814946	30.1934693	16.8013862	20.1748454	13.481712	43.9554251	29.8174738	14.74508	19.515359
K02022	NO_NAME	0	0	0	0	0	0	0	0	0	0.0586462	0	28.1913	20.9599	0	0	3.56392	0.308619	0	0.0584475	0	0	4.7272	7.70468	0	0	0	0	0	0	4.00403	0	0	4.89138	8.05079	0	0	1.47506	27.5403	2.38012	0.216319	0	0
K02024	maltoporin	0	0.310922	10.3183635	0	0	0.5279498	4.8750229	0.0963428	0	0.7050881	1.64174	0.0172775	2.60541	7.00145	9.95206	0.779795	0.7593716	0.116954	0	0	0	0.0937099	0.5721438	0	0	0	0.3307922	0	3.8757	0.0145314	0.878399	0.0148949	5.622346	1.8178363	0.6447099	0.94134	0	0.135572	0	0	0	2.076171
K02025	multiple sugar transport system permease protein	18.9390828	50.7496013	22.3673845	60.0560581	348.6447275	142.1864308	65.3066353	43.8654317	34.9685553	18.2789796	12.357574	8.5537921	41.5987318	27.8394172	17.9221438	12.2375809	22.0508244	34.5505378	19.5481495	85.2096167	37.4483101	62.5156257	142.0027447	9.6745452	5.4183676	70.2149057	90.3924244	7.3241192	5.400173	15.3800744	100.2569434	38.7428072	81.8657528	30.1280937	35.0539381	27.0157123	56.4605695	25.7984378	43.7938642	4.8946655	78.4298044	26.7881657
K02026	multiple sugar transport system permease protein	13.1339116	49.8661022	25.6950243	59.7488098	236.2481792	52.6696364	25.7294452	36.0343376	30.3011225	3.1741901	7.0359481	6.2089068	45.7516719	3.6347101	0.3305815	7.8187956	13.6858499	21.5764962	15.6736002	42.0246928	5.8036962	56.1660501	96.7468581	7.624335	4.5093131	74.7276023	74.8915394	5.3114387	1.06708	15.9192453	51.9491196	22.6359455	59.717511	7.5588309	30.1105149	4.7810172	54.3172971	18.2125252	40.360772	11.0789497	38.8544082	23.3640724
K02027	multiple sugar transport system substrate-binding protein	85.7140925	86.069806	35.894633	73.6270849	152.6273095	185.9397634	107.1732011	66.0278383	63.0785987	31.6139182	29.1553869	6.7354542	56.5832071	17.6427143	13.5769378	12.9158828	43.7474849	52.5823873	50.6613636	109.3827042	101.8051441	56.4208641	108.9510924	51.3479267	41.9064575	97.9267821	126.4615601	12.813196	5.66215	26.9478185	40.6400576	54.3593971	78.6173689	46.2783648	39.7293413	47.8282419	156.6852798	99.7919598	72.8399611	123.9554804	132.5377645	55.8873312
K02028	polar amino acid transport system ATP-binding protein	63.8169832	72.9268698	39.0176347	69.8587862	129.7697037	61.4595006	35.3143331	38.9305742	28.3937171	28.4399026	23.8816689	9.8347388	51.095454	20.4757724	2.4265153	16.3158584	33.7393875	19.1461372	19.1228729	92.935845	45.2586631	109.537303	154.0095608	14.4000831	14.170138	61.5528594	78.4617853	16.4540479	0.351679	28.6713163	148.7213533	46.8094783	70.2505045	19.2273663	47.4599047	22.1258619	83.9474287	62.8442435	116.2342251	92.6811164	79.9071635	49.0102835
K02029	polar amino acid transport system permease protein	103.0168369	93.9258011	64.3137211	42.4677722	99.1657587	65.5413835	68.6422928	47.5877773	57.4681371	121.9787322	84.2598403	29.9648998	53.0601216	25.9452693	4.188416	10.9146095	20.7760536	50.0580459	50.3241307	129.6661322	92.1989756	140.2185186	264.2671089	97.8290928	53.5994089	54.1080414	85.4858433	18.3258383	7.6397499	26.808318	34.9708722	37.2989403	71.4849389	50.4656272	51.2817541	28.4274777	89.709834	112.5757317	116.619015	172.4530857	173.0000388	46.9646877
K02030	polar amino acid transport system substrate-binding protein	65.3315947	136.9442158	75.5648401	158.408254	307.9834869	136.3682968	128.3443698	146.5915843	159.3813327	73.9984149	81.5473227	33.4176689	121.9491177	56.1876849	15.1100151	20.0538819	125.124426	97.2259918	108.4768496	157.8503978	180.5666128	137.2886838	236.0159228	123.1125944	116.3918852	177.4315371	247.0661905	43.7884958	13.0491474	61.1382463	159.8403749	127.945444	149.5721278	144.1254365	142.6655649	69.3661766	165.7115923	140.4818361	166.7607619	173.923995	134.2872256	92.2320019
K02031	peptide/nickel transport system ATP-binding protein	36.4120799	37.7421768	20.6029599	60.8267434	73.2304011	38.2328725	24.5367952	36.427491	26.1284838	8.7053776	17.0208767	4.3386847	47.2024742	10.0338761	8.1728143	13.0837919	38.0476817	20.7211591	23.414563	40.5443796	34.0465755	47.7379588	57.9776638	25.550442	7.4406369	38.0084029	50.5218226	17.1987726	1.627152	30.0810122	81.293202	38.9877029	19.4475799	9.4016527	33.9128441	28.0012303	25.8482796	12.7100815	58.0277675	43.3446261	26.0287811	40.8786599
K02032	peptide/nickel transport system ATP-binding protein	24.363441	42.8095001	13.7551839	44.7563	77.0332852	17.6714428	12.2858652	21.6582795	14.5382742	5.2613975	7.466768	26.0988936	52.031732	6.923752	13.5060945	7.8956432	23.3559065	8.995917	6.024247	31.6518081	17.5506297	35.5688935	57.3261661	0.9312297	3.8189838	33.599921	48.2327373	10.2432635	0.765372	20.8602608	70.9477537	22.7579736	21.9580529	14.635447	29.900754	9.8211007	18.2847184	27.91059	47.6432761	18.7461486	5.364452	22.376007
K02033	peptide/nickel transport system permease protein	33.2293152	34.1728568	25.1234042	89.8264745	47.2124851	76.1079147	61.0383927	45.9774178	51.6753337	13.9048949	33.2195693	31.6590151	44.0767292	54.0964615	15.3375201	27.9551407	68.6320185	25.2228716	29.2021477	57.0551214	75.4229903	48.6544088	40.1758247	25.807813	8.5736154	29.4346658	82.2653578	15.8644637	1.972228	38.6186809	95.8834116	69.4293383	21.170134	33.6806463	48.008358	28.6164893	45.6303395	23.4667809	66.4754518	87.0782296	27.9098549	41.3178506
K02034	peptide/nickel transport system permease protein	43.9677746	59.2104524	27.3881614	111.5533646	130.5743533	48.0209485	34.0883669	45.6386782	38.5813861	16.4127042	38.6211442	36.0781522	64.8246962	32.5812239	24.625281	27.5573985	74.4466568	27.3864129	23.6478894	89.268036	74.0822005	75.6319612	93.1379438000001	7.6250979	5.8941961	53.1019972	80.1302412	23.8744534	6.085905	47.5117919	156.8616314	80.3754462	44.9213061	37.5445784	64.1087033	33.4110439	64.4903271	34.2744118	108.1233301	53.9212472	43.248175	47.9709603
K02035	peptide/nickel transport system substrate-binding protein	15.1636674	11.7095203	19.568806	42.7731135	20.0466642	35.5480071	42.3263331	19.7946769	21.6717725	12.716455	37.4923371	26.7779094	25.4598857	39.9291585	16.5507622	20.974765	48.9786584	24.5020377	29.2395768	23.2296338	41.1747387	35.6336897	25.68607122	15.8593702	5.7269701	31.6360965	56.3881104	7.7778517	9.080435	24.3903326	27.6051753	48.2119681	13.7609705	25.859021	19.6179316	34.35679	22.0361223	14.8466548	19.2930217	30.3928688	35.9293057	16.5155874
K02036	phosphate transport system ATP-binding protein [EC:3.6.3.27]	69.3798057	89.2089427	38.0058491	88.9903623	165.5855822	71.2001076	51.449813	41.5838068	31.0765793	70.0685634	59.0933729	39.8976744	81.2212236	25.9676957	16.9327405	34.1571933	42.6682323	35.0172406	26.2414249	115.6920871	55.8661841	118.1037041	184.5281206	45.541768	11.8134075	66.6031405	91.6524971	50.8659304	67.3131112	43.5515956	179.7487523	56.8168165	78.418698	27.8028964	62.2934859	35.6791822	106.4414751	79.9811475	145.8998416	105.4599051	92.801307	86.1594209
K02037	phosphate transport system permease protein	25.9589317	14.5390906	19.4696223	65.8326024	32.7310375	35.4779283	27.6111703	34.379527	25.8162515	44.148059	58.4220306	6.814224	30.7969081	23.1110857	7.067593	10.741728	46.154803	17.0239997	15.709667	50.8047713	51.043578	27.0162598	32.3547768	25.4511917	1.5094613	22.676889	39.5418604	12.9474527	4.163877	27.0593052	83.922218	51.652964	27.7027423	34.095204	43.4282242	22.9920136	33.1062282	19.7033764	65.212086	30.063234	11.750066	41.0395837
K02038	phosphate transport system permease protein	63.350981	80.902333	37.470557	67.4431816	151.795485	64.6880785	38.590669	34.5082579	27.805202	47.7234085	37.6647309	33.1208004	59.0707149	16.1914519	13.43244	15.379051	26.3684007	24.6703694	16.1961235	91.438239	44.0881421	97.2941334	164.3490177	27.4879681	13.176957	55.3449222	74.5106362	28.7713109	57.888328	20.9512605	108.2306857	39.1663186	58.261616	21.9103936	45.9235312	17.5221072	79.4386981	61.7707972	105.5133809	88.3248839	87.7947569	47.984685
K02039	phosphate transport system protein	50.546537	78.4577013	38.3232943	60.4714027	141.9687717	50.556659	32.0764836	33.3517706	35.268952	16.2619706	15.6562363	8.7733778	49.175488	14.9940226	16.8055275	13.9950163	28.638277	22.6787528	14.680182	87.7532092	56.0373281	83.8223216	150.1871037	5.9095361	12.7635561	67.3933377	73.5073084	14.3871517	8.785616	17.2140999	102.9539884	36.0790208	70.9091946	19.6983594	41.6458485	22.5785324	66.0500519	58.453681	109.0127404	99.3519955	90.58934	33.6450028
K02040	phosphate transport system substrate-binding protein	58.1879608	75.985381	25.3161208	33.8535191	120.074226	96.2026995	75.5906376	45.4110071	54.312545	30.7443036	13.8528231	23.3518417	32.6626968	11.5465766	3.0324092	19.2003988	16.8899212	33.44500096	41.7092964	76.2596002	42.728026	41.5184996	75.4073312	35.357014	19.041768	66.1836592	82.4189911	16.7590047	60.6831414	16.2571087	65.0367546	38.6726864	68.3772765	18.7932634	43.4985416	8.1802426	92.4172695	66.2677952	77.8912832	112.1734693	95.2908727	24.721916
K02041	phosphonate transport system ATP-binding protein [EC:3.6.3.28]	4.7590647	1.184222	4.1577976	7.6442711	1.452744	1.1873928	8.6779402	1.5764309	0.8961015	1.5142427	2.40839	0.639028	4.675689	6.501735	25.9753	1.960501	1.095094	4.1835927	7.006249	3.2268926	1.7612244	2.0676184	2.2921812	7.66078369	4.9881689	1.585414	3.8870886	1.9298552	6.60996	6.9722395	3.7381882	0.9487644	33.4775642	5.1919984	0.7377654	2.9578417	1.4716731	0.7185986	0.6697795	1.209041	3.3410292	6.6017567
K02042	phosphonate transport system permease protein	0.3242009	0.3161979	1.97275	1.252826	0.2906848	1.9227866	2.682155	3.2254888	1.2816319	0.750295	1.12133	0.0932236	0.64554	4.666421	8.77368	0.130195	0.582235	6.9822458	7.39124	1.425033	0.6312538	0.7100142	2.1109635	2.28242	1.177947	2.775427	0.9293541	0.968243	1.38635	1.8298131	0.590974	0.6761408	26.5756737	1.5217102	0.196583	2.5950455	0	0.5140092	0	0.461485	2.8006261	3.2809065
K02043	GntR family transcriptional regulator, phosphonate transport system	0	0	1.59171	0	0	0.0298698	0.203205	0	0	0	0.188424	0	0.224304	3.24209	27.5205	0	0.42839	0	0	0	0	0	0.0395426	0	0	0	0.192921	0	0.593466	0	0.0240753	0.0252067	4.81381	0.451348	0	0	0	0	0	0	0	0.575266
K02044	phosphonate transport system substrate-binding protein	1.2312206	1.175133	3.1846054	0	0	0.0223192	1.135625	0.4485815	0.1942535	1.0440156	3.023167	0.0840763	4.959958	2.00706	7.1024004	4.347944	0.384458	0.60386209	3.003985	0.2223429	0.0108905	0.4816918	0.2579768	6.2233	0.441337	0.7873468	0.3440016	0.270165	1.449953	1.6713448	1.476313	0.653255	9.7952131	3.12572	0.4003357	1.5259462	0.458453	0.771171	0	0	0.6356655	2.8935668
K02045	sulfate transport system ATP-binding protein [EC:3.6.3.25]	29.03043	24.748673	4.753867	18.7017752	18.73195	35.275213	34.1776679	8.6070429	16.310594	7.253649	7.55904	0.0241041	3.659953	11.1938233	4.503714	0.643647	9.737354	13.1996613	16.06152	32.57837	27.03828	5.7673784	5.934019	22.6078	14.108282	16.631445	44.7045877	0.910548	4.22402	7.2477039	5.345425	11.9325912	28.760418	10.594631	13.126226	2.4986271	28.6585	28.082288	42.0715893	76.9020088	44.554435	1.829952
K02046	sulfate transport system permease protein	1.849357	7.182657	7.2813585	9.48011	5.67394	25.467656	26.593556	4.334639	10.7447212	1.3613128	4.60663	0.093418	12.419668	10.96765	25.24028	4.667152	9.5790433	6.288266	11.06935	6.4135	8.33177	4.1842803	2.446834	22.902976	5.758655	7.841115	29.2199752	0.202961	0.470682	4.717917	4.9645188	7.823826	7.865656	3.784359	11.062782	1.592627	12.92876	6.50559	6.13378	28.585164	3.66569	2.605275
K02047	sulfate transport system permease protein	28.23298	17.358895	9.851919	9.76917	19.44325	10.757046	23.13681	22.0533738	31.659928	18.675405	5.039042	0.07912192	13.683689	9.189023	15.963704	0.3736685	2.3064702	16.561726	23.16578	25.25959	24.74054	2.5689192	3.461039	1.6876184	8.815527	11.799015	13.520813	5.274801	3.92054	3.5872104	2.403438	12.07588	29.45489	9.358323	12.455017	1.43872	28.9814	29.3801728	37.054825	67.356487	49.030739	6.900493
K02048	sulfate transport system substrate-binding protein	0.538238	1.080566	6.883342	4.6008948	1.942911	2.892487	7.357699	4.0117419	2.986183	0.2087137	0.913499	0.3618016	10.7879206	9.772203	28.4234745	0.588418	1.6002334	3.5323191	2.700531	0.791834	0.997914	0.7097072	0.6345306	2.4699801	0.631312	1.596838	2.5802082	0.3219072	1.660301	2.1488275	1.130391	0.586272	23.057521	4.0828329	0.8511491	2.668604	0.148207	0.0181894	1.84666	4.5736696	0.97527	4.139377
K02049	sulfonate/nitrate/taurine transport system ATP-binding protein	4.7424892	3.0075508	6.6848146	6.2185263	1.277612	4.821791	6.511819	9.1842993	7.8157478	2.9843752	4.949729	2.5999384	10.9577156	3.1377164	0.4742275	3.1165317	10.292192	6.8301516	6.3164243	5.5974196	14.2850029	6.2631659	5.2458464	3.5218018	0.7245543	3.754423	4.2178219	4.4240306	0	9.2126878	4.7371525	5.6368146	2.1042318	2.6525684	3.861825	6.28897	8.4328013	6.3243855	6.7502978	14.1172069	16.0399007	3.8536362
K02050	sulfonate/nitrate/taurine transport system permease protein	9.6211235	5.6624153	11.4530034	12.5096221	4.4026542	7.719096	19.1145169	17.7669476	18.2648151	5.5786848	22.537018	2.3752946	17.5000187	10.589738	4.1575568	9.5558948	25.36309	11.380696	15.1159104	14.9535546	50.578021	6.6236417	6.4749111	3.5874383	2.1786527	8.6448872	9.9397476	6.7089749	0	15.462453	14.8969112	24.5902761	5.7661579	24.1795665	7.3889534	13.7547698	9.1206864	19.5440001	13.9227836	28.4822968	27.9228012	5.3754656
K02051	sulfonate/nitrate/taurine transport system substrate-binding protein	11.4960209	9.97808	17.1039514	7.1839057	10.461921	34.2315959	34.7675653	21.3686946	24.0411143	9.284411	28.893307	2.5493283	18.3345106	16.0882158	5.7363505	10.9429935	32.669215	17.3890028	20.276334	26.3892399	57.1570626	13.51564	9.2929227	25.6539123	21.8055548	15.6321279	33.7189371	10.2998858	3.86155	19.0762703	21.2275559	36.7605873	28.3044952	31.0191073	18.0696597	11.2839794	18.6813364	26.5999954	21.7953955	28.814971	32.1642267	23.9883957
K02052	putative spermidine/putrescine transport system ATP-binding protein	0.496151	0.537279	2.086451	0	0	1.5012819	1.694762	0.61653	1.12937	0.407166	0.836141	0.3517777	3.825294	5.278716	9.219413	0.619111	2.347136	0.931134	0.829966	1.797243	1.2446	1.7533134	1.7960356	4.96499	0	0.326459	0.5607087	0.1312121	0.44409	1.88951	4.640322	0.981921	13.71249	0.302153	1.1130863	0.772742	0.130699	0	1.57221	1.45209	1.22053	0.612088
K02053	putative spermidine/putrescine transport system permease protein	0.5898315	0.6268785	7.7069326	1.7505851	5.82194	15.7873832	8.6635251	9.4086036	7.7505989	1.122641	4.6270075	1.2284675	16.965364	3.3384791	13.2573	0.8698723	3.297284	6.491452	2.161477	4.593657	1.98165	21.045654	51.3352263	5.28222	0	27.477418	26.7589167	0.3211491	3.093959	1.4930997	7.72929	3.1223081	15.367788	1.1898962	0.943356	2.989207	0	0	7.9366374	2.154217	0.954695	3.5208428
K02054	putative spermidine/putrescine transport system permease protein	0.794418	0.779146	7.686532	0	0	1.5732738	2.4395602	10.269099	8.57798	1.5600151	5.3748667	0.5950463	11.480887	5.505228	12.851551	0.9806361	2.9709618	7.2458649	4.13698	5.7142348	1.957189	21.8037665	53.9637154	5.84378	0	30.285726	31.0670778	0.702586	0.556063	2.0831362	12.674652	3.7779616	7.6071819	1.847373	1.650705	3.710761	0.490145	0.202114	1.8638554	1.6956311	1.16045	3.761193
K02055	putative spermidine/putrescine transport system substrate-binding protein	0.554274	0.801736	3.786166	0	0	1.6320062	1.5846906	5.4716987	5.01924	0.8138378	2.057761	0.3391227	8.002476	9.385229	11.718481	0.600682	3.526325	4.0418777	3.526866	3.3378569	1.6945347	11.6481318	27.93678398	12.9205	0	16.779445	16.6402072	0.4262538	1.7310763	1.7933323	5.325467	2.2157843	36.182086	1.3141725	1.253031	3.771011	0.0682221	0.2082074	2.098073	1.8785579	1.28084	2.996128
K02056	simple sugar transport system ATP-binding protein	56.0911136	27.7382708	17.9955978	80.212926	42.4605362	70.0629254	42.7575465	33.5672489	43.5942101	40.7647212	37.8663653	4.7715421	25.978318	19.806469	14.4888074	6.7056315	27.5327772	25.9342875	20.8675742	66.0380791	63.5740639	22.7330577	22.7837844	47.7284964	37.2343991	27.7635479	69.3350177	11.9411402	0.400669	20.7289457	19.5870327	32.3354563	36.4478861	35.0755602	22.3005231	26.0830745	44.4764215	40.1017955	50.7079142	72.0385639	25.8250005	31.3379593
K02057	simple sugar transport system permease protein	119.982568	72.3969325	50.6358098	194.4188882	128.2545633	150.9160113	122.5831462	94.9801993	94.7232943	89.5585407	89.0103089	15.6536887	49.2312902	49.1769335	25.8546975	19.2993839	83.8908421	85.4647288	95.6947186	167.1286736	174.0015297	57.18562421	44.9432542	165.9897333	141.8804439	98.91913575	170.3785315	36.1456886	28.8439361	55.2610839	43.2418284	81.8004622	111.0435699	131.3484921	69.6589969	80.5856768	125.2526219	120.1975741	123.3319033	167.7019333	107.441141	106.4811844
K02058	simple sugar transport system substrate-binding protein	46.7224349	24.2790681	12.686456	53.6961605	34.004338	45.0641551	30.6081848	18.78843769	18.129515	10.1965234	10.7066226	1.52278752	9.5270502	9.6447253	15.5655435	3.687955	7.7300702	15.3364058	12.253377	42.306017	37.479293	8.5288035	9.1182569	21.0256438	22.002389	19.1930594	37.7169121	6.3472098	1.20711807	10.8962143	7.2938534	13.2270011	42.1429356	19.7418327	3.3276159	14.314481	30.4781211	30.8245559	44.7394736	73.707564	17.992177	9.903124
K02062	thiamine transport system ATP-binding protein	0	0.1619557	3.1615857	0	0	0.0216156	0.5311649	0	0	0.664275	0.923121	0	0	0	0	0	0.368834	0	0	0.10165	0.0376381	0	0.2217156	0.187014	0	0	0.0498235	0.208015	4.54918	0	0.165866	0	5.0835787	0.3474516	0	0.117088	0	0	0	0	0	0.6284505
K02063	thiamine transport system permease protein	0	0.377396	1.40491	0	0	0.0218774	0.517731	0	0	0	1.24036	0	0.264045	0.8942387	0	0	0.374592	0.0951002	0	0	0	0	0.151391	0.1749034	0	0	0.129523	0.031545	4.68426	0	0.238089	0	7.713397	1.01225	0	0.25134	0	0	0	0	0	1.06591
K02064	thiamine transport system substrate-binding protein	0	0.357656	0.0392822	0	0	0.0169931	0.217429	0.0882017	0	0.585853	0.87467	0.0117216	0	1.578214	0	0	0	0.145772	0	0.069201	0	0.0117584	0.147598	0.211094	0	0	0.154024	0.0338282	4.93524	0.0774485	0.0982668	0	5.390284	1.92449	0	0.0390886	0	0.0737304	0	0	0	0.385631
K02065	phospholipid/cholesterol/gamma-HCH transport system ATP-binding protein	0.329042	2.16995	4.16262	0.7621404	0	0.3522498	1.483616	1.8020555	0.0557282	6.66242311	1.752406	21.35083	10.333774	2.39218	6.53193	13.9008613	0.5059177	0.8513639	0.956878	0.9614392	0.139804	5.208431	1.0508075	0.1165862	1.39048	2.171338	0.615932	19.94842	63.454665	1.2590627	0.8922602	1.5781083	8.5914127	3.4098239	2.7191046	0.564754	0.4669127	5.1137305	4.5970101	0.7425927	0	3.355467
K02066	phospholipid/cholesterol/gamma-HCH transport system permease protein	1.00333	0.930092	5.6470474	0.84629	0	0.452737	3.4038244	1.432796	0.131088	2.7905128	1.6080122	35.5634889	30.613104	6.20872	14.5356	13.159602	0.9496305	0.6840485	0.22133	0.521891	0.160775	6.2060712	7.7410102	0.0658382	0.0928479	2.275337	0.29423	5.087487	0.613744	3.9639052	2.98671	1.986661	13.943531	10.048436	3.940426	2.3496686	2.121592	27.7754768	8.0136127	1.4411658	0	2.27532
K02067	phospholipid/cholesterol/gamma-HCH transport system substrate-binding protein	1.275745	3.103169	4.4492124	0.582269	0	0.734258	3.804895	1.7648995	0.286755	8.776636	5.799965	6.514658	8.6296666	2.6920005	3.645094	13.7518125	1.868025	1.650164	0.2659761	0.9818324	0.8635071	5.9497423	2.470223	0.432799	2.433579	5.443159	2.209951	33.458665	9.5046356	3.5003635	1.0784457	3.147756	20.519292	6.2880924	2.6104964	2.4017111	3.3566753	7.1844735	5.6145124	0.9852728	0	1.4468631
K02068	putative ABC transport system ATP-binding protein	0.597861	1.674742	4.0815824	0.8848632	0.558198	1.7307536	0.620202	0.490817	0.0353455	1.8910987	0.923024	16.97899	23.967716	5.6294286	23.8059	4.1818897	4.876188	0.069332	0	1.551055	0	2.6740858	4.454164	170.6517471	0.650985	0	6.866941	5.0293325	54.65158	1.750682	4.9998462	1.1196568	9.2939316	0.452104	16.3539465	4.314317	0.4390351	0.261109	0.1847043	0.4686497	0.492814	10.85134
K02069	putative ABC transport system permease protein	0.0919717	0	3.5822247	0	0	0.3133744	1.91082	0.4377009	0.120164	1.8852659	3.251135	0.24652	13.13223	6.029445	31.694847	9.280702	0.789328	2.672777	2.875453	0.345511	0.629702	1.4485606	0.922677	0.5488362	0.972753	2.4810012	0.885335	17.77883	3.215942	2.09326	21.259187	2.8049631	12.27764	4.06411	0	2.315858	3.0143138	0.750807	0.1666597	0.0812399	0	5.0927132
K02071	D-methionine transport system ATP-binding protein	46.3522142	26.1780298	26.8341394	26.3504898	30.9660432	50.4288149	38.1390167	9.4370018	7.3939063	32.3143099	23.7585502	7.7197297	13.2162318	24.5696783	15.0941829	5.8553794	3.646347	9.3179261	10.3230502	46.9932094	25.7166672	50.2132745	92.5780885	20.0366123	13.2380899	11.6286879	21.2568141	6.5408173	14.670753	14.8590675	34.9177796	11.3047947	60.5557655	16.0913945	8.6385944	13.2749223	29.5559865	37.1522745	54.048333	60.3654727	72.3809782	23.2261288
K02072	D-methionine transport system permease protein	42.3686525	54.7580651	26.2449924	28.0007018	86.1437972	40.1237233	27.090554	16.7240635	16.2637049	11.4356292	12.8615474	3.9805162	22.5743196	6.997666	4.3809338	3.669736	3.9694579	18.3759416	13.960365	52.9834713	28.3914998	61.1805366	126.0311196	3.3726931	11.724998	33.9098994	39.2415242	5.0479517	3.411313	11.5727814	45.2988104	15.9991858	55.5810674	14.1631064	12.347934	6.2509963	22.1077133	33.6039958	55.69452847	65.9573306	71.0761075	10.5315528
K02073	D-methionine transport system substrate-binding protein	13.5642561	31.5443778	26.4926822	18.8291494	68.8889378	46.130491	28.4146556	16.2084403	12.6977751	3.7105623	7.013466	3.7675282	19.9405736	31.6911525	25.2434818	5.2298085	7.215703	14.3873552	9.4822372	25.3944158	6.1120309	59.9202719	119.2657968	25.1286382	1.1736684	23.115706	26.079707	3.726076	12.6440395	6.3920964	24.2907826	13.382517	33.0945407	4.2279316	12.5232646	12.6071735	9.4077576	3.6897645	14.601331	10.502584	22.1787	11.332506
K02074	zinc/manganese transport system ATP-binding protein	0	0	1.760194	3.0949856	10.2263783	24.1041	10.7067683	0	0	1.24767	0	1.37772	3.50662	0.1237483	0.0965593	1.6835657	0.322272	1.10676	0.411962	17.0174	0.340465	2.5511945	9.3485854	0.584991	0.4186288	0.463627	2.4552097	0	0	1.026432	19.4572515	6.6518978	19.57134	0.390584	0.908576	1.6778056	25.9686	11.7126	10.7317	0.479247	19.2216	4.8195622
K02075	zinc/manganese transport system permease protein	0	0	15.670233	0.4506781	0.6339529	0.745012	0.3996213	0	0.0497688	1.0630717	0.6904228	0	0	0.1799502	0.0496469	1.57563	0.299994	2.90795	0.539642	0.3482708	0	40.3155039	79.75448	1.086989	0.6754416	0.0343951	1.0759985	0.0595668	0	0.8295505	3.5195449	0.958776	6.524113	0.442404	0.1608511	1.321146	0.0409455	0	0	0	0	4.2416696
K02076	Fur family transcriptional regulator, zinc uptake regulator	0	0	16.7009777	0	0	0	0	0	0.0600819	0	0	0	0	0	0	0.0938098	0	3.01911	0.563895	0.045086	0	51.2049	93.9774	0	0.0465491	0	0	0	0	0.0585869	0.326382	0.633783	0	0.0899024	0.045826	0.694958	0	0.280355	0	0	0	0.0620044
K02077	zinc/manganese transport system substrate-binding protein	5.56214	31.502491	21.5833528	6.2663677	59.6532377	7.5106571	3.5488492	8.76492	6.9364896	1.2096934	0.492223	0.1710322	5.608023	0	0	1.5076941	0.9221141	6.5100114	2.094485	3.494686	0.255349	57.1943978	123.201179	0.4007277	0.767911	18.396036	21.2629165	1.0878042	0	0.7917893	5.132155	3.6271127	1.4158615	0.0841668	6.26581	2.583835	3.97315	1.2002	0	0	0.115497	5.0783429
K02078	acyl carrier protein	96.231775	69.9373742	47.0147666	99.2801688	68.5938645	36.4398772	53.973786	41.4429839	33.7293092	140.7138943	126.2707057	151.6019439	120.9471731	63.0885048	57.6296934	86.7278648	49.5888881	31.7470344	33.8761235	124.1349223	79.7467001	70.8287439	57.63664353	70.2179801	27.777606	89.8171759	109.3779014	142.09716803	210.8214335	62.4563653	170.8696444	55.8681262	101.70122293	71.7385121	104.2595938	52.9275823	76.5075122	134.0489588	150.6902602	143.4720155	105.6133241	66.5853998
K02079	N-acetylgalactosamine-6-phosphate deacetylase [EC:3.5.1.25]	0	0	0.9969878	0.0178259	0	0.0370882	0.752345	0.0716765	0	1.0974633	1.840046	0	10.96658	4.17328	6.40395	0	0.0770606	0.0490612	0	0	0	0	0.274368	0	0	0	0.0874138	0.119128	3.2127	0	0.1420428	0	7.54483	0.4208232	0	3.051114	0	0.0947344	0	0	0	1.093666
K02080	galactosamine-6-phosphate isomerase [EC:5.3.1.-]	0	0	1.30239	0	0	0	0.0595782	0	0	0.0273652	0	0.0233061	6.08139	1.21122	12.5339	0	0	0	0	0	0	0	0.011778	0	0	0	0	0	1.06148	0.0501491	0	0	4.11635	0.180782	0	0.793814	0	0	0	0	0	0.157529
K02081	DeoR family transcriptional regulator, aga operon transcriptional	1.523086	1.8843453	4.389086	4.792972	2.220034	1.8996421	1.6581164	2.5116341	2.655724	3.3491848	2.6424567	1.5917713	8.0138079	4.915595	20.9547908	1.0906002	2.648373	1.2705449	1.02828	2.0028557	1.9145796	2.220394	2.3178415	0.463369	0	1.550683	1.005017	0.232139	0.718108	2.6190742	1.5634932	2.898064	4.9520198	2.0346652	2.68535	3.428331	0.2002102	0.4406477	1.176944	5.20395	1.41897	1.096433
K02082	tagatose-6-phosphate ketose/aldose isomerase	7.24147	7.50134	5.5940711	25.601188	16.209039	0	0	10.6598	9.05362	3.470138	5.2692601	1.77742	16.7631	11.135148	1.4549899	2.1582064	16.1762466	2.244076	1.513925	18.075833	10.2697	12.1475391	12.893352	0.0541678	0	9.26414	17.8114547	5.8511528	0.123474	7.57612	45.5840846	13.2906	4.152842	1.752736	3.5758856	5.58016	14.7831	9.46683	35.8469	15.5049	0.0496431	14.060688
K02083	allantoate deiminase [EC:3.5.3.9]	0.0810853	0.137736	3.6774888	0.145407	0	0	0.1303974	0	0	0.774907	0.2031115	0.0541928	6.04344	0.617486	6.32539	0.145933	0.122125	0.0250553	0	0.1936731	0.0874546	0	0.07367	0.13439	0	0	0.2700333	0.1683957	0.205702	0.330819	0.2024981	0	2.04273	0.295701	0	1.428483	0	0.0142146	0	0.179126	0	0.4031733
K02086	DNA replication protein	0.174401	0	8.225137	0.430473	0.5344591	0.778618	0.362202	0.0416296	0.129615	11.305338	6.5467606	0	0	0.3445482	0.1072714	1.0969517	0	2.051939	2.882136	2.1855667	0	24.2969341	50.581956	1.0831355	0.5864377	0	1.00424	0.140551	0	0.825863	0.966756	0.386655	6.0177769	1.055005	1.0108924	5.412416	0.113318	0.0827161	0	0.1414058	0.271038	3.4209278
K02099	AraC family transcriptional regulator, arabinose operon regulatory	0	0.350648	3.05575	0	0	0.131528	1.01064	0.0300075	0	0.0242438	0.642524	0.0250649	0	3.51056	5.9399	0.101762	0.218317	0.0447033	0	0	0	0.0197848	0.110071	0.0133886	0	0.0111188	0.185046	0.160152	1.39717	0.0418291	0.234909	0.0205409	8.3386637	1.65076	0	0.69833	0	0	0	0	0	1.62153
K02100	MFS transporter, SP family, arabinose:H+ symporter	0	0	2.5388	0	0	0.340401	2.39048	0	0	0.251418	1.1781	0.0106341	0.209813	2.46156	0.837348	0.2681503	0.13111	0.0547444	0	0	0	0.0133516	0.199449	0	0	0	0.147171	0	3.67229	0	0.398308	0.0155316	9.6680126	1.64388	0.327104	0.171083	0	0.0126408	0	0.112757	0	1.81922
K02103	GntR family transcriptional regulator, arabinose operon	2.9434233	4.33451	7.579782	1.3395551	1.5672428	1.887886	3.2020706	7.5726747	16.274949	5.094996	2.71953	1.9120108	1.103404	1.7824118	0	0.1466993	0.797878	7.906091	9.7858998	2.0082903	0.427996	0.6082772	0.1185658	45.0622777	26.7260131	16.200256	5.3645239	0.853956	0	3.0736934	1.4627402	1.178577	13.4747647	2.5143034	2.4333895	4.5718	3.1435	6.727721	0.520857	1.7636584	30.0296923	11.980684
K02106	short-chain fatty acids transporter	0.58544	1.424853	0.862903	0.0724251	0	0.9958999	1.326348	0.5429833	0.833136	0.57871536	1.69197	0.2407029	0.9386546	0.7570903	0.0746384	0.619366	1.8818191	0.704524	0.8318831	1.333314	1.044174	2.011092	1.9646489	0.08505	0.0857057	0.36327	0.7852439	0.4856061	3.34837	0.8737018	1.2723072	1.27683	10.921235	0.75381	0.790215	0.1444	0.22041	0.8498962	1.4144151	1.488026	1.0093201	2.111447
K02107	V/A-type H+/Na+-transporting ATPase subunit G/H	2.122181	0.669781	2.7228049	1.335072	0.538043	2.888966	10.551668	7.62055	5.264419	20.054196	31.80885	0.271214	0.762744	22.323315	11.0856982	3.173817	19.987012	0.798514	0.7614125	12.09727	34.6193	0.310704	1.6003353	1.398512	0.0952373	0	0	0.382496	0	7.539868	13.023236	29.725316	5.0390273	29.904104	5.4503432	7.911	0.137671	0.262513	7.88061	0.165545	0.579901	1.137107
K02108	F-type H+-transporting ATPase subunit a	74.3691855	49.2378721	41.9908341	140.6880546	84.0317296	76.5728338	58.483943	49.1599826	45.4617286	41.535539	45.1605866	26.7994517	58.57833	51.0409385	6.8861393	20.7298095	67.1424913	38.6601664	32.5084224	120.7720295	119.3937171	85.3291404	114.6632239	40.0612149	61.4713641	65.3353116	128.4237952	30.672212	57.80487	44.4366391	112.5532317	68.5603332	79.4405241	57.1130292	70.4156137	56.6563083	82.062751	76.5542411	140.2144636	124.2567126	110.0734792	67.4514102
K02109	F-type H+-transporting ATPase subunit b	39.4417378	75.0171566	41.6282769	76.2115671	160.0845246	70.087	51.5756215	38.0415306	32.234975	76.1618741	64.0593729	61.751499	98.9574355	45.6915449	35.1827728	41.4725056	45.873895	29.5530397	20.4342143	97.5646877	38.2304484	73.5317766	118.1784077	32.8933074	27.3999097	77.7487786	87.0637703	64.8344852	60.4119103	42.6250261	147.4861878	55.066859	80.2026747	38.2865249	63.0160814	31.9149501	82.6463195	75.896066	89.4441884	38.520374	52.559166	62.7217651
K02110	F-type H+-transporting ATPase subunit c	157.1514777	160.6804645	50.1100429	82.2928133	230.2945182	149.9250732	96.3702121	67.641701	63.4282298	42.3311941	48.5917195	95.8361145	129.2734408	66.6405375	57.4412114	50.2371891	38.3892482	66.2014621	61.50897804	200.4404645	119.8452042	86.6506767	159.7603837	14.19311238	51.1332709	116.1025746	119.7810724	79.7560564	31.3640068	53.5544524	114.4060138	59.051132	143.5153419	77.524167	57.0130487	36.2347025	183.5596976	219.65182	202.6643282	222.37721205	251.3732697	76.7582492
K02111	F-type H+-transporting ATPase subunit alpha [EC:3.6.3.14]	70.1434579	78.7888231	42.3856194	83.4707596	149.8017833	90.2773506	77.6005723	55.356698	59.788913	97.1899928	72.5211415	33.4955489	61.6027942	35.2732424	21.9455069	39.8160063	25.9339908	52.9417958	60.8029963	103.5307714	64.784722	100.2254892	158.7696528	43.1519327	32.1255122	74.394082	65.6837859	55.2963584	38.9133253	32.3688725	62.6526845	44.83701	78.8686548	39.7265452	44.8889626	35.4642583	98.1392637	68.8927207	76.3503437	91.0536442	122.5758463	63.9761573
K02112	F-type H+-transporting ATPase subunit beta [EC:3.6.3.14]	99.7765523	105.1079931	68.7518298	53.3846644	146.6359703	74.1543854	72.9591263	61.8017317	70.3067071	102.0355076	69.7125927	40.9766212	83.4853079	51.420662	29.021605	43.147026	37.5158945	49.973931	54.548005	127.4553086	72.6799759	93.8571161000001	150.6141209	36.0260435	37.3511939	73.9795816	75.1221975	47.1313902	62.3190285	42.1824897	85.2626103	54.0297866	82.3885956	42.2365896	72.4989658	93.8515588	134.8844921	97.2160229	115.5100606	152.9241315	165.9058854	64.0817492
K02113	F-type H+-transporting ATPase subunit delta	72.876234	90.1258707	53.6505913	85.8114426	155.1063138	76.5154099	63.6987362	49.8127417	42.9361763	84.8503448	90.4266266	33.4656502	83.4882553	34.3208342	39.8811159	34.6319046	60.7214196	36.3754125	30.2132935	133.4368841	98.5813945	101.5384099	171.3339243	32.6464379	16.7240424	67.1491043	94.4374308	58.1498103	70.364875	36.7541301	153.258178	73.2852856	81.8560846	55.3314464	59.1659723	30.6640472	95.7197895	74.1854265	132.6343889	116.753425	110.8102744	68.286631
K02114	F-type H+-transporting ATPase subunit epsilon	10.0375032	12.184641	22.5835735	39.0110863	15.766562	14.4134272	26.2539273	34.8126638	27.5868376	83.3594567	63.7336897	29.5398427	37.0526493	42.5725902	26.0794211	17.808549	25.0097881	28.0559131	30.6850653	29.3190175	10.2047011	36.9908856	42.2836379	43.1982807	13.2992365	17.510774	14.7671984	38.4373255	77.451175	27.3585525	72.7320438	29.685847	44.076275	26.9526628	19.7548248	21.0786528	34.2314633	32.3272374	17.1380385	13.78216	31.6681053	45.5872852
K02115	F-type H+-transporting ATPase subunit gamma	75.7589236	91.9243465	42.184884	106.2429102	158.6009896	89.7491821	71.5036319	54.789471	48.3590873	82.360977	84.9160448	61.8853423	83.0461614	58.3482454	35.875315	34.2085537	54.897438	39.7011571	35.213294	128.2250214	81.9601223	98.9427285	181.0545528	33.8052926	25.81117453	82.645426	92.6817701	39.8493292	65.6886904	43.1952067	140.3462118	70.9121046	86.5939596	62.2729421	57.9177201	44.4933025	96.7369856	101.0668365	133.8553638	99.2486443	107.0826176	74.4871839
K02116	ATP synthase protein I	0	0.547814	4.580991	0.681846	0	0.287802	1.06685	0.0401549	0	0.310532	2.441667	0	9.15497	8.37814	37.2219	0.641542	0.555781	0.0751847	0	0	0	0.5658306	0.474192	0	0	0	0.3809945	0.579538	6.84427	0.199728	0.877593	0.1968032	26.4797	2.3953534	0.125357	3.46831	0	0	0	0.0749907	0	2.970413
K02117	V/A-type H+/Na+-transporting ATPase subunit A [EC:3.6.3.14 3.6.3.15]	2.0366714	2.530018	1.5302411	1.8985592	0.5836494	0.453953	0.8702021	11.8362727	4.0365158	21.77491	12.512986	9.5676895	2.6164346	1.2188726	0.3586289	8.234893	8.1905708	1.0333702	3.139637	3.9309886	0.7111713	4.4169914	2.9265491	1.9337612	0.3541662	3.8774322	1.539464	3.388745	29.36491	15.1945213	1.9322423	2.329833	0.914926	2.7139812	4.5565503	7.046808	0.9678207	3.7985011	15.4445237	4.9162403	0.559915	3.8824255
K02118	V/A-type H+/Na+-transporting ATPase subunit B	56.8056525	41.6161083	10.9106832	103.6171921	59.479186	73.5965803	65.1858195	41.2200576	40.745796	51.794074	40.9378234	86.9483615	26.8919126	53.3414438	10.8287101	32.4363036	42.6591507	36.4565724	34.0499816	94.9004262	103.8084961	42.7285778	23.7860073	59.357026	62.8800537	59.8098202	114.2050214	48.9460403	91.34417	38.4559861	17.6537694	40.3417105	45.8613625	55.6611421	35.5008746	34.2043543	54.4873208	59.9767897	76.4133247	115.2330352	108.059536	25.0981682
K02119	V/A-type H+/Na+-transporting ATPase subunit C	1.4812821	2.09577	1.5063816	6.3462186	3.0458948	3.997019	1.254939	13.798115	4.6018391	2.4186479	3.0368724	1.824242	3.9353203	0.6657104	0.3712666	1.6848232	7.8363	4.623877	3.9971747	1.9866243	2.6671746	2.4222331	3.9638655	6.1998915	0.9096787	14.303751	2.9242316	1.057543	2.518263	14.685754	0.454652	1.174994	0.49328	1.1860139	1.9088042	2.808696	0.1816749	0.2854759	10.7102925	8.8071888	1.8425591	1.3137882
K02120	V/A-type H+/Na+-transporting ATPase subunit D	2.4006167	6.622024	3.8905696	20.2054797	9.8224727	20.796997	16.858204	17.542349	12.41708	17.825873	11.9900039	3.953953	9.7726296	9.078853	3.7755606	2.4961277	12.5468519	10.6570762	13.8073019	11.211969	7.0382299	7.406244	6.4773016	17.192852	4.4667373	19.2949674	19.4826908	2.5811428	9.21458	19.6454467	5.0218695	10.237496	1.752555	2.486108	7.9931557	8.3453268	10.539684	8.9813054	15.8089715	24.3483121	6.4538817	11.4278866
K02121	V/A-type H+/Na+-transporting ATPase subunit E	2.909029	1.752877	2.0768957	2.2109945	0.4101842	2.709178	13.056566	17.5855485	7.8339481	8.19161	23.0911122	22.8860133	10.3677624	12.0741011	4.6792305	19.8328837	26.7472235	1.6154413	0.1717067	11.5200667	34.106641	10.0010086	4.8065345	2.0989003	1.1261851	16.58619	1.5131687	20.5570064	76.476843	20.0461678	14.4507149	26.5001745	8.13835	31.9280285	9.6850366	1.9694823	3.946816	5.185517	21.319885	4.629226	0.5970709	6.1259546
K02122	V/A-type H+/Na+-transporting ATPase subunit F	47.6131835	34.646629	1.157449	17.831112	22.3745	23.008691	16.162	10.6582982	8.651806	10.254813	8.3712622	2.8668132	6.216478	4.2036609	0.531289	0.167043	2.625611	8.625941	10.249457	48.359973	37.88461	6.562753	8.8983468	2.6974559	12.055008	14.853024	25.503015	5.780136	2.451363	12.437126	0.908003	7.662234	20.743608	16.352275	4.7346786	0.4049045	33.8191467	48.807421	65.543854	95.403335	88.002448	10.5650946
K02123	V/A-type H+/Na+-transporting ATPase subunit I	45.9882793	31.981124	5.0176538	21.5218307	21.8054431	25.9231947	35.7614294	25.2920457	20.8330282	21.5701603	44.8244958	35.8480063	9.1604978	24.6353714	9.5392105	24.3359084	37.6388236	6.9515134	5.6264226	61.3114525	96.58261	15.7548273	10.5251153	5.8435431	17.7874915	29.5575571	26.7283259	20.2251672	82.5355033	21.147129	27.0279997	54.9107408	28.9019558	67.3989103	16.8578927	4.6642624	28.4917352	43.5784057	72.4888231	82.2588452	68.102816	8.6426999
K02124	V/A-type H+/Na+-transporting ATPase subunit K	4.1435497	13.6555145	7.461996	23.2389862	13.5314778	53.40956	57.2509	22.4703549	26.8397196	5.8661484	28.7672435	2.292289	11.847031	43.006318	9.1246183	7.1109603	41.9754145	15.9404201	22.7564	25.4447985	55.2446534	10.594406	7.1365928	42.6847937	17.4700005	17.6749497	56.9841128	2.724943	0	17.4397812	25.188413	49.7472134	8.599694	34.892809	29.3641207	7.1626398	25.2720424	19.8793419	25.85777	56.0468527	11.7706441	13.0859969
K02125	F-type H+-transporting ATPase subunit 8	0.242525	0.143393	1.38752	0.037104	0	0.049137	0.221525	0.0749953	0	0.0165882	0.052677	1.27889	0.373343	0.229164	0.0328548	0.22468	0.127185	0	0.0176931	0.151028	0.0320835	0.0546552	0.0258064	0.0958199	0	0	0	0.132209	1.71504	0.253423	0.0482752	0.221308	0.0423171	0.0310041	0.0456507	0.0264102	0.0180209	0.1401	0.170515	0.298159	0	0.0445269
K02128	F-type H+-transporting ATPase subunit c	0	0	0	0	0	0	0	0	0	0	0	0	0	0	0	0.147623	0	0	0.0233698	0	0	0	0	0	0	0	0	0	0	0	0	0	0	0	0	0	0	0	0	0	0	0
K02138	F-type H+-transporting ATPase subunit d	0	0	0	0	0	0	0	0	0	0	0	0	0	0	0	0.0817858	0	0	0	0	0	0	0	0	0	0	0	0	0	0	0	0	0	0	0	0	0	0	0	0	0	0
K02150	V-type H+-transporting ATPase subunit E	0	0	0	0	0	0	0	0	0	0	0	0	0	0	0	0.0703759	0	0	0	0	0	0	0	0	0	0	0	0	0	0	0	0	0	0	0	0	0	0	0	0	0	0
K02160	acetyl-CoA carboxylase biotin carboxyl carrier protein	69.1918073	51.4972184	9.8178651	82.6438705	60.413021	24.104549	28.2659501	13.806215	17.732953	26.3307013	26.711145	9.3305876	75.1037711	41.7262819	34.5131829	7.9085309	43.1063065	11.8826928	13.2051285	100.5100574	76.7613975	48.3848197	48.4999179	26.6797983	17.3146375	52.123425	79.9673774	15.7746359	3.6914948	35.1185784	111.9770221	36.5771698	48.9044308	25.1382167	53.9774015	34.8272416	59.2553428	65.3076406	167.8740483	149.502385	89.303029	41.1130526
K02161	apoptosis regulator Bcl-2	0	0	0	0	0	0	0	0	0	0	0	0	0	0	0	0.0397504	0	0	0	0	0	0	0	0	0	0	0	0	0	0	0	0	0	0	0	0	0	0	0	0	0	0
K02162	hematopoietic Bcl-2-related protein A1	0	0	0	0	0	0	0	0	0	0	0	0	0	0	0	0.0232492	0	0	0	0	0	0	0	0	0	0	0	0	0	0	0	0	0	0	0	0	0	0	0	0	0	0
K02166	secreted frizzled-related protein 1	0	0	0	0	0	0	0	0	0	0	0.0513624	0	0	0	0	0	0	0	0	0	0	0	0	0	0	0	0	0	0	0	0	0	0	0	0	0	0	0	0	0	0	0
K02167	TetR/AcrR family transcriptional regulator, transcriptional	0	0.508949	8.2582	0	0	0.364001	1.98975	0.0328963	0	0.797598	0.473344	0	5.42028	3.85659	21.0943	0.929797	0.420278	0	0	0	0	0	0.187362	0	0	0	0.235658	0.0761585	0.860123	0	0.561333	0	14.64714	0.463059	0.671434	0.628779	0	0	0	0	0	0.637668
K02168	high-affinity choline transport protein	0.0646975	0.222467	5.507187	0	0	0.1584803	1.5149784	0.0107106	0	1.899176	10.103894	0.05427352	1.5396339	1.86979	5.79804	0.399434	0.2810263	0.5738714	0.273164	0.300601	0	0.0102082	0.1094416	0.2535857	0	0	0.0733062	0.8171615	0.3015475	0.0490218	0.5936611	0.0553582	2.6020955	0.576771	0.351765	0.467723	0	0.00827754	0	0	0	0.634518
K02169	malonyl-CoA O-methyltransferase [EC:2.1.1.197]	0.240029	0.4259705	0.9268271	0	0	0.141297	0.8727209	1.088897	0	1.2270872	1.125616	16.7703439	11.0397483	0	0.0868513	9.32913	0.447814	0.2477963	0	0.203094	0.136507	2.431557	0.5456841	0	0.434458	1.2030669	0.170327	7.6807326	43.89867	3.288011	0.3308178	1.084302	18.845309	0.4429593	2.8173577	0.454464	0.4917368	2.2212816	4.2101828	0.7426411	0	1.603294
K02170	pimeloyl-[acyl-carrier protein] methyl ester esterase [EC:3.1.1.85]	0	0.669551	11.0503	0	0	0.3904509	2.31273	0.2268295	0	0.0445681	1.789322	0.118591	5.16456	5.19187	23.357	0.581706	1.151135	0.0255766	0	0.0340525	0	0.027085	0.1845004	0	0	0	0.369654	0.417637	4.11135	0.0518395	0.4310737	0.0153663	15.79894	1.509979	0.6101793	2.501389	0	0.1619547	0	0	0	1.698665
K02171	BlaI family transcriptional regulator, penicillinase repressor	2.36972	1.419552	2.14384	0	0	0.779586	0.0717016	0.965345	2.5858814	0.334887	1.17439	0.135062	4.420574	7.074293	3.508791	0.0694375	2.52661	0.27365	0.0978026	2.231219	9.77134	0.971656	0.922356	0	0	0.699007	0.910749	1.73328	0	0.593139	1.28556	1.10025	0.2034565	1.42504	0.237441	4.25463	0.309181	0.35063	0.82769	4.92027	11.0178	0
K02172	bla regulator protein blaR1	0	0	0	0	0	0	0	0	0	0	0	0	0	6.47175	3.17531	0	0	0	0	0	0	0	0	0	0	0	0	0	0	0	0	0	0	0	0	0	0	0	0	0	0	0
K02173	hypothetical protein	41.727	29.216375	1.116925	15.2264	20.6873	17.6133	14.204119	3.84072	6.7387	9.41587	6.13285	0.0477537	0.548201	6.30489	0.236867	0	0.954276	3.94068	4.85075	41.5498	33.6817	3.250257	5.234273	0.110292	1.20176	7.38192	2.920329	2.22933	0	1.506	0.90159	3.67532	21.73565	15.036312	3.25432	1.64249	26.9511	38.037	53.5301	78.3137	68.2369	0.225096
K02176	secreted frizzled-related protein 2	0	0	0	0	0	0	0	0	0	0	0	0	0	0	0	0.0501128	0	0	0	0	0	0	0	0	0	0	0	0	0	0	0	0	0	0	0	0	0	0	0	0	0	0
K02182	crotonobetaine/carnitine-CoA ligase	2.92042	1.112703	1.97552	4.05686	0.453206	0.3772514	1.046563	0	0	0.220121	1.717702	0.4194219	0.6061371	3.094839	2.592297	0.0857164	0.5767215	0.095598	0.0572639	0.821815	0.732494	0.75696162	1.70351	0.173129	2.14976	0.181968	1.145556	0.799755	4.130472	0.930012	0.4911622	0.217521	9.98484	3.4526283	0	0.0962393	0.754973	0.625725	0.196731	0.242708	1.09513	1.366227
K02183	calmodulin	0	0	0	0	0	0	0	0	0	0	0	0	0	0	0	0.130462	0	0	0	0	0	0	0	0	0	0	0	0	0	0	0	0	0	0	0	0	0	0	0	0	0	0
K02188	cobalt-precorrin-5B (C1)-methyltransferase [EC:2.1.1.195]	2.6036469	2.04446	7.09074	5.1270097	1.7548182	5.4331972	12.556754	17.7166029	7.7474497	15.004113	21.4433667	20.6060002	6.6045988	9.2153238	3.4827667	17.6601582	21.8774926	4.260754	4.3203088	9.391388	25.6595212	5.7246845	3.2368221	3.4826426	1.5682796	5.2860997	2.5824683	23.204534	52.441306	18.5811548	10.8742075	24.3072171	15.74729	24.6801987	8.8309257	4.1568861	4.4361149	5.5849293	22.787625	10.286348	2.3017291	4.4917693
K02189	cobalt-precorrin 5A hydrolase [EC:3.7.1.12]	8.7117806	7.6068012	6.67061	19.9082	11.328952	3.5160362	2.1754803	23.9481995	19.1404584	2.9107266	6.042099	1.369128	7.7275848	4.8865612	0.8081593	4.1327464	19.7039803	4.3380254	4.7961129	5.4237905	22.4870746	3.262033	2.815474	3.202459	0.5076459	9.6345821	17.8461943	7.7301519	0.0567175	16.9413142	19.529839	6.4259353	4.5214462	3.8908127	10.4356847	9.6848318	0.4497308	1.1017749	29.8082	22.8563862	15.7813553	16.7851552
K02190	sirohydrochlorin cobaltochelatase [EC:4.99.1.3]	1.7644003	5.1890482	2.406596	10.874489	6.4500221	17.506457	15.636816	4.784393	3.710483	0.603779	1.995517	2.24518	2.6594629	1.634155	0.756999	8.2168774	5.420972	4.730619	5.941608	1.462138	2.4239194	5.343047	3.6342957	2.5733279	0.3198096	2.0919305	3.0866097	0.3936686	0	8.6645908	4.515019	6.968205	0.460143	0.7303182	3.5704563	2.3133297	8.4715399	4.8893522	11.368433	8.0173	1.047578	0.0955313
K02191	cobalt-precorrin-6B (C15)-methyltransferase [EC:2.1.1.196]	0	0	0.123055	0.147023	0.10132	0	0.0783027	6.9167319	0.456225	0.314228	0.127978	0.0324306	0	0.1023798	0	0.2402125	4.956817	0	0.0394303	0.123017	0	0.183093	0.0586175	0	0	0	0	0	0	8.60022	0	0	0.034631	0.040242	0.102972	0	0	0	7.95563	3.20015	0.121626	0
K02192	bacterioferritin-associated ferredoxin	0	1.20519	9.65218	0.289652	0	0.932355	2.923299	0.391832	0	0.0486164	3.07147	0.186836	21.6071	11.1292	92.2943	0	1.02268	0	0	0.0199333	0	0	0.182366	0.0299742	0.0621212	0.0296781	0.76458	0.555957	6.6662	0.410108	0.202357	0.18891	23.27207	3.685503	0	0.400097	0	0.225242	0	0	0	3.997765
K02193	heme exporter protein A [EC:3.6.3.41]	4.19785	0.863093	1.77537	7.087762	0.9161	0.5087605	0.71984	0	0.165225	0.3902637	0.934965	0.321125	0.705945	0.416284	2.13392	1.376832	0.1583151	0.0904566	0.0575025	1.12125	1.23596	1.422014	1.438404	0.284755	2.87828	0.545233	1.4850279	0.390907	3.846874	0.4961487	0.513501	0.2668386	19.90147	2.909374	0	0.497504	0.820798	0.7528438	0.748122	0.730923	1.24159	0.720116
K02194	heme exporter protein B	4.8463229	2.0903686	6.3024859	6.553156	0.966711	0.5539006	0.949151	0	0.164204	0.77347	3.120013	0.8162613	4.953324	4.2891388	16.4435	1.413561	0.9488699	0.3978446	0.377916	1.4993921	1.0098268	1.4454344	1.2614445	0.167475	2.33004	0.437479	1.85132	1.442544	2.920316	0.43607	0.730254	0.179914	16.712009	4.774502	0	1.42194	0.97027	0.5065785	0.224202	0.260787	1.72387	1.952242
K02195	heme exporter protein C	3.49609	1.865699	2.2486671	7.184185	0.890831	0.641291	1.562948	0.104955	0.0975243	0.300031	1.307605	0.379088	3.631208	3.59457	13.1743	0.983573	0.406984	0.111869	0.0666696	1.10933	1.31416	1.6220391	1.633666	0.1888811	2.75314	0.464741	1.641657	0.758049	5.464325	0.5886304	0.804699	0.1836802	25.645592	4.57278	0.3306141	1.12126	0.872057	0.9625987	0.4591232	0.381474	1.60405	1.727121
K02196	heme exporter protein D	0	0	8.23764	0	0	0.419559	0.411089	0.146937	0	0.0735476	1.66372	0.140127	21.7422	16.1279	71.9302	0	0.613606	0	0	0.0545012	0	0.284812	0.820645	0	0	0.106103	0.573435	1.38989	6.97626	0.461372	0	0	49.384351	1.83101	0	5.84193	0	0.146407	0	0	0	2.25696
K02197	cytochrome c-type biogenesis protein CcmE	0.0886875	0.37184	7.482574	0.568043	0	0	2.401427	0.0451735	0	0.6902059	4.9824906	0	0	1.38901	0	1.798527	0.435427	0.5312663	0.347732	0.179513	0.0378396	0.433691	0.1915805	0	0	0.0148161	0.182457	0.9732233	3.2739302	0.104857	0.8907585	0	19.63968	1.286611	0.4574206	0.708113	0	0	0.1911051	0	0	2.186988
K02198	cytochrome c-type biogenesis protein CcmF	5.1082033	1.85922	5.6343719	6.248453	0.907505	0.3788379	0.638216	0.0144669	0.1953099	1.3137823	5.508314	0.3989233	2.602819	2.397688	5.83288	1.3747827	0.728685	0.59148992	0.243811	1.663849	1.030778	1.3366828	1.321326	0.2510548	2.06125	0.29761	1.638747	1.3498909	1.126237	0.4233293	0.8152374	0.3362035	14.3417265	3.0843919	0.1615876	0.533988	1.09411	0.6477184	0.716499	0.615115	1.361879	0.403636
K02199	cytochrome c biogenesis protein CcmG, thiol:disulfide interchange	0	0.420931	3.21209	0	0	0.0411333	0.721577	0.0319141	0	0	0.137742	0	5.69967	5.24282	27.5122	0	0.406063	0.0341885	0	0	0	0.0418841	0.0603415	0	0	0	0.316232	0.0411618	1.42013	0.0820082	0.200869	0	16.197009	1.9239	0	2.16822	0	0.0260409	0	0	0	2.06324
K02200	cytochrome c-type biogenesis protein CcmH	0	0	1.74987	0	0	0.0167579	0.0910497	0	0	0.0228666	0.178574	0	3.03062	2.01164	14.0893	0	0.265013	0.0202319	0	0	0	0.0141544	0.00942431	0	0	0	0.0389203	0.138527	0.800386	0	0.0705896	0	20.171582	0.308834	0	0.600757	0	0.0171045	0	0	0	0.243692
K02203	phosphoserine / homoserine phosphotransferase [EC:3.1.3.3 2.7.1.39]	12.1260724	6.2341845	8.3867699	39.1904372	22.6988761	28.79277	17.3738571	24.88361	26.078868	4.4092044	10.431874	1.3887613	12.9245071	5.27969	1.764522	3.17987	17.04079	26.700695	19.3063992	42.8838947	33.7667841	14.02584	11.9555149	18.222897	26.68722	27.3176576	38.048557	5.7319886	0	11.950097	8.0113602	17.70341	20.942024	16.902539	20.722366	13.8714756	23.1558287	12.1762229	20.206764	15.07411	26.119105	25.485044
K02204	homoserine kinase type II [EC:2.7.1.39]	0	0	0	0	0	0	0	0	0	0	0.184178	0	0	0.0440383	0	0.112209	0	0	0	0.0582056	0	0	0	0	0	0	0	0	0.442094	0.561365	0	0	11.1857	0	0	0	0	0	0	0	0	0
K02205	arginine/ornithine permease	0	0	0	0	0	0	0	0	0	0	0	0	0	0	0	0	0	0	0	0	0	0	0	0	0	0	0	0	0	0	0	0	0	0	0	0	0	0	0.0534541	0.0760544	0	0
K02217	ferritin 1	17.2060344	28.617758	19.5358405	1.0799535	1.10662	5.6753977	10.9839481	34.2021093	23.728234	29.8537276	18.768335	42.1858193	17.434387	7.0792341	10.5285591	31.0432519	38.2153342	27.113883	17.016895	5.5119245	1.593666	24.2335515	6.1910987	43.7941327	31.338677	22.746437	7.2249089	50.163326	60.542045	30.827314	7.2609584	18.0845482	25.073433	25.3932378	16.100204	20.3791285	15.271624	20.5586504	12.5054997	6.4405702	21.1598857	31.274062
K02219	cyclin-dependent kinase regulatory subunit CKS1	0	0	0	0	0	0	0	0	0	0	0	0	0	0	0	0.01052079	0	0	0	0	0	0	0	0	0	0	0	0	0	0	0	0	0	0	0	0	0	0	0	0	0	0
K02221	YggT family protein	13.7704663	49.6498093	21.3846475	18.8864485	118.9083886	56.8286609	24.8459884	17.8755171	12.1885366	6.9449286	8.518523	1.9033812	22.6905022	9.6807663	19.1526128	3.081912	3.0275005	10.0080276	4.2548909	34.0277201	0.7332321	29.6534569	74.1194569	1.1230031	0.9326904	34.7769	32.222462	4.0729399	4.7973391	2.232181	57.1752066	16.1118504	33.1750157	3.7932038	13.8775727	7.285054	47.3360866	21.7106824	16.646975	0.9512385	27.6660699	17.582351
K02224	cobyrinic acid a,c-diamide synthase [EC:6.3.5.9 6.3.5.11]	7.6659293	4.4252352	9.977777	7.6290382	8.6297703	4.81004	7.754316	21.0253991	16.6916155	15.0456013	7.4750244	1.6138283	15.8139563	3.9954722	0.8248251	8.8505111	14.3267165	13.6554112	21.266867	7.953015	20.5501598	4.4167353	3.0026762	10.2118087	1.1078966	8.3276703	4.2169265	16.2773866	1.6369581	18.5418766	4.995578	10.6010749	14.6394772	8.2036158	10.2812029	5.0219652	17.890664	12.9149897	14.0658804	26.5620925	22.8193994	16.5358913
K02225	cobalamin biosynthetic protein CobC	0	0	0	0	0	0	0	0	0	0	0	0	0	0	0	0	0	0	0	0	0	0	0	0	0	0	0	0	0	0	0	0	6.49884	0	0	0	0	0	0	0	0	0
K02226	alpha-ribazole phosphatase [EC:3.1.3.73]	8.7972197	4.3374573	8.8184956	4.6831027	3.165888	6.3149665	18.304104	18.3807948	13.7430178	8.4560432	21.1744161	1.5671004	12.4670175	13.038946	14.1687022	17.0248333	18.713688	7.8623365	9.6558587	12.9675543	37.3805482	7.7069124	4.83211	12.445399	2.222146	20.1568726	4.7212787	22.7624314	4.556864	10.1276431	12.6563847	22.020846	16.755403	26.986417	12.309195	8.3960549	7.4784253	15.7415331	18.9292626	14.222831	13.142044	14.7334619
K02227	adenosylcobinamide-phosphate synthase [EC:6.3.1.10]	4.5288342	2.7682565	10.1482473	1.3101378	0.0425012	2.708012	8.617557	12.3341636	8.3824534	3.6604101	16.5015976	4.2207429	7.9109344	9.6152562	3.6905019	5.8302656	22.4698399	1.1758304	1.4536756	9.5260164	36.8841971	4.1633495	2.5577793	0.44842	0.0924689	1.3094416	2.1789832	3.1733605	0.0312399	15.3665149	11.6489009	21.299268	9.5303178	19.8269432	4.462318	5.437049	0.2013266	0.8747774	14.2710145	10.950206	14.1697472	0.5210142
K02230	cobaltochelatase CobN [EC:6.6.1.2]	0.185641	0.135498	0.241314	0.0881569	0	0	0.2051059	7.123031	0.249735	0.1993973	0.0637367	32.556711	0.5409725	0	0	13.125656	4.2457827	0.173993	0	0	0	3.60094	0.4216069	0	0.314567	1.283962	0	10.65152	93.2084	3.905579	0.372704	1.1947932	5.924303	0	3.5382535	0.956988	0.6536151	3.5947734	13.0657435	3.668764	0	1.391033
K02231	adenosylcobinamide kinase / adenosylcobinamide-phosphate guanylyltransferase [EC:2.7.1.156 2.7.7.62]	11.9571836	7.3500649	11.039539	6.05121	9.708505	17.0280056	18.2799163	18.8981669	17.427074	13.318649	27.369779	1.21921199	9.7911096	15.4453332	6.230844	11.894542	19.329172	15.4556101	16.215781	19.9694402	35.209854	7.4955003	3.3636312	24.0986672	19.2876773	16.74986	15.2862381	24.1458074	4.004801	13.2687245	16.5596607	26.1959718	41.4824	39.670761	16.987102	8.7800535	16.2304073	23.4821048	19.1920603	15.408504	17.391484	36.2302047
K02232	adenosylcobyric acid synthase [EC:6.3.5.10]	8.8982271	4.8614292	15.9550593	2.3219702	12.646578	15.956236	28.7695493	28.1390734	35.8548435	18.7104084	20.7388651	20.7254024	19.0769703	21.4188662	6.3518317	13.373442	22.4140039	18.852203	24.5975634	19.8917699	42.1450713	8.0109929	3.5203671	10.2660613	19.3197904	15.107816	15.5195288	29.5604298	53.880655	14.0960624	16.7518937	34.3738191	33.1030347	34.76064	21.4815227	5.8615086	24.3124626	20.501096	15.0839172	20.8825047	21.1473979	28.9610433
K02233	adenosylcobinamide-GDP ribazoletransferase [EC:2.7.8.26]	6.2798045	6.7218276	11.0608818	11.5387671	10.678209	28.9905661	34.5088445	16.7898194	16.622097	7.1948411	21.5563147	3.5978934	14.9407284	14.1086774	12.011994	14.086134	24.495152	10.4887385	11.5008185	18.4329538	38.7729974	9.9901538	4.5189973	6.7304675	15.9833344	10.1955065	14.1584441	23.2722524	4.093727	15.9748837	17.7659733	32.131859	30.2270687	31.0157595	16.4443332	8.5601217	15.2809548	13.397787	22.8640584	17.2286978	16.4431552	14.217482
K02234	cobalamin biosynthesis protein CobW	0	0	0	0	0	0	0	0	0	0	0	0	0	0	0	0	0	0	0	0	0	0	0	0	0	0	0	0	0	0	0	0	7.06311	0	0	0	0	0	0	0	0	0
K02235	frizzled 2	0	0	0	0	0	0	0	0	0	0	0	0	0	0	0	0.0327712	0	0	0	0	0	0	0	0	0	0	0	0	0	0	0	0	0	0	0	0	0	0	0	0	0	0
K02236	leader peptidase (prepilin peptidase) / N-methyltransferase	0.3185608	0.319021	5.7730026	0.866805	0.0439838	1.156707	7.71191	0.5534155	0	0.598327	0	9.67061	0.860429	0.0744595	0	2.083605	0	1.079254	0.8684014	1.600262	0	13.1709297	23.171332	5.92186	0.817171	0.0444407	0.3950111	0	23.814	0.895278	1.5356727	0	6.95368	0.0891046	2.068396	1.393647	0.8913097	0.9330833	0.2077	0.2314345	0.2863888	1.5689238
K02237	competence protein ComEA	11.5068951	34.3187517	25.9463223	15.5832632	74.1375989	12.823912	25.3914416	33.0901218	40.8835754	56.7759454	30.88955	1.0857448	32.826985	17.9543131	25.9914313	3.9843921	14.2636726	22.7555592	24.8602123	19.896557	16.876351	52.005292	95.2477671	21.486667	1.44263	35.5449149	27.2969793	6.8151227	3.751954	6.7074923	13.1285868	14.0977421	8.096383	4.503102	24.6850305	15.461718	18.0441549	8.3621617	4.714631	25.6824736	19.654692	16.0184262
K02238	competence protein ComEC	45.2102885	37.662913	12.3012462	51.8474857	37.1881312	33.0626389	44.9935116	14.7023626	17.9954405	22.32535	33.361391	26.2149455	29.734685	22.494739	51.6500049	28.7815773	31.8451301	10.3344722	11.8296563	35.9789786	65.8175192	14.4490738	11.6400848	27.4302465	3.8128129	27.6711286	25.3510932	43.965861	61.5368713	12.3836149	17.407376	33.4209582	29.9956517	36.633476	31.5975102	18.2407219	30.1181317	35.9096016	94.9874932	82.5376512	50.3994445	25.6237935
K02239	competence protein ComER	0	0	0	0	0	0	0	0	0	0	0	0	0	0	0	0	0	0	0	0	0	0	0	0	0	0	0	0	0	0	0	0	0	0	0	0	0	0	0	0	0	0.0503785
K02240	competence protein ComFA	0.188364	0	0.4858977	1.9493194	0.4553661	0.9448691	0.4705872	0.2045525	0.1472141	9.090312	8.5944976	0	1.35738	0.2313462	0.170136	1.4241727	0	0.4723346	3.768493	2.9612308	0.923602	0	0.763898	17.709897	0.382466	0.1430927	0.663595	0.1240666	0	0.0941575	0.2247583	0.5197439	5.8087208	0.79027	3.4855833	6.5175491	0.0469988	1.1691909	0.154763	0.2760628	1.9052783	2.0841615
K02241	competence protein ComFB	0	1.34791	0.110945	0	0	0	0	2.08805	0.455358	0	0	0.0737511	1.5982968	0	0	0.12489	0.0807377	0	0	0	0	0	0	0	0	0	0	0	0	2.59016	0	0	0	0	0.0357423	0	0	0	0	0.54388	0	0.593936
K02242	competence protein ComFC	0.165964	0.258255	0.693329	0.7692387	0.6016897	0	6.2434498	0.1972605	0.0503012	4.200289	6.073242	0.2239455	1.34255	0.3633953	0.1489055	0.983731	0	0.0841784	0.3007708	1.2506036	0	0.8703215	1.543789	16.3047114	0.5689835	0.0981265	1.2804745	0	0.0996608	0.6917447	0.5258216	0.0644011	5.53164	0.259881	3.50375	2.2209233	0.0491199	0.0987017	0	0.5287233	0.149365	2.011124
K02243	competence protein ComGA	0	0	10.8737982	0.418958	0.1795632	0	3.8345552	0	0.0375757	0.776232	0.0484765	0	0	0.1813727	0.126867	1.3291038	0	1.8683952	0.562772	0.2736763	0	35.9154559	65.618383	0.2821092	0.393986	0	0.043442	0	0	0.3317068	18.220942	2.3129059	6.1249005	0.2781966	0.4045442	0.7286892	0	0.0961801	0	0.0666855	0.0554644	4.3242225
K02244	competence protein ComGB	0.0726156	0	1.1974613	0.3514112	1.73014	0.137637	0.338759	0.35785	0.624829	31.826463	24.326532	1.15291	1.2936323	1.59555	0.8237289	1.393642	0.0424641	2.60808	4.2142128	10.5933411	0.327634	0.030034	0.149021	22.5740189	0.262764	0	0.531041	0.120045	5.94968	0.2907218	1.4210912	1.122608	0.4374711	1.690715	6.460129	1.3010335	0.256107	0.0478501	0.2192121	0.2126636	1.263968	5.041863
K02245	competence protein ComGC	0.0638948	0	0.8002449	0.7458568	0	0.133193	0.146818	0	0	14.87967	9.27841	0	0	0.702046	0.2563244	1.603529	0	0.413516	1.031586	3.383271	0	0.3729684	0.130261	0.102769	0.413052	0	0	0.148917	0	0	1.3421613	0.616581	7.52768	0.704235	1.181468	6.868119	0.038375	4.977855	0	0.219897	0.810838	1.7616065
K02246	competence protein ComGD	0	0	0.9140732	1.1911375	0.89845	1.337043	0.660827	0.0443026	0.1919251	18.380944	12.3272748	0	0	0.2025317	0.2962734	2.121094	0	0.6128037	0.6450617	3.6016644	0.0468025	0.0569624	2.7661035	1.333796	0.8334079	0	0.3690849	0.3568525	0.182889	0.1871985	18.9339486	3.291202	7.19079	1.5678033	1.7559051	6.8044371	0.1661917	3.30881	0	0.4878371	0.5746039	5.3791537
K02247	competence protein ComGE	0	0	0	0	0	0	0	0	0	0	0	0	0	0	0	0	0	0	0	0	0	0	0	0	0	0	0	0	0	0	0	0	0	0	0	0	0	0	0	0.104485	0	0
K02248	competence protein ComGF	0.088687	0	0.4856821	0.0873404	0.112355	0.699265	0	0.0872892	0.22843	14.736934	9.144563	0	0.450148	0	0.1929826	1.221988	0	0.687829	2.35441	4.2194467	0	0	0.7693549	6.6703584	0.5174006	0	0.159287	0.192658	0	0	0.420742	0.3765815	0.0724535	0.5353769	1.743494	4.5657181	0	0.2059894	0	0.1908177	0.4539633	2.17083
K02249	competence protein ComGG	0	0	0	0	0	0	0	0	0	0	0	0	0	0	0	0	0	0	0	0	0	0	0	0	0	0	0	0	0	0	0	0	0	0	0	0	0	0	0	0	0	0.0752319
K02250	competence protein ComK	0	0	0	0	0	0	0	0	0	0	0	0	0	0	0	0	0	0	0	0	0	0	0	0	0	0	0	0	0	0	0	0	0	0	0	2.27608	0	0	0.185385	0.081808	0.059537	0
K02251	competence protein ComQ	0	0	0	0	0	0	0	0	0	0	0	0	0	0	0	0	0	0	0	0	0	0	0	0	0	0	0	0	0	0	0	0	0	0	0	0	0	0	0	0.0456975	0	0
K02254	competence protein ComZ	0	0	0	0	0	0	0	0	0.205995	0	0	0	0	0	0	0	0	0	0	0	0	0	0	0	0	0	0	0	0	0	0	0	0	0	0	0	0	0	0	0.208903	0	0
K02255	ferritin-like protein 2	0	0	2.03085	0	0	0.0474078	0.394831	0.0415859	0	0.789549	0.520589	0.0279014	2.54073	2.18204	11.6511	0	0.312003	0	0	0	0	0	0	0.0158386	0	0	0.12149	0.18846	1.16271	0.0402069	0	0	6.98495	0.358086	0	0.825131	0	0	0	0	0	0.62162
K02256	cytochrome c oxidase subunit 1 [EC:1.9.3.1]	0	0	0.708033	0	0	0	0	0	0	0	0	0.2942023	0.146138	0.162232	0	0.1421973	0	0	0	0.0720841	0	0	0	0	0	0	0	0	0.378134	0	0	0.1548933	0	0	0	0	0	0	0	0.0873248	0	0
K02257	protoheme IX farnesyltransferase [EC:2.5.1.-]	0	0.2683621	5.9741363	0.0369095	0	0.181877	2.86259	0.047736	0	0.883627	0.0815471	0.0158626	5.871977	6.270938	22.86257	0.275915	0.3106301	0	0	0	0	0	0.2022225	0	0	0	0.1768112	0.034599	0.175956	0.0871688	0.6794824	0.0388282	30.560958	2.420039	0.187526	1.374131	0.0564041	0	0	0.0549744	0.0589757	3.2358463
K02259	cytochrome c oxidase assembly protein subunit 15	0	0	0.0385522	0	0	0	0	0	0.0660443	0	0	0	0	0	0	0	0	0	0	0	0	0	0	0	0	0	0	0	0	0	0.131972	0	0	0.0397102	0	0	0	0	0	0.11292	0	0
K02261	cytochrome c oxidase subunit 2	0.332331	0.143674	1.88118	0.0627517	0	0.0862336	0.427903	0.110543	0.0842284	0.0760703	0.0475532	1.9852	0.486794	0.460346	0.0862878	0.628114	0.278055	0.0617499	0.0239513	0.171485	0.136109	0.122653	0.0745471	0.145511	0	0	0.0883041	0.25698	2.32072	0.724097	0	0.5455	0.0731964	0	0.0501264	0.0967019	0	0.0594727	0.291958	0.317493	0	0.0785097
K02262	cytochrome c oxidase subunit 3	0.208827	0.100198	1.47866	0.016787	0	0.0572934	0.290465	0.0848614	0.0305969	0.0530793	0.0518649	1.5792	0.356697	0.272344	0.0376772	0.368932	0.165836	0.0433369	0.0482049	0.115079	0.0866655	0.0710374	0.0513043	0.130605	0.0284153	0	0.0376474	0.135617	1.76473	0.416142	0.0378713	0.418257	0.0366785	0	0.0296813	0.0601229	0	0	0.186821	0.22885	0	0.0416982
K02263	cytochrome c oxidase subunit 4	0	0	0	0	0	0	0	0	0	0	0	0	0.0403118	0	0	0	0	0	0	0	0	0	0	0	0	0	0	0	0	0	0	0	0	0	0	0	0	0	0	0	0	0
K02266	cytochrome c oxidase subunit 6a	0	0	0	0	0	0	0	0	0	0	0	0.020126	0	0	0	0.0318463	0	0	0	0	0	0	0	0	0	0	0	0	0	0	0	0	0	0	0	0	0	0	0	0	0	0
K02270	cytochrome c oxidase subunit 7a	0	0	0	0	0	0	0	0	0	0	0	0	0	0	0	0.0400831	0	0	0	0	0	0	0	0	0	0	0	0	0	0	0	0	0	0	0	0	0	0	0	0	0	0
K02271	cytochrome c oxidase subunit 7b	0	0	0	0	0	0	0.0423804	0	0	0	0	0	0	0	0	0	0	0	0	0	0	0	0	0	0	0	0	0	0	0	0	0	0	0	0	0	0	0	0	0	0	0
K02272	cytochrome c oxidase subunit 7c	0	0	0	0	0	0	0	0	0	0	0	0.0600545	0	0	0	0.126027	0	0	0	0	0	0	0	0	0	0	0	0	0	0	0	0	0	0	0	0	0	0	0	0	0	0
K02274	cytochrome c oxidase subunit I [EC:1.9.3.1]	0	0	0.0784164	0	0	0	0	0	0	0	0	0	0	0	0	0	0	0	0	0	0	0	0	0	0	0	0	0	0	0	0	0	0	0	0	0	0	0	0.0807868	0.0714571	0.0396221	0
K02275	cytochrome c oxidase subunit II [EC:1.9.3.1]	0	0	0	0	0	0.0397216	0	0	0	0	0	0	0	0	0	0	0	0	0	0	0	0	0	0	0	0	0	0	0	0.0436802	0	0	0	0	0	0	0	0	0	0	0	0
K02276	cytochrome c oxidase subunit III [EC:1.9.3.1]	0	0	0	0	0	0	0	0	0	0	0	0	0	0	0	0	0	0	0	0	0	0	0	0	0	0	0	0	0	0	0	0	0	0	0	0	0	0	0	0.0925518	0	0
K02278	prepilin peptidase CpaA	1.033111	6.925546	2.815919	8.847301	6.26018	22.39364	21.83549	3.412043	3.637098	0.740888	2.015622	0	3.0522455	3.655261	1.13357	0.754323	7.36702	9.656446	10.949646	3.63083	3.5741707	4.61877	2.45379	2.155814	0.6597308	2.651899	4.750611	0.401206	0	2.489413	5.0188798	7.87737	0.741275	0.861379	6.260885	0.718162	11.5175647	5.566976	4.09256	4.610569	2.5546258	0.16457
K02279	pilus assembly protein CpaB	9.25994	11.9487	6.6952576	37.5876	24.2358	0	0	13.117003	10.565661	5.29383	8.87183	2.247521	24.127161	5.4649	1.21213	3.20405	27.3107	3.36164	1.96049	28.2598	18.302	19.526203	18.8397819	0.1444817	0	15.9736	29.5237	9.5102151	0.159457	11.9108	66.6817934	19.9564	16.5263	4.39614	28.0068	9.8724	21.3832	13.4385	54.2093	21.7891081	0	21.296
K02280	pilus assembly protein CpaC	0	0	0	0	0	0	0	0	0	0	0	0	0	0	0	0	0	0	0	0	0	0	0	0	0	0	0	0	1.86712	0	0	0	0	0	0	0	0	0	0	0	0	0
K02282	pilus assembly protein CpaE	3.46865	0.755191	0.072041	4.45248	0.872345	0.404743	0.339919	0	0	0.334336	0.138891	0.499684	0.0837485	0	0.0767243	0.0915068	0.1071492	0.0822758	0.0927172	0.623032	0.777703	0.70651	0.848212	0.3188869	1.67343	0.226638	0.92609	0.402243	2.254883	0.0874262	0.4164649	0.161086	3.22596	1.7615	0	0.0334628	0.770011	0.476676	0.3209025	0.7180854	1.3933	0
K02283	pilus assembly protein CpaF	21.300033	69.5079942	25.4267562	49.9371618	144.7091	43.732953	27.4213196	31.6156861	32.2745821	7.7182651	24.358205	4.9860442	50.4495144	25.528867	9.8516277	8.8511121	47.8908098	21.545328	11.015843	79.555583	64.3124748	59.4974138	97.818709	2.5893129	0.6698744	54.964224	72.9364411	12.4973274	0.284021	17.5130475	111.3598981	54.9174418	35.617285	29.2087054	44.4693109	16.0222549	58.538912	28.543316	76.10911	31.9420333	43.860007	25.5166768
K02291	phytoene synthase [EC:2.5.1.32]	3.46865	0.843138	0.0469692	4.9855	1.353018	1.070481	0.360902	0.0959442	0.0593402	0.4153201	0.147464	0.461324	0.111148	0	0	0.182166	0	0.0595599	0.124944	1.341133	1.00038	0.586033	2.6504957	0.118417	2.853001	0.3368027	1.3659737	0.377501	0.449772	0.265188	0.174876	0.1857243	3.76095	2.21414	0.058602	0.1530672	0.87257	0.63865	0.38976	0.43328	1.38977	0.564538
K02297	cytochrome o ubiquinol oxidase subunit II [EC:1.10.3.10]	0	0.396445	6.3677	0	0	0.10543	2.49662	0.0663707	0	0.710176	0.59659	0	4.27472	5.53129	22.5386	0.612491	0.680982	0	0	0	0	0.0428289	0.156945	0	0	0	0.215577	0.35033	1.23265	0.0149309	0.77486	0	15.01413	2.13845	0.391682	1.33865	0	0.0440323	0	0	0	2.06841
K02298	cytochrome o ubiquinol oxidase subunit I [EC:1.10.3.10]	0	0.417106	1.92301	0.00669907	0	0.227733	2.3244367	0.00883482	0	0.303451	0.295103	0.00791873	1.71115	3.37324	6.5199	0.192254	0.21654	0.0116364	0	0	0	0.0136891	0.162034	0	0	0	0.141409	0.145312	0.423275	0.0127603	0.573454	0.00654003	12.64485	1.55879	0.108003	0.525565	0	0.00958031	0	0	0	1.68107
K02299	cytochrome o ubiquinol oxidase subunit III	0	0.249482	7.38816	0	0	0.145302	2.34726	0.023489	0	0.0500858	0.743099	0	6.65639	7.02849	22.4111	0.632377	0.790859	0.168074	0	0	0	0.0734999	0.282716	0	0	0	0.240713	0.143473	1.59032	0.0595319	0.806588	0	15.005996	0.898031	0.336999	1.45375	0	0	0	0.0389605	0	0.846052
K02300	cytochrome o ubiquinol oxidase subunit IV	0	0.301298	2.24663	0	0	0	1.27894	0	0	0	0	0	3.24107	3.53682	11.4567	0	0.357937	0.889171	0	0	0	0.0255208	0.0911828	0	0	0	0.238931	0.0373863	0.232542	0	0.151768	0	19.812953	2.11271	0	1.62276	0	0.0473415	0	0	0	2.351
K02302	uroporphyrin-III C-methyltransferase / precorrin-2 dehydrogenase / sirohydrochlorin ferrochelatase [EC:2.1.1.107 1.3.1.76 4.99.1.4]	0	0.524317	10.683663	0	0	0.568902	3.92993	1.6164488	0.744012	0.2740225	1.87576	0	2.4561531	2.61473	9.13552	1.346747	0.990974	3.9755225	2.80081	0	0.0101745	0	0.2078433	1.17365	0.261662	1.0497	0.2812801	0.343566	4.37157	0	1.316397	0	15.6217749	1.8871796	1.037215	0.873275	0	0.13636	0	0.0790442	0.773981	1.59663
K02303	uroporphyrin-III C-methyltransferase [EC:2.1.1.107]	0	0	0.0841056	0	0	0	0.0755282	0	0	0.1285726	0.251925	0	0.0360653	0	0.0466089	0	0	0	0	0.0677068	0	0	0	0.0640019	0	0	0	0	0	0	0.122393	0	12.099476	0	0	0	0	0	0	0	0	0.038028
K02304	precorrin-2 dehydrogenase / sirohydrochlorin ferrochelatase [EC:1.3.1.76 4.99.1.4]	2.1437338	1.1824952	4.0436068	2.2757039	0.208087	1.008593	0.938375	4.0267807	4.651141	0.6331595	2.853231	0.2181789	7.495182	1.642985	0.3211862	1.816213	4.362684	0.555803	0.794632	3.250319	12.4165866	0.6102617	0.1448414	0.123575	0	1.341827	3.063641	2.9092064	0.843963	5.0207246	2.1133422	1.5913841	0.7616007	1.559378	0.272409	4.3228768	1.280777	0.641963	4.7750942	7.438219	11.953399	0.6064747
K02305	nitric oxide reductase subunit C	0	0	0	0	0	0	0	0	0	0	0	0	0	0	0	0	0	0	0	0	0	0	0	0	0	0	0	0	0	0	0	0	11.8209	0	0	0	0	0	0	0	0	0
K02313	chromosomal replication initiator protein	56.2570847	34.957015	40.1682263	26.3107442	35.2253248	49.07354967	55.654672	33.13184429	35.2290606	90.1039004	54.9873262	30.20273714	22.836822	16.5556766	14.7045198	34.2510827	5.5657878	22.51689882	33.8334059	64.3614936	42.1459761	61.40125474	105.13290871	26.22757478	19.9091687	23.7184631	31.1732528	52.49213437	67.7635694	19.37854063	38.44952947	25.13659471	45.8106121	25.4627631	27.90277	15.6375256	58.3161833	58.2948839	63.069342	92.7198883	84.2951846	35.3476368
K02314	replicative DNA helicase [EC:3.6.4.12]	46.2011673	74.8696777	18.9131962	32.5677786	137.8872577	57.9267023	41.9447114	18.7652701	21.5944124	50.2892831	39.8688789	6.18078432	34.1929018	13.697258	8.4084101	4.662319	4.3420253	17.3854048	11.465309	88.5801282	41.1251134	46.79214155	87.8727231	19.9764576	15.7921596	45.1501593	59.390894	3.1840782	2.6729877	9.2944334	39.6547425	17.2849	61.6436797	19.0895527	27.1947258	9.5257465	60.9921118	52.1555693	71.095201	76.6544057	105.397354	26.677633
K02315	DNA replication protein DnaC	58.5900488	63.3631523	7.2572419	21.2770328	36.392082	21.225674	20.2006597	19.4814399	13.8695153	17.411681	14.7380836	27.3994187	28.5370413	13.1504682	18.5455743	15.5418422	18.814263	34.964999	18.264521	51.3108767	41.1118505	13.0049853	15.8353839	5.1411562	19.156375	23.4435752	23.2925039	4.3863054	1.09152	44.3369791	8.5391619	12.6560248	34.715503	22.710756	17.6036074	20.9890396	31.6311605	46.182869	69.2763017	87.19655	74.4486476	13.2850376
K02316	DNA primase [EC:2.7.7.-]	16.6366038	40.7757285	17.2619972	34.4179573	97.8474127	50.7860716	41.1014941	35.3438092	21.7982311	8.7621026	19.5172634	19.4543482	31.6992199	21.5631086	24.3858039	25.2444689	22.8469088	24.7014332	24.9333502	38.2266544	29.3641021	33.6415892	66.6491127	7.1966575	7.1369957	36.273277	35.7173149	29.892285	12.3720724	23.8055361	39.5353986	33.9600382	48.6647111	28.3255007	19.6117768	9.7053983	40.0459232	25.4483064	37.7777892	12.632753	28.5204176	12.2128326
K02317	DNA replication protein DnaT	0	0.486712	9.48253	0	0	0.3485306	2.935601	0.3164797	0	0.0368111	0.886002	0	6.00429	8.72779	23.4207	0.839927	0.572587	0.089065	0	0	0.0295905	0.1661928	0.100968	0.0265346	0	0.02609	0.4116284	0.231446	1.57413	0.0819975	0.3611053	0.0732219	11.6544371	1.3590621	0.554465	2.2255	0	0.027901	0	0.0358851	0	1.388898
K02319	DNA polymerase I [EC:2.7.7.7]	0	0	0.330274	0	0	0	0	3.53091	0.2066583	0	0	0	0	0	0	0	1.171559	0	0	0	0	0	0	0	0	0	0	0	0	5.16929	0	0	0	0	0	0	0	0	3.83981	0	0	0
K02322	DNA polymerase II large subunit [EC:2.7.7.7]	0	0	0.172961	0	0	0	0	6.597481	0.2656376	0	0	0	0	0	0	0	5.62804	0	0	0	0	0	0	0	0	0	0	0	0	7.6451	0	0	0	0	0	0	0	0	8.10002	3.60556	0	0
K02323	DNA polymerase II small subunit [EC:2.7.7.7]	0	0	0.283022	0	0	0	0	3.848	0.0915534	0	0	0	0	0	0	0	1.970727	0	0	0	0	0	0	0	0	0	0	0	0	4.4478	0	0	0	0	0	0	0	0	4.97187	1.40199	0	0
K02329	frizzled 3	0	0	0	0	0	0	0	0	0	0	0	0	0	0	0	0.0178576	0	0	0	0	0	0	0	0	0	0	0	0	0	0	0	0	0	0	0	0	0	0	0	0	0	0
K02334	DNA polymerase bacteriophage-type	2.8706426	4.5703384	0	3.3355926	0.242353	6.79441	6.6187374	0.6750405	0.576257	0.167801	0.771563	0.07511	2.6397983	0	0	0.3625546	0.631179	12.542626	15.5579608	0.708888	0.134844	0.283366	0.164956	0	0	3.09344	2.7917748	0.334609	0.0430633	6.356737	0.2722943	0.170183	0	0	0.060367	1.0069333	5.7341972	3.1210423	1.529073	0.2711748	0	0.7680394
K02335	DNA polymerase I [EC:2.7.7.7]	19.0155166	10.747998	21.8254421	12.2398718	7.7719551	20.684652	26.5391609	16.3969332	8.0423352	13.09509744	26.302683	12.51033852	23.8438434	57.2313937	14.9044186	18.6123999	18.4647641	10.5853652	12.3879548	13.5927712	26.2486715	45.89543	69.2420037	10.09667879	5.3858524	10.879402	6.0205665	27.34643	3.8273684	12.6073136	15.5972623	25.1522046	35.3900673	33.517569	9.6937846	12.4264675	16.2915208	15.234356	12.4293326	4.6642045	14.0921712	23.8752928
K02336	DNA polymerase II	0	0.213454	1.46299	0	0	0.0141602	0.204012	0.0137685	0	0	0	0.02289979	4.59961	2.292945	9.47936	0	0.261093	0	0	0	0	0.0901923	0.04514526	0	0	0	0.1920712	0	0.302624	0.0183903	0.0502642	0	1.868613	0.601415	0	0.554213	0	0	0	0	0	0.378592
K02337	DNA polymerase III subunit alpha [EC:2.7.7.7]	52.950042	30.407388	19.3192194	25.8237351	31.287619	40.9910058	53.9526357	29.36950648	36.0810671	29.0819337	29.1225693	36.12000767	53.6323	20.8907143	8.779311	21.7079258	23.7364642	17.1269519	26.81919	53.4039492	69.6256191	50.94822301	76.5470214	3.58150936	17.2958325	18.346069	23.8812939	28.8017566	5.5064457	16.64511376	21.7343721	41.17724599	57.6563551	54.232829	18.61678942	4.7601875	47.5342306	67.86232709	59.3645244	84.7238583	79.2993901	19.4667519
K02338	DNA polymerase III subunit beta [EC:2.7.7.7]	2.9847124	27.759533	29.5318556	8.6992794	36.7511694	2.4233789	16.6908405	10.4624844	7.1248054	8.9584722	8.491629	13.8485988	18.364809	32.2642415	13.881759	21.0126221	5.5894538	8.4189543	3.772502	5.5310698	3.6988357	58.3197587	111.415989	8.4617502	1.2843479	17.614166	17.9307542	18.612809	3.8829223	8.3495831	8.8023778	5.1811079	25.6621876	6.6626386	8.265535	14.2009396	2.5042882	2.2636431	2.0692587	2.0565899	5.7117373	8.5471768
K02339	DNA polymerase III subunit chi [EC:2.7.7.7]	0	0.584149	3.9991	0	0	0.570829	4.38072	0	0	0.0792173	0.548478	0	10.2248	8.95033	35.3022	0	0.813967	0	0	0	0	0.0581249	0.390783	0	0	0	0.380339	0.425477	2.37288	0	0.247784	0	18.572554	2.036	0.617832	3.17928	0	0.0597582	0	0	0	2.99392
K02340	DNA polymerase III subunit delta [EC:2.7.7.7]	17.6969985	34.7861804	13.2390012	12.6335861	53.5588921	3.1908277	6.8703522	15.7632952	14.1547249	12.357962	17.535044	4.0574228	19.745795	4.7043209	5.0778136	16.9447271	9.0615674	8.2328969	29.3139593	9.6238284	12.6840561	24.016058	42.4968919	9.6498333	8.7784658	36.3686783	23.4742573	19.7090951	6.3820241	9.2480501	6.9032783	6.3981993	20.7726954	10.9013963	12.5989998	10.269299	9.3688945	8.6975096	3.5230904	7.0805329	12.0046729	8.2659706
K02341	DNA polymerase III subunit delta' [EC:2.7.7.7]	26.258397	48.406721	27.6538629	13.6716507	99.5355526	25.5209224	17.1571261	27.827369	22.8968713	16.4826109	19.784335	2.531563	35.4151681	8.8581737	17.1760621	10.7524915	12.8444799	17.2124256	45.8650306	13.047485	17.8082558	35.5788419	66.7441613	13.4066181	5.8961031	57.6999311	38.6543588	28.5712367	1.3760465	10.4811134	15.9861385	12.0354965	26.224187	7.7866291	20.588032	12.3374958	17.9011531	9.0137753	4.7686196	9.1998974	14.35685	12.4102937
K02342	DNA polymerase III subunit epsilon [EC:2.7.7.7]	20.955927	19.0230088	14.5659746	7.1072387	66.862314	0.9595996	6.2208659	15.7773605	13.6822486	5.6824425	5.2671033	55.7631322	21.3880347	3.825896	27.6972479	26.9303665	2.4577123	6.4532783	4.827157	3.1442145	0.1901336	13.5032613	13.5068084	2.0327523	8.7514764	20.7505501	18.1680536	20.887472	127.2975164	5.037923	22.3787482	5.7695994	38.5027634	9.1897311	4.8081281	3.2879365	1.2020259	2.2993328	1.0779911	1.0340826	1.167888	7.4632403
K02343	DNA polymerase III subunit gamma/tau [EC:2.7.7.7]	25.0426342	45.7095035	36.4532142	45.8149686	85.1855899	66.657272	43.097986	28.321057	29.4398433	25.6430301	32.1194204	5.1401046	45.3874363	21.7179467	20.4882225	13.4664161	35.9515075	24.1014793	43.6701956	65.367649	34.218727	68.7427364	116.4573541	31.739108	9.819774	44.0309508	63.5625003	14.6433603	3.142703	19.2755821	91.2379395	38.0022449	47.4396983	15.193277	44.8542614	19.2985512	70.4274645	40.8794374	64.3481918	47.57325017	46.0371164	37.990366
K02344	DNA polymerase III subunit psi [EC:2.7.7.7]	0	0.171192	0.0850996	0	0	0.127139	0.872008	0.166974	0	0	0.727148	0.127388	10.8036	3.31175	0.0543718	0	0.418368	0	0	0	0	0	0.0932551	0	0	0	0	0	3.32958	0.13981	0	0	9.50384	0.352118	0	0.537407	0	0	0	0	0	1.02589
K02345	DNA polymerase III subunit theta [EC:2.7.7.7]	0	0	3.88306	0	0	0	0.812028	0.108842	0	0	1.61158	0	6.30208	4.82056	29.5974	0	0.454523	0.107208	0	0	0	0	0.202628	0	0	0	0.212383	0.20591	3.10056	0	0	0	9.69668	0.938981	0	3.91523	0	0	0	0	0	1.25387
K02346	DNA polymerase IV	6.2198978	3.842419	22.0012007	7.1105447	17.2001396	26.6594196	30.7775689	11.2317311	16.6572537	44.5503618	41.4644996	45.0716256	30.126045	25.7906148	15.3582005	20.241731	17.6540175	15.175228	14.7264183	21.6077143	17.529658	45.0619134	74.2389628	23.8506056	19.0024489	10.782489	23.3337193	8.8350701	59.398558	7.4232518	11.7667826	10.0654615	27.535438	16.3412811	23.7272782	35.8279142	16.6302851	37.0649309	9.93772	10.9585294	89.5241093	25.5609736
K02347	DNA polymerase (family X)	0	0	0.0383302	0	0	0	0	0	0	0	0	0	0	0	0	0	0	0	0	0	0	0	0	0	0	0	0	0	0	0	0	0	0	0	0	0	0	0	0	0.0392945	0	0
K02348	ElaA protein	0	0	1.6217448	0	0	0.268948	4.380333	0.2109582	0	0.43992	0	0.522042	3.748948	3.0492892	14.7222	0.0922217	0.506133	0	0	0	0	0	0.563188	0.0908692	0.205892	0	0	0.160458	0	1.0880882	0.2082049	0	5.22129	0.3792039	0.4950532	3.41652	0.06162	0.125942	0.160992	0.0442569	0	0.8807016
K02354	frizzled 4	0	0	0	0	0	0	0	0	0	0	0	0	0	0	0	0.01583515	0	0	0	0	0	0	0	0	0	0	0	0	0	0	0	0	0	0	0	0	0	0	0	0	0	0
K02355	elongation factor EF-G	40.1345544	65.3803287	60.7791692	65.044004	118.0180039	73.0372395	70.5263805	56.1189299	62.0081033	113.3868983	83.7269049	95.6813272	87.7234264	30.6686473	17.5024465	95.4853466	53.6702404	45.5082706	46.6952679	78.2126792	42.0338151	104.150162	144.0760047	44.9586725	23.7516273	81.6153694	86.6055211	96.4553096	144.3691694	50.640824	122.8884214	68.445112	71.7533908	35.5705785	86.324877	95.569296	85.6830952	63.2144755	70.9942169	57.2777158	36.655923	55.5553787
K02356	elongation factor EF-P	40.5785351	38.4204419	44.3417507	49.8127841	80.690722	64.2639029	59.1267744	45.1104419	47.6302146	102.6964707	78.340925	46.6550342	81.1347306	60.8111275	75.2809399	58.772566	33.5076377	33.4003631	36.3509749	76.594484	32.344596	46.7355769	58.3941263	43.4981317	30.837523	50.7547588	51.430877	75.1430744	78.8363025	39.7674715	118.1208983	51.0919796	81.1467547	31.9395522	55.2727302	46.2889796	96.8844596	56.6889982	64.7824229	39.728499	50.7608145	77.466687
K02357	elongation factor EF-Ts	77.8931707	80.2975179	49.072446	90.6196561	125.2965677	83.7759323	73.2124625	57.5994158	65.5063551	129.626231	103.7912545	45.001878	62.9461644	36.4396433	14.3677086	57.2610649	59.4570985	50.861668	59.7505991	124.1340789	79.4098137	98.3429068	136.7879509	94.0278961	87.6277309	89.2489136	132.5705783	86.9459484	76.0815458	43.896292	118.530054	67.731233	106.8849829	81.0291191	80.7108244	60.1686097	106.0085872	94.9690402	110.840018	106.5239692	114.021262	98.600399
K02358	elongation factor EF-Tu	81.86352531	81.4215316	44.0616653	44.4851594	116.0551765	74.04094188	60.33816215	58.67890764	55.3760461	97.1023479	76.0874586	122.10956405	82.4951134	48.7773779	29.3173874	48.141406	21.167215	50.17746948	44.5292212	56.9857464	16.6065544	88.09196039	138.44855933	58.25945406	16.9626919	61.1514104	54.22844431	58.5674576	154.3101443	50.57367416	83.2637697	44.26867012	60.4202492	41.24556454	43.7091699	42.104502	108.5335082	107.84361	77.8739242	87.0259599	108.353744	78.2219259
K02361	isochorismate synthase [EC:5.4.4.2]	0	0.168972	2.697987	0.0553065	0	0.1044097	1.253818	1.1719809	0.0407642	0.1567345	0.404141	17.963117	5.205762	3.20176	18.8358	12.94641	0.574134	0.2704883	0	0.169899	0.0849877	2.2397909	0.3435405	0.0179165	0.63663	1.374687	0.302674	8.5062072	59.64151	0.845758	0.4787183	0.3924086	5.741238	0.983901	3.1605332	1.19572	0.9760845	3.478585	4.484834	0.7894495	0	1.30659
K02362	enterobactin synthetase component D [EC:6.3.2.14 2.7.8.-]	0	0.591871	0.3470898	0	0	0	0.2441186	0	0	1.04089	0	0	0	0.188853	0	0	0.449358	0.058477	0	0	0	0	0.0828934	0	0	0	0.118066	0	1.36237	0	0.0239984	0	12.60324	0.412582	0	0	0	0.0218216	0	0	0	0.639032
K02363	2,3-dihydroxybenzoate-AMP ligase [EC:6.3.2.14 2.7.7.58]	1.81044	0.519226	1.9194223	0	0	0.0170003	0.5446133	0.0564057	0.111877	0.1457673	0.729546	0.4575593	0.919168	1.07908	0.3892642	0	0.4521035	0	0	1.6923284	1.37213	0.0672963	0.630373	0	0	0.353664	0.794985	0.1146612	2.92708	1.756537	0.230249	0.1750949	4.9678	1.3720364	0	0.306652	0	0.0258195	0	0	3.05811	1.00554
K02364	enterobactin synthetase component F [EC:6.3.2.14]	0	0	1.6183181	0	0	0	0.2969178	0.0510618	0	1.121777	0.83144	0.0249956	0	0	0.0235063	0	0.0497396	0	0	0.0824949	0	0.0283343	0.018043	0	0	0	0.0214456	0	3.60216	0	0.2073645	0	2.32405	0.2151527	0	0.368865	0	0	0	0	0	0.4057259
K02370	alpha-1,4-N-acetylglucosaminyltransferase EXTL3 [EC:2.4.1.223 2.4.1.224]	0	0	0	0	0	0	0	0	0	0	0	0	0	0	0	0.0408645	0	0	0	0	0	0	0	0	0	0	0	0	0	0	0	0	0	0	0	0	0	0	0	0	0	0
K02371	enoyl-[acyl-carrier protein] reductase II [EC:1.3.1.9]	7.467192	3.0647156	3.550903	6.6224184	5.951737	10.056972	13.4845879	6.2787144	7.09269	3.315127	2.546439	14.8309255	7.4433397	1.8042566	0.403365	7.908366	5.233207	5.1680227	2.553043	12.3070331	13.2261847	12.2817445	6.2779905	2.983251	17.656932	17.9849962	13.4003388	3.8729185	25.714968	9.7318909	7.142504	7.049347	10.2863	9.5335	10.8500284	5.571655	6.4428691	10.322096	13.6016348	7.4600996	13.5187013	10.5641565
K02372	3-hydroxyacyl-[acyl-carrier-protein] dehydratase [EC:4.2.1.59]	59.7459457	35.53774	24.3416426	30.6177972	36.0170496	30.020932	56.9670975	39.8589814	53.5441442	92.510882	63.2926415	21.4270891	24.1915739	41.6851509	17.4909049	8.5596141	10.7400186	27.9882517	39.090746	66.8917549	52.8724451	14.2829351	10.3566947	40.2967647	32.3060214	23.1952151	34.2293052	14.1882077	36.9615152	25.2774286	34.1866729	25.23415	52.5862538	31.2141628	36.5602152	48.0527582	55.6773142	58.7334722	64.1702338	104.3431768	104.3655122	52.2848599
K02377	GDP-L-fucose synthase [EC:1.1.1.271]	1.01513	1.56931	0.517342	0.332882	0	0.1323826	0.583965	1.661155	0.8067365	4.737383	1.070213	3.88839	2.591624	0.374487	0	5.813233	0.1978722	0.0170278	0	0.498085	0.57883462	4.1331735	0.4874065	0	0.574299	1.713924	0.603266	6.0237305	54.32542	1.309299	0.6210824	1.0967407	1.096015	0.5579784	3.9096859	0.0448894	1.045169	4.630234	8.131322	1.14836	0	1.132851
K02379	FdhD protein	2.904975	0.868871	10.298319	6.731052	0.986112	0.829676	2.693121	0.55358	0.0573917	1.1461732	5.074179	0.7109814	4.9943466	4.82057	18.4081	1.6486079	1.791589	0.574434	0.238374	0.905941	0.676695	1.2040994	1.9742344	0.1857571	1.60382	0.65697	1.3314855	1.387235	3.3176954	0.770846	1.1152176	0.1064088	11.5339018	2.660835	0.691337	1.28102	0.627236	0.34963	0.228273	0.363761	1.07305	0.9819219
K02380	FdhE protein	3.9562419	1.525715	13.22865	5.788507	0.644248	0.7811714	4.331358	0.0904227	0	1.531599	6.10596	0.612557	7.483125	4.4150858	20.5252	1.722944	0.5949925	0.7229486	0.359641	0.918527	0.807078	0.9016006	1.429317	0.2358558	1.73156	0.202899	1.374077	1.64639	2.599877	0.357637	1.253076	0.20321	15.7119388	3.802988	0.877777	0.106995	0.9475	0.4638108	0.280293	0.372862	1.01758	2.151055
K02381	FdrA protein	0	0	3.37669	0	0	0.0265107	0.204221	0.022883	0	0.0200061	0.12223	0	6.48001	1.50572	3.57145	0	0.175836	0	0	0	0	0	0.107235	0	0	0	0.142822	0.0370515	0	0	0	0	3.95724	0.32267	0	0.588261	0	0	0	0	0	0.234043
K02385	flagellar protein FlbD	0.105436	1.8507557	0.0985364	0.122519	0	0	0	3.97519	1.6175943	0.32347	0.307741	0.506015	3.12829	0.2126716	0.0312727	0.237578	0.639174	4.61301	5.004935	0.1755168	0.588357	0.460004	0.113978	0.959175	0.439738	0.646157	0.398218	0.984089	0	2.868789	0.126473	2.00717	1.2055441	0.46949	1.053847	0.0534975	0.358166	1.220437	0.127452	0.12186	1.10364	6.12837
K02386	flagella basal body P-ring formation protein FlgA	0	0	1.3525343	0.448681	0	0.0551938	0.3023378	0.0691467	0	0.8160275	0.858206	0	2.0495	1.84747	6.905	0.771949	0.162425	0.0851357	0	0	0	0.3091492	0.0804554	0	0	0.0209597	0.101194	0.0228987	3.07776	0.134095	0.3870211	0	6.494222	0.664703	0.0785617	0.843999	0	0	0	0	0	0.763089
K02387	flagellar basal-body rod protein FlgB	0	1.07376	15.9153282	0.4909382	0.207582	0.359119	1.107617	3.8762505	0.712417	0.0166609	1.609151	0.21558	5.264162	4.8321034	13.7808	0.5414699	1.370331	6.001846	5.58813	0.647111	0.753742	41.171107	81.7252863	0.912386	0.386111	1.3733212	0.5088184	1.027092	4.20666	4.06742	0.928069	0.172783	11.205426	1.4429095	0.995376	1.9960323	0.100685	0	0.0766055	0.2496646	1.280529	3.6944463
K02388	flagellar basal-body rod protein FlgC	0.149743	1.4393443	10.94724	1.483357	0.175482	0.1506106	1.3400112	3.409006	0.6575705	0.0715781	1.009414	0.354063	3.5123638	1.7560194	6.77366	1.347802	0.512913	6.677065	5.808936	0.808702	0.3209981	37.8739577	73.8354978	0.801063	0.415422	1.064412	0.470542	1.1738183	4.67819	4.2080779	1.6385483	0.1595158	7.31473498	2.12167	1.3337573	1.616773	0.0647939	0.1740983	0.1104933	0.3322045	1.638392	3.00658441
K02389	flagellar basal-body rod modification protein FlgD	0	0.98137	12.440332	0.500504	0	0.1504493	0.2907156	4.153606	1.253185	0.24638042	1.434821	0.55366	1.797205	0.0700361	0.036912	0.606247	0.3128713	4.8425524	3.938579	0.550545	0.1766216	37.4300905	75.0848651	0.341884	0.336725	0.753659	0.374358	0.652959	3.87144	2.7354426	0.5131167	1.2582156	6.7247964	0.577998	0.7539724	0.2135316	0.280957	1.623522	0.102808	0.1849101	0.7349924	4.270438
K02390	flagellar hook protein FlgE	0.0687855	0.187756	12.268074	0.822787	0	0.0930864	0.738828	0.315392	0	0.3443232	1.905998	0	2.3750364	1.000187	6.2014548	1.465898	0.0785967	3.375662	2.70545	0.337866	0.450974	37.976141	68.2313356	0	0	0.215527	0.118476	0.3935884	3.986434	0.1020407	0.6967454	0	4.5945	0.13566	1.1679774	3.2671693	0.178544	0.222986	0	0	0	1.3260934
K02391	flagellar basal-body rod protein FlgF	0	0	0.484506	0	0	0.0248433	0	0	0	0	0	0	0.875373	0.602311	2.12391	0	0.133545	0	0	0	0	0.036402	0	0	0	0	0.0244275	0.31651	0	0	0	0.0125036	4.902007	0.0549911	0	0.193449	0	0	0	0	0	0.215612
K02392	flagellar basal-body rod protein FlgG	0	1.354746	22.5997512	0.285878	0	0	0.519544	5.784049	1.711313	0.7643447	1.733453	0.4569007	1.7178883	0.7696711	0.2517356	1.383631	0.3570319	12.69372	10.5198646	0.616808	1.061425	70.988297	131.7932182	1.888382	0.743937	2.239402	0.4293008	2.63666	2.67809	2.7487731	1.1707669	0.9592023	12.608302	1.649364	1.8549297	0.740314	0.6251229	2.213948	0.0371688	0.4589967	1.6215102	5.0045469
K02393	flagellar L-ring protein precursor FlgH	0	0.395145	0.380071	0.541664	0	0.06183434	1.181892	0	0	0.10757	1.47834	0	0.870779	1.14415	0.872519	1.124808	0	0	0	0	0	0.114386	0.1761957	0.0222323	0	0	0.2506815	0.2865865	4.15526	0.194262	0.6127236	0	23.118688	1.272524	0.1396562	0.1488358	0	0	0	0	0	1.47318428
K02394	flagellar P-ring protein precursor FlgI	0	0.286042	0.134292	0.338932	0	0	0.886125	0	0	0.302998	0	0	0	0	0	0.699162	0	0	0	0	0	0.204071	0.0511305	0	0	0	0	0.167139	3.40718	0.114984	0.658798	0.0706205	15.725929	0.884514	0	0	0	0	0	0	0	1.18741
K02395	flagellar protein FlgJ	0.293585	0	0.718619	0	0	0.2029126	0.1771366	0.1397205	0	0.590348	0.9745465	2.128335	2.545435	1.35042	3.21716	0.890417	0.9036361	0	0	0	0.274426	0.44195	1.2669195	0	0.0496256	2.02442	0.0822655	1.332162	3.7596701	0.778315	0.0272803	0.0977119	18.375435	0.303559	0	0.6843424	0	0.126213	0	0	0	0.5364373
K02396	flagellar hook-associated protein 1 FlgK	0.2523145	0.3664104	15.279244	0.6250912	0.1823125	0.20980547	1.309335	1.3237075	0.664736	1.0451834	0.52463	0.38089647	6.077555	4.2663872	20.0113465	1.293496	1.0717328	7.1383216	6.5983638	1.854151	0.9704068	38.5081056	71.33115493	1.13774	0.347122	1.312496	0.59506327	1.9221572	3.458124	2.89079148	1.5138616	1.601054	8.5038947	1.4258453	1.3664282	1.2631514	0.40896	1.7012883	0	0.5941421	2.3014483	3.8105157
K02397	flagellar hook-associated protein 3 FlgL	0.0541046	1.311593	12.318767	0.298492	0	0.0200834	0.1023496	3.860622	0.931391	0.8680662	0.680989	0.2329278	1.7472555	1.305226	4.65976	0.830612	0.3440245	6.1800359	4.988012	0.193096	0.300032	34.6502832	66.6433606	1.0272003	0.225981	0.8028758	0.2402214	0.8108905	3.10634	2.3193909	0.5083238	0.0917198	4.5092393	0.15514	1.0463807	0.3644642	0.168631	0.131257	0	0.2400774	0.7245077	1.1001415
K02398	negative regulator of flagellin synthesis FlgM	0.2119563	1.1925471	18.3887323	0.456278	0	0.434392	1.744016	5.301837	0.80619	0.8406897	0.787331	0.4087043	9.8316609	5.021632	24.7875	0.9530078	1.008731	9.455578	6.568599	0.556384	0.662392	48.466063	84.835327	1.7409414	0.1043817	1.3820505	0.4463664	1.162974	2.37386	5.450894	1.6075514	0.3183693	10.0731575	1.0227733	0.6960936	2.160163	0.1967371	0.620767	0	0.398814	2.2502354	2.8849851
K02399	flagella synthesis protein FlgN	0	0	3.48943	0	0	0.114974	0.440094	0	0	0	0.632701	0.0629785	7.40469	4.26008	26.8451	0	0.447283	0.130095	0	0	0	0	0.122943	0	0.0472496	0	0.193293	0	1.64608	0	0	0	7.59946	0.788917	0	1.81291	0	0	0	0	0	0.802513
K02400	flagellar biosynthesis protein FlhA	1.3502845	0.392711	14.748801	1.441661	5.27826	0.03347442	0.7927813	14.320558	20.7699393	11.2498585	1.0621243	0.2812683	9.2526726	2.99611	5.1512275	1.015326	2.0297928	12.408371	19.136665	1.503521	5.892159	32.75015299	60.12309441	0.564578	0.1986099	3.4114674	0.6145475	4.5917042	1.61487	0.90748576	2.0467511	7.8369774	19.9482463	2.1108823	9.042923	0.8049937	12.3873185	7.261262	0.6336888	11.02996	6.5501966	7.8434583
K02401	flagellar biosynthetic protein FlhB	1.0061368	0.2236062	4.41164	1.148975	3.26946	0.0602444	0.32563	8.204437	13.2136431	5.5247491	1.850074	0.257283	4.427101	2.4701241	0.1005769	1.197653	1.5516018	5.937421	11.7083143	1.897872	4.320944	0.90004	0.0879199	0	0.179303	2.0954875	0.3491821	2.965752	2.99582	1.681525	1.373155	5.2764371	6.8629608	1.0630314	5.273058	0.114244	7.11248	5.15659	0.347597	6.5802488	4.917106	5.2421813
K02402	flagellar transcriptional activator FlhC	0	0.441406	3.8753	0	0	0.0782395	0.900491	0	0	0.3180978	0.894952	0	9.23591	7.83543	32.902	0	0.643643	0	0	0	0.0248776	0.0398338	0.26781	0	0	0	0.40105	0.233269	2.08149	0.020988	0.148584	0	10.2157	1.23858	0	2.80133	0	0.0138749	0	0	0	1.26155
K02403	flagellar transcriptional activator FlhD	0	0.0538032	2.38448	0	0	0	0.249261	0	0	0	0.420227	0.1004397	3.22494	3.294	13.3686402	0	0.412124	0.0864063	0	0.051564	0	0	0.163312	0	0	0	0.256762	0.124468	1.42302	0	0	0.0845865	6.51269	0.592556	0	1.07953	0	0	0	0.0171174	0	0.7114855
K02404	flagellar biosynthesis protein FlhF	0.0360761	0	0	0.315754	0	0	0	3.07299	1.108193	0	0	0	0.1548435	0	0	0.885745	0	5.34417	5.27376	0	0	0.181592	0	2.216012	0.671386	1.606218	0.3309467	0.2483871	0	0.2787513	0.295387	0.0835653	5.79249	0	0.312857	1.514613	0	0	0	0.3089421	1.939792	0
K02405	RNA polymerase sigma factor for flagellar operon FliA	0.0415315	1.4529988	1.0384539	0.7063396	0.11071	0.2102216	0.9774941	3.448338	0.664746	0.2587905	0.4775179	0.3997678	3.3425345	2.0846309	5.60084	1.217365	0.4811549	3.9075442	5.441238	0.874172	0.914899	1.1433123	0.268882	0.687822	0.488782	0.8902932	0.4614499	1.3655944	0.287001	2.3756902	1.2641647	1.1782949	20.304198	1.5678923	0.8433174	1.2202318	0.53093	1.4866385	0	0.575246	1.3761373	4.6742303
K02406	flagellin	0.7824126	1.0705533	2.0335041	1.623078	6.65068	0	0	14.4451415	21.200168	1.0741305	1.593407	0.4539338	2.9456121	0.2496422	0.0590852	1.4097825	0.5095916	14.07629	22.907749	0.4103502	0.4459579	8.788972	15.9271443	1.16973	0.2246518	4.2053295	0.4734907	1.95847	0	1.8916522	2.0529735	10.6644998	10.8076965	0.7327676	1.6184167	0.6156284	6.0114386	3.929558	0	0.3040613	1.096256	9.4818793
K02407	flagellar hook-associated protein 2	2.4251766	2.313113	17.2607508	1.845449	6.9206573	2.2253421	13.653176	19.8129088	25.0751	12.2388971	1.994851	0.2400149	9.4575316	3.5401367	6.215646	3.3437713	2.7676072	15.372301	25.89358	2.622187	7.768005	28.927074	52.9125925	1.151026	0.642829	3.8494107	0.5347231	5.3131339	0	7.0425397	2.6092759	8.9642978	14.8540173	1.563786	10.6705839	1.1787881	14.2484773	6.662354	0.67709	14.7440464	10.261546	6.8473517
K02408	flagellar hook-basal body complex protein FliE	0.7979975	1.952265	16.129824	0.297016	0.206324	0.305134	1.8248408	4.0892573	0.97569	1.4725398	3.014085	0.596438	2.5243225	0.926005	0	2.707243	0.769153	6.949242	8.461528	0.914721	0.949614	40.064678	84.2040721	1.141875	0.572611	1.868554	0.4083555	1.201241	3.12874	4.0960153	0.806362	1.1389784	17.4461466	1.80438	0.891826	0.9210651	0.620822	1.7331242	0	0.4974037	2.7748	5.7579359
K02409	flagellar M-ring protein FliF	0.9940084	2.1092907	2.6546378	0.44284	0	0.0675668	0.621992	3.9333619	1.3328671	0.7571034	2.73045	0.42922857	2.696853	1.3439764	1.727601	4.03172	0.442328	2.9918819	4.93285	0.127962	0.186342	0.3655728	0.2051206	0.726203	0.711652	1.2762201	0.1959363	0.590575	2.33711	4.0352143	0.388054	0.279866	9.690648	1.1821316	0.87529	0.546674	0.7113186	1.0457416	0.0646953	0.3360455	1.2540406	1.9410327
K02410	flagellar motor switch protein FliG	1.4655888	2.7983502	13.095824	0.531785	0.545361	0.2321167	2.7085764	6.0899612	2.023846	1.618604	5.331566	0.7502852	3.587304	1.0968685	0.6056006	4.51075	2.1397348	11.372894	12.2901712	0.997793	0.641744	39.712674	69.8154047	1.928824	1.437895	2.7432511	0.5685676	1.917881	2.04505	6.2097101	1.058633	2.171011	11.02653	3.608904	1.55522	1.3186141	4.9292078	4.003934	0.5541828	0.8920853	2.6424386	9.293441
K02411	flagellar assembly protein FliH	1.05755	0.213182	14.3247787	0.7064673	5.48656	0.580522	4.855425	12.4619	17.1132	11.023227	0.969376	0.275016	7.102801	2.228193	1.186346	0	1.8611286	8.728772	12.709772	1.485689	4.20442	36.425535	68.0233	0.0423165	0.0672496	2.454639	0.5661611	3.12194	0.818443	0.592816	1.4401481	7.56805	4.799524	0.9341012	7.6711193	0	11.525514	5.7884	0.360714	10.4978754	4.8048595	6.917277
K02412	flagellum-specific ATP synthase [EC:3.6.3.14]	1.0262231	1.361121	3.0021516	1.009554	2.67059	0.3650542	1.1152445	10.475763	12.4092258	6.425612	1.41721	0.773089	5.0810792	1.7070909	0.6114447	1.013613	1.5844502	6.0804756	9.910701	2.221308	2.838122	1.13744901	0.2192561	0.6602279	0.2614119	2.4313981	0.401217	2.407798	3.57756	3.38416098	1.4791043	3.5545278	18.4765567	1.9401488	4.1632144	1.637271	6.1829899	5.064597	0.195023	2.7291101	3.7688325	6.682304
K02413	flagellar FliJ protein	0.167248	1.4320934	16.173368	0.300047	0.146235	0.0570829	0.987272	3.912287	0.970829	0.470503	0.975161	0.532817	3.6514535	1.4696374	4.0505023	0.787444	0.678178	6.6096045	5.194732	1.219976	0.5439877	44.213733	80.340919	0.740749	0.284979	1.0268378	0.5197065	1.3007944	2.97363	3.6349397	0.77656	1.3747643	4.8822872	1.481201	1.3263325	0.3714791	0.464277	1.4161679	0.0450937	0.324495	1.413895	4.700071
K02414	flagellar hook-length control protein FliK	0	0	1.43956	0.4287761	0	0.0797495	0.10092	0.9572999	0.8021151	0.233132	0.122982	0.193569	5.3621891	1.314333	2.82778	0.5309827	0.2993758	2.4692785	2.1634478	0.267214	0.139049	0.283192	0	0.720124	0.335173	0.9324841	0.2495402	0.348516	0.636593	0.1818164	0.384661	1.02113	3.291163	0.699082	0.159541	0.655027	0.197906	0.984843	0.0643002	0.2682379	0.735049	2.597184
K02415	flagellar FliL protein	0	0	14.09409	0.77109	0	0	0.596135	0.0839639	0	0.2985682	0.130065	0	0	1.02399	0.308274	1.618114	0.204535	2.33364	0.427926	0	0	40.096215	75.5881507	0.0632423	0	0	0.2032105	0.0706237	2.98989	0.13209	0.4891983	0.052153	9.927491	1.517806	0.0530653	0.0908352	0	0	0	0.0448157	0	1.120114
K02416	flagellar motor switch protein FliM	0.1699897	0.406674	11.287813	0.084923	0	0.0807816	1.626008	1.013894	0.645501	0.980995	1.035197	0	0.6242031	0.0652247	0.15605	0.3710614	0.0886074	5.598685	5.123216	0.611055	0.90387	35.5212596	66.341464	0.654468	0.2286	0.935222	0.2463855	1.264389	3.17284	1.4019979	0.853428	0.122757	13.4351912	1.644479	0.7171296	0.2694657	0.123941	0.2595157	0	0.285073	1.762193	1.6543351
K02417	flagellar motor switch protein FliN/FliY	0	0.3924634	1.3766418	0.43457719	0	0	1.92875	0.9064285	0.521294	1.164737	0.52136	0	0.8823142	4.898363	29.6474962	0.5155032	0.760669	2.3334192	2.761554	0.123797	0.145089	0.282625	0.17346529	0.536923	0.125872	0.643383	0.305081	0.567202	3.334385	0.057277	0.693767	0	24.751382	1.714026	0.268918	1.509207	0.1107597	0.0786927	0	0.1560193	0.388871	2.303094
K02418	flagellar protein FliO/FliZ	0.0390548	0.986108	18.309728	0.437568	0	0.0776962	0.636427	2.530612	0.403751	1.3849736	0.500531	0.5115902	11.5525498	5.34453	27.8446545	0.7712663	1.5761234	3.022782	3.269522	0.5615016	0.7263178	42.4056304	74.2900476	0.0507799	0	0.3946228	0.3720175	1.24651	0	4.0598336	1.26049	1.632083	15.807517	1.2986253	1.0172443	1.458707	0.6449577	1.606121	0.301577	0.605455	1.027028	5.184801
K02419	flagellar biosynthetic protein FliP	1.39296	1.612374	13.6068692	0.451093	0	0.0615125	1.136278	3.0856753	0.818823	1.4767469	2.84573	0.609853	1.8310258	1.4075402	0.0869687	4.0015275	0.435149	5.4957724	6.268983	0.7358299	0.417559	35.5116254	65.125105	0.5643426	1.202597	1.141932	0.2832182	1.4021977	3.38135	2.8048184	0.7090391	1.2620206	16.50121	2.3219205	1.0729545	0.4730607	0.9507904	1.9131136	0	0.3048206	1.26692	5.6179252
K02420	flagellar biosynthetic protein FliQ	0	0.8136257	15.7781792	0.882138	0.1819936	0.0196426	2.8544608	1.32243	1.0093763	0.97794	2.312115	0.33952	1.0869732	0.7956635	0.0623361	0.5256028	0.4703137	7.7057333	7.57923	1.1260512	0.7607508	45.2786726	83.116265	0.7584431	0.611636	0.805596	0.4300762	1.4033254	3.77929	2.1313492	1.195171	1.5098647	6.5372792	2.376793	0.8096387	1.1671747	0.479807	2.555142	0.1259002	0.618	2.2880753	7.135045
K02421	flagellar biosynthetic protein FliR	0.142735	1.4864066	12.704626	0.522138	0	0.1325651	0.5942113	2.8270097	0.419727	0.3079234	1.743923	0.507993	2.1754	2.7561972	6.43599	1.205346	0.478271	3.1065754	3.480401	1.181579	1.028845	36.889232	70.8987423	0	0	0.39398	0.396634	1.537498	2.90677	3.6118928	0.690216	1.5192322	4.8922061	0.754738	0.6514212	0.4933327	0.441569	1.6056867	0	0.4996	0.9876938	4.975656
K02422	flagellar protein FliS	1.3568584	1.281861	8.0186178	2.145945	6.20856	2.439841	12.990709	43.650278	56.986581	14.1177429	3.006173	0.186836	14.883898	7.846929	26.257047	1.063137	2.902479	24.6073542	45.85364	1.39627	6.956536	0.389117	0	1.2667	0.377543	3.777147	0.1721041	4.698122	3.95588	2.991611	1.9606882	9.5571666	20.2764196	0.8206363	13.3684859	2.424176	13.5838	7.056518	0.9228163	17.2097558	8.22474	12.859658
K02423	flagellar protein FliT	0	0	3.43235	0	0	0.19424	0.380638	0.0434296	0	0.984079	0	0	9.45312	2.82946	13.003	0	0.596562	0.0421545	0	0	0	0	0.151971	0	0	0	0.119466	0.0772162	1.71177	0	0.0843154	0	3.50158	0.74336	0	1.54548	0	0.0813375	0	0	0	0.707507
K02424	cystine transport system substrate-binding protein	0.1702504	0.26728	0.7013913	2.7392253	8.8679571	0.666589	0.73336029	1.48225698	0.8850959	1.106707	1.35731	0.411979	1.1192986	0.1651235	0.2721541	0.1983575	0.2419251	3.741522	0.699399	0.3327304	0.218195	5.539128	9.6845801	2.02092	0.9628166	1.05949	1.648772	1.0644017	5.28871	1.004294	0.7301299	0	7.372395	0.7057466	0.0450796	1.1958958	0.2660956	1.221836	10.6296634	1.120319	18.12965	6.3950403
K02425	FliZ protein	0	0.0451408	3.80031	0	0	0.0417472	0.204522	0	0	0.0387855	0.095506	0	7.90121	3.82188	22.793	0	0.091583	0	0	0	0	0.051232	0	0	0	0	0.149778	0	0.76357	0	0	0	4.75752	0.252263	0	0.456725	0	0	0	0	0	0.442128
K02426	cysteine desulfuration protein SufE	1.250591	0.998789	11.6641462	1.0101577	0.168866	0.4154749	2.1064	0	0	1.2008314	1.960422	3.8861221	16.294632	12.00071	75.8972	2.177797	1.369829	0.225137	0	0	0	1.8888938	1.5265886	0	0	0.817475	1.008976	0.3139857	4.471942	0.163607	0.714692	1.7927076	14.7943461	2.911887	0.259165	3.81761	0	0	0	0	0.0550102	1.8027642
K02427	cell division protein methyltransferase FtsJ	0.147224	0.5929899	7.080507	0.42248	0	0.233965	3.5339	7.1851713	0.216321	1.4703192	5.140256	0.0218065	7.66378	8.38227	31.1106	1.174926	6.055815	0.4259296	0.5190563	0.225864	0	0.434174	0.376344	0.0161713	0	0	0.340477	0.900192	4.04042	8.9394384	1.073676	0	20.630346	2.94096	0.3906428	2.63398	0	0.109806	9.04917	3.705291	0	2.45336
K02428	XTP/dITP diphosphohydrolase [EC:3.6.1.66]	61.1829327	40.4469606	15.8441954	55.1218959	45.7489781	44.6181239	31.0784175	27.0216547	20.0535784	69.4294997	58.4371378	60.170252	67.447014	19.3544502	41.7061225	41.2201765	30.0142299	18.3534257	18.0129997	85.2865034	46.0250268	44.3620358	44.5378497	23.604529	14.6660979	35.7276196	47.8118059	49.8862647	70.5664267	31.2746401	90.5394113	36.0655726	67.3843963	36.0024639	45.2056868	18.6947915	72.138271	89.907504	113.0245806	90.3745821	62.0059371	44.7244297
K02429	MFS transporter, FHS family, L-fucose permease	0.808713	0.773494	5.100416	0.0879938	0.0778217	1.3749598	5.7542962	2.1168861	0.457135	6.749617	4.788854	17.5896198	12.783755	6.152801	13.278503	16.473652	1.9023555	0.9692678	0.1776603	1.242426	1.105608	7.8424085	4.4929899	1.5535264	2.543911	7.0224861	3.075166	39.0241112	54.3469433	5.529931	1.7185681	1.696742	7.991832	8.9890053	3.7368105	0.551599	6.337011	5.5561473	7.065306	1.1812131	0.1545034	4.017491
K02430	DeoR family transcriptional regulator, L-fucose operon activator	0	0.0177104	3.49855	0	0	0.166805	2.080979	0.0237692	0	0	0.844414	0	4.99804	3.12116	15.9327	0	0.154741	0	0	0	0.0148953	0	0.225607	0	0	0	0.19213	0	2.25352	0	3.7206508	0	5.78554	0.718652	0	1.26188	0	0.0603742	0.0258604	0	0	0.591988
K02431	L-fucose mutarotase	0.283798	1.4985457	7.38135	0.345972	0	0.184422	2.336421	2.4519526	0.121429	0.283406	2.046819	0.4911088	4.66165	5.534547	12.987091	0.8390735	0.885711	0.159045	0	0.1949065	0.0471201	0.481668	0.8790955	0.0890077	0.0900638	0.0443235	0.378089	0.336018	4.75315	1.91024	1.0031863	0	8.5852	2.0162685	0.538623	1.039381	0	0.0681553	0	0	0.2524934	3.0881415
K02432	frizzled 1/7	0	0	0	0	0	0	0	0	0	0	0	0	0	0	0	0.05260782	0	0	0	0	0	0	0	0	0	0	0	0	0	0	0	0	0	0	0	0	0	0	0	0	0	0
K02433	aspartyl-tRNA(Asn)/glutamyl-tRNA(Gln) amidotransferase subunit A [EC:6.3.5.6 6.3.5.7]	60.1816206	38.1127449	28.2159822	55.1510601	48.5914809	41.8900493	52.1842009	48.1942904	43.3732739	85.1344985	75.6360397	32.5740016	59.4168846	26.9348148	7.4060216	18.7522013	53.513628	31.8995122	44.1041236	85.0505855	75.4125191	63.2736221	95.8586358	26.7218764	14.2125547	34.9436985	49.1401882	18.8711503	9.3387582	43.0248573	113.1262076	62.3144052	44.7363168	50.9112929	53.7354091	26.9023908	72.4284318	76.9697278	109.71712	101.3705718	64.5740967	55.934139
K02434	aspartyl-tRNA(Asn)/glutamyl-tRNA(Gln) amidotransferase subunit B [EC:6.3.5.6 6.3.5.7]	17.711587	7.7515683	26.6380602	10.5995676	21.937119	36.7292304	37.4778912	36.9495204	33.7692958	66.2898304	44.2102361	4.2205206	28.69759	25.5164713	1.9836013	11.3659435	15.3099622	22.3948028	28.2107218	29.2057712	21.4853356	56.2310852	83.5915996	36.2008432	21.1604635	11.131743	18.1182454	10.3141351	3.5942458	25.1664764	32.3357203	22.4435296	28.5002333	13.1372685	25.4352982	16.428162	28.1540726	17.340541	19.1276461	22.1342404	29.946787	45.6660496
K02435	aspartyl-tRNA(Asn)/glutamyl-tRNA(Gln) amidotransferase subunit C [EC:6.3.5.6 6.3.5.7]	58.7164156	86.7206495	26.696661	40.9970831	151.4514455	78.6839116	53.9804174	31.0245076	31.167125	74.6292125	59.2779632	35.7229638	58.255789	10.620976	30.8151231	9.273026	13.1509471	26.2222755	16.5455223	106.1100602	54.01916	52.6953593	103.921397	42.8701193	33.5539065	69.0121573	80.2059196	8.27326	8.5954369	26.7764412	74.5131204	30.9377142	76.0378925	39.2319737	38.2182936	19.2260296	77.0684813	90.2030676	92.9902962	94.5004282	114.992145	34.4579875
K02436	DeoR family transcriptional regulator, galactitol utilization operon	0	0.260739	0.057079	0.0134472	0	0.101711	0.184463	0	0	0	0.0311196	0	0	0.257224	0.0876112	0	0.278912	0	0	0	0	0	0.2019654	0	0	0	0	0.0508497	0	0	0.137971	0	0	0.338575	0	1.01159	0	0.0178546	0.0186515	0	0	0.4796532
K02437	glycine cleavage system H protein	14.015777	39.8677421	15.885486	14.6221012	86.92562	21.89384	16.480616	16.1803558	9.508902	12.135349	5.0361366	46.0070876	43.40609	8.85493	43.176522	37.935334	3.7339051	8.795011	2.6055004	8.3226598	2.5079466	50.167154	67.6299445	1.0176291	3.102561	38.43739	35.5395941	51.367732	103.2086463	8.3897115	11.149755	10.435363	39.850745	10.540206	15.7288931	4.7432026	14.2904855	15.689272	5.8968017	1.4868713	5.553289	20.4127149
K02438	glycogen operon protein [EC:3.2.1.-]	0	0.247778	5.70231	0	0	0.2679632	2.107919	0.0187032	0	0.00931149	0.121884	0	3.49464	7.52634	14.2492	0.222907	0.527133	0	0	0	0	0.0115918	0.1318032	0.0622981	0	0	0.131126	0.0633799	0.3209	0.0147106	0.488114	0.00777947	5.206198	1.755697	0.269858	2.29942	0	0	0	0	0	2.2451
K02439	thiosulfate sulfurtransferase [EC:2.8.1.1]	0	0.8810326	17.89899	0	0.0463668	0.2354584	3.773841	0.1975761	0	1.1906051	4.971606	0	13.32134	10.31075	54.6597	1.81984	1.384911	1.3824764	0.394598	0.162229	0	0.1930928	0.5689384	0	0	0.0611762	0.485962	1.8798275	6.34563	0.312794	1.723661	0.144084	27.521578	2.479049	0.816911	5.65804	0	0.0992593	0	0	0	3.158973
K02440	glycerol uptake facilitator protein	46.4546003	30.0515789	17.3358817	16.2444526	21.6448669	26.8524434	36.8229458	11.1211378	12.39058	10.6642767	10.326522	4.6479308	4.83473	19.2258766	10.7987329	2.0936723	14.1381446	15.233501	22.0509059	53.3332555	39.354905	5.5906705	14.8360331	3.6078556	15.9595349	16.5779762	26.4752727	4.9364256	4.66845	9.7485597	48.090092	15.3278773	42.5048343	15.0275985	12.2008469	18.78201	28.5439004	37.0502109	55.38559	86.088754	82.549262	17.3084433
K02441	GlpG protein	0	0.43801	11.687121	0	0	0.4066214	2.463025	0.2636808	0	0.7192139	0.044317	0	8.81656	6.35697	39.6199	0.6352	0.978812	0	0	0	0	0.0501871	0.1835045	0	0	0	0.34103	0.1051489	0.379033	0.0541993	0.8504052	0.0272746	14.25442	0.7445664	0.476316	1.78922	0	0.0299892	0	0	0	1.044409
K02442	membrane protein GlpM	0	0	0	0	0	0	0	0	0	0	0	0	0	0	0	0	0	0	0	0	0	0	0	0	0	0	0	0	0	0	0	0	11.1223	0	0	0	0	0	0	0	0	0
K02443	glycerol uptake operon antiterminator	0.7114032	0.494989	0.484642	5.106885	2.4820965	2.87275	0.702924	3.95946	3.38747	0.0924201	0.402217	0.67012	0.2122132	0.4525645	0.1738981	0.189713	1.80333	3.928455	3.222062	1.42155	1.7591	0.203437	0.200084	3.1963748	0.616775	1.919942	1.31071	0.277978	0	1.542382	0.265413	0.60721	0	0	0.5982866	1.494381	0.0613999	0.0974672	1.9171409	5.7248471	0.876455	0
K02444	DeoR family transcriptional regulator, glycerol-3-phosphate regulon	0	0	1.30346	0.00698129	0	0.0581373	0.126658	0.0138446	0	0.0272007	0.0957477	0.138056	0	0.557529	0	0.2451081	0.122959	0.128333	0	0.0154153	0	0.0150982	0.325789	0.0564221	0.0987647	0	0.285094	0.0235742	4.29572	0.0454554	0.0747624	0.0118193	12.754883	0.333037	0.0596199	0	0	0.0865463	0.0129796	0	0	0.0175829
K02445	MFS transporter, OPA family, glycerol-3-phosphate transporter	2.0096077	1.5988786	6.141502	0.566792	0	0.3116353	3.0421007	0.265513	0.1365224	7.95138516	8.0440431	2.031081	1.2920938	3.498496	4.7030528	1.8143925	0.3977836	1.2986799	0.5236567	0.615373	0	1.523864	1.67367745	0.29426705	0.1067125	1.434471	0.45028424	1.380152	4.3148138	0.6461114	0.8980911	2.30078203	7.0584626	1.8504139	0.572186	0.7166635	0.3038035	0.69401835	0.134297	0.1488511	0	2.48568975
K02446	fructose-1,6-bisphosphatase II [EC:3.1.3.11]	0	0.640389	5.6226336	0.486576	0	0.386398	3.434449	0	0	0.2110133	1.305282	0.0998313	11.02466	12.72072	43.902878	0.767607	0.3207	0.0605145	0	0	0.024888	0.303817	0.4112092	0	0	0.0199005	0.2674038	0.5603728	3.99707	0.9059505	0.8833115	0.1682949	11.749619	1.9529264	0.380605	2.609633	0	0.0918235	0.0393738	0.2138997	0	2.6319429
K02448	nitric-oxide reductase NorD protein	0	0	0	0	0	0	0	0	0	0	0	0	0	0	0	0	0	0	0	0	0	0	0	0	0	0	0	0	0	0	0	0	6.55775	0	0	0	0	0	0	0	0	0
K02450	general secretion pathway protein A	0	0	0	0	0	0	0.186859	0.0178209	0	0.0625669	1.960293	0	0	0	0	0	0.195736	0.1432451	0	0	0	0.0125488	0.10107	0	0	0	0.114597	0	3.42472	0	0.0689853	0	3.90963	0.3607483	0	0	0	0.0841422	0	0.0424316	0	0.294943
K02451	general secretion pathway protein B	0	0	0	0	0	0.0932354	0.669923	0.0653053	0	0	1.99077	0	0	0	0	0	0.818142	0.192974	0	0.0933463	0	0	0.121577	0	0	0	0.191145	0	4.05656	0.170878	0	0	4.079547	0.97028	0	0	0	0.097605	0	0	0	0.595586
K02452	general secretion pathway protein C	0	0	0.0962451	0	0	0.0754267	0.331655	0	0	0.720305	1.61414	0.369018	8.908159	3.50195	33.1999	0	0.280698	0	0	0	0	0	0.743661	0	0	0	0.0185582	0	3.7081	0.9449511	0	0.0656486	14.20067	0.228401	0	0.0873233	0	0.0923291	0	0	0	0.33421
K02453	general secretion pathway protein D	0	0	0	0	0	0.0558482	0.2422579	0.0977949	0	0.0241137	1.6355594	0.0444848	0	0.687404	0	0	0.3148248	0.0915102	0	0	0	0.0430558	0.160921	0	0	0	0.179165	0	4.1234113	0.0716495	0.0247251	0	13.963002	0.393504	0	1.19361	0	0.131548	0	0	0	0.2932806
K02454	general secretion pathway protein E	0	0	0.209679	0.157167	0.0920661	0	0.2242096	0.274282	0	0.0239761	0.893541	3.5487644	0.569305	0	0.228352	0.380004	0.617476	0.0317723	0.0579549	0.0438333	0.0828808	0.369976	0.0288805	0.458701	0	0.301794	0.0516608	0	6.3134543	0.9602518	0.12169	0.16393	15.439607	0.3153572	0.315208	0.074362	0	0	0	0	0	0.2892052
K02455	general secretion pathway protein F	0	0	0	0.0217878	0	0.0386543	1.008287	0.01755969	0	0.031001	1.26145	0	0	1.16389	0	0	0.313075	0	0	0	0	0.087752	0.1209063	0	0	0	0.082154	0	3.90457	0.104716	0.060881	0.0401936	11.98628	0.606791	0.0413068	1.4304	0	0.117462	0	0	0	0.48029
K02456	general secretion pathway protein G	0	0	0.134933	0	0	0.116544	0.5174187	0	0	0.2028157	1.91967	0.2551338	0.192921	1.547492	0.0216014	0.119639	0.926801	0.0904566	0	0	0	0	0.82619	0	0	0	0	0	7.21587	0.6602161	0.430008	0.0699666	27.24658	0.733579	0	1.85458	0	0.0915047	0	0	0	1.3722687
K02457	general secretion pathway protein H	0	0	0	0	0	0.0932354	0.508495	0	0	0	1.47175	0	0	0	0	0	0.358251	0.120609	0	0	0	0	0.0911828	0	0	0	0	0	3.15409	0	0.25045	0	14.06273	0.552522	0	0.231823	0	0.0488025	0	0	0	0.6778915
K02458	general secretion pathway protein I	0	0	0.0648378	0	0	0	0.288484	0	0	0.739361	1.51553	0	0	0.0607354	0	0	0.403688	0	0	0	0	0	0.143973	0	0	0	0	0	4.31426	0	0	0	12.42083	0.9038688	0.151748	0	0	0	0	0	0	0.776649
K02459	general secretion pathway protein J	0	0.0252955	0	0	0	0	1.179332	0.100642	0	0.0434063	2.03362	0	0	0	0	0	0.336223	0.237913	0	0	0	0	0.262307	0	0	0	0.137467	0	4.50753	0	0.0254676	0	20.009537	0.578824	0	0	0	0.120335	0	0	0	0.656991
K02460	general secretion pathway protein K	0	0	0.0869775	0	0	0.0503069	0.262463	0	0	0.703295	0.837842	0.308942	0.542305	0	0	0	0.830052	0	0	0	0	0	0.732877	0	0	0	0.113449	0	2.8524	0.908212	0	0	9.4984	0.3920053	0	0.0387717	0	0.105329	0	0	0	0.4744197
K02461	general secretion pathway protein L	0	0	0.0304421	0	0	0	0.257444	0.0434724	0	0.907295	1.41609	0	0	3.28089	0	0	0.163386	0	0	0	0	0	0.113304	0	0	0	0.0999081	0	0.240798	0	0	0	7.3710396	0.1879591	0	0	0	0.051979	0	0	0	0.827061
K02462	general secretion pathway protein M	0	0	0	0	0	0.0433653	1.7780764	0	0	0.9704111	0	0	0	4.24809	2.6829	0	0.619506	0	0	0	0	0.0821573	0.2184899	0	0	0	0.38853	0	0	0.018755	0.2118659	0.0544932	26.82996	0.742129	0	2.05966	0	0	0	0	0	1.5333055
K02463	general secretion pathway protein N	0	0	2.00976	0	0	0	0.316752	0.0194834	0	0	0	0	0	0	0	0.625303	0.0780008	0	0	0	0	0	0	0	0	0	0	0	0	0	0.285929	0	0	0.113244	0.0733021	0	0	0	0	0	0	0
K02464	general secretion pathway protein O [EC:3.4.23.43 2.1.1.-]	0	0	0.0462269	0	0	0.14276	0.5217154	0	0	0.658921	1.199794	0	0	0	0	0	0.278978	0	0	0	0	0.0272548	0.138495	0	0	0	0.2155926	0	5.25204	0	0.103808	0	2.48615	0.256086	0	0	0	0.152087	0	0	0	0.435172
K02466	glucitol operon activator protein	0	0.0219163	1.89002	0	0	0.279706	3.382866	0	0	1.25691	0.548478	0	10.109	6.06313	17.4758	0	0.43829	0	0	0.0419376	0.0327045	0	0.23447	0	0	0	0.204798	0.238267	0.307676	0	0.2168114	0	3.1984163	1.529196	0	1.47042	0	0	0	0	0	0.886662
K02467	GutQ protein	0	0.23262	1.51427	0	0	0.0221742	0.372802	0.0432167	0	0.0195786	0	0	7.0104	3.76568	25.196	0	0	0	0	0	0	0	0.096558	0	0	0	0.115952	0.173736	0.880581	0.0134554	0.223188	0	11.30982	1.108135	0	0.306824	0	0.0200252	0	0	0	1.306875
K02468	DeoR family transcriptional regulator, glucitol operon repressor	0	0	2.66427	0	0	0.0403422	0.118583	0.0134235	0	0	0.615279	0.0468399	2.59701	3.12873	24.6827	0	0.285098	0	0	0	0	0.0656733	0.0526054	0	0	0	0.0413535	0.227194	0	0.0603161	0	0	2.50575	0.243774	0	1.71192	0	0	0	0	0	0.325523
K02469	DNA gyrase subunit A	39.5052999	35.2613926	28.0214607	58.6587782	36.5611841	46.108964	49.8909388	23.0015269	26.3601717	12.8549311	18.981095	4.516768	26.0096287	14.1363093	10.3935032	10.166317	18.6124092	32.4272555	35.6560653	43.5559389	34.7313326	77.0165722999999	111.6376432	30.5425524	16.4463956	23.4128981	47.5438551	5.4108491	1.2334451	19.4453913	31.2295178	21.2450141	36.1336215	13.4466137	22.9493934	9.5904591	35.5965613	38.5727503	63.0888491	88.6292948	60.299324	28.193762
K02470	DNA gyrase subunit B	62.1533556	49.7137735	24.6983314	51.3350198	61.6368065	45.5994681	45.5836687	37.38929238	41.1228728	67.3117827	74.476606	13.9848871	39.555659	47.1642396	19.823391	18.6193826	45.7039166	22.5077755	19.5684466	91.3019682	93.3872209	34.17042367	40.0621334	30.4589756	38.0403532	38.999954	66.833054	15.5624082	9.953516	34.73934315	65.1938749	54.1668542	58.1029664	59.7330596	42.2452634	26.0926107	48.6089047	57.9459767	101.6380948	99.463761	92.6975724	44.0571364
K02471	putative ATP-binding cassette transporter	0.1680471	0.2215581	4.187435	0	0	0	0.0382159	0	0	1.397287	7.49697	0	3.556544	1.34142	5.85941	0.170198	0	0.61447276	0.629829	0.440858	0	0.0176143	0	0	0	0	0.117128	1.366705	0	0	0	0.0792998	2.2799005	0.112701	0.1248453	0.293401	0	0	0	0	0	0.230679
K02472	UDP-N-acetyl-D-mannosaminuronic acid dehydrogenase [EC:1.1.1.336]	1.141332	0.767844	1.779098	5.6963417	2.77383	0.1397604	1.044897	3.159254	2.85963	2.516333	0.9680128	19.612872	0.0844028	0.823158	0.106947	8.29466	3.131553	0	0	1.22556	0.788521	1.939224	1.334659	0	0.586913	0.261424	0.841096	7.054029	62.71409	3.810381	1.5680542	2.4508283	7.0939502	1.6191999	0.7267391	0.88951	0.09796	0.8092467	2.274789	0.345041	0.174398	1.665876
K02473	UDP-N-acetylglucosamine 4-epimerase [EC:5.1.3.7]	0	0	0	0.525443	0	0	0	0.428566	0	1.08216	0.14892	0	0	0	0	3.055418	0	0	0	0	0	0.999414	0.1091133	0	0	0.839335	0	0	0	0.622381	0.312923	0.0681633	0	0	0.1861967	0	0.4432	1.99183	3.09949	0.72333	0	0
K02474	UDP-N-acetyl-D-galactosamine dehydrogenase [EC:1.1.1.-]	0.381367	0.2301263	0.0496922	0.295562	0	0	0	0.3462796	0.0703398	1.2170093	0.239531	4.83528	0.83647	0	0	0.869158	0	0	0	0	0	1.423247	0.3097807	0.149723	0	0	0	0.051614	0	0.296983	0.273808	1.8358197	0.134321	0.0668931	0.0891716	0.218031	0	0.0772599	0	0	0	0.030687
K02475	two-component system, CitB family, response regulator	0	0	0	0	0	0	0	0	0	0	0	0	0	0	0	0	0	0	0	0	0	0	0	0	0	0	0	0	0	0	0	0	0	0	0.352021	0	0	0	0	0	0	0
K02476	two-component system, CitB family, sensor kinase	0	0	0	0	0	0	0	0	0	0	0	0	0	0	0	0	0	0	0	0	0	0	0	0	0	0	0	0	0	0	0	0	0	0	0.186415	0	0	0	0	0	0	0
K02477	two-component system, LytT family, response regulator	0	2.4453584	5.0758997	0.1178184	0	0.3672885	3.578026	0.521833	0	0.96178	0.508589	1.95114	9.41123	8.11799	22.5957642	6.215161	0.5824552	0	0	0.145337	0.183162	1.1886553	0.5586141	0.0159242	0	1.219563	0.2813	1.5671134	1.069941	0.3667111	1.1541835	0.8245532	15.5388074	3.852461	3.3933352	2.302459	0.77874	6.43291	0.0818549	0	0	3.9066917
K02478	two-component system, LytT family, sensor kinase	0	0.615479	4.23347	0	0	0.02368137	1.291869	0.1090146	0	0.0127164	0.3763409	0.2332599	7.893759	3.04927	21.49816	0	0.398674	0.0177103	0	0	0	0	0.805476	0.00771938	0	0	0.225788	0.0629253	0.5745803	0.82720298	0.554087	0.0148254	11.946592	2.060638	0	0.705342	0	0.0244044	0	0	0	2.388583
K02479	two-component system, NarL family, response regulator	0	0	0	0	0	0	0	0	0	0	0	0	0	0	0	0	0	0	0	0	0	0	0	0.0510803	0	0	0	0	0	0	0	0	0	0	0	0	0.10881	0	0	0	0	0
K02480	two-component system, NarL family, sensor kinase	0	0	0	0	0	0	0	0	0	0	0	0	0	0	0	0	0	0	0	0	0	0	0	0	0	0	0	0	0	0	0	0	0	0	0	0	0	0	0	0.0622263	0	0
K02481	two-component system, NtrC family, response regulator	0.9167137	0.808171	0	0	0	0.3815785	1.61974	0.4101029	0.320763	2.811035	1.887718	3.844615	4.919097	0.442996	0.124854	6.183238	0.5927221	0.512136	0.0697	0.500145	0.489633	2.8073	1.518302	0.508653	0.683229	2.792689	0.890947	17.615678	0.152679	3.812385	0.0922133	1.88364	3.214125	3.499949	0	0	2.62655	1.4507189	0.177661	0.0738545	0	0
K02482	two-component system, NtrC family, sensor kinase	0	0	0	0.618915	0	0	0	0	0	0	0	0	0	0	0	1.325623	0	0	0	0	0	0.2414958	0	0	0	0	0	0	0	0.0628884	0.491741	0.05267	0	0	0.0643097	0	0	0	0	0	0	0
K02483	two-component system, OmpR family, response regulator	0	1.8764344	12.4255411	1.414926	0.242353	0.0121546	0.6441691	0.3488303	0.093613	0.9221399	0.9569294	2.716542	4.2267326	4.223429	17.6855967	0.541431	0.9536371	2.26668	0.647775	0.621454	0.0581699	39.6449432	73.8750571	0.7875703	0.1351295	0	0.7361842	0.2483158	0.1857435	0.9992209	1.2451773	0.3291703	3.836631	1.1861993	0.0381042	3.7216579	0.19648	0.0774643	0	0.0527556	0.1373349	2.7702029
K02484	two-component system, OmpR family, sensor kinase	0	1.69849	0.3686032	0.2522161	0.129219	0.2244524	0.3639167	0.0729215	0	0.571494	1.9912271	0.058846	0	1.3561674	0.1003845	0	0.6603374	0	0	0.6411104	0.156934	0	0.0950292	0.8218037	0	0	0.585571	0.3136332	3.7525415	0	0.8034729	0.241665	6.7010267	0.630044	0.0782701	0.4276152	0	0.108988	0	0	0	0.9373414
K02485	two-component system, unclassified family, response regulator	0	0.251082	1.85486	0	0	0.0956258	0.247788	0.102039	0	0	0.382157	0	3.84502	3.30104	14.631	0	0.319587	0.0360949	0	0	0	0.0562334	0.0569892	0	0	0	0.119466	0.14478	1.21116	0.0415534	0.1159337	0.0309209	5.63114	0.488982	0	1.38128	0	0.0406687	0	0	0	0.607341
K02490	two-component system, response regulator, stage 0 sporulation protein F	0	0	0.0462985	0	0	0	0	0	0	0	0	0	0	0	0	0	0	0	0	0	0	0	0	0	0	0	0	0	0	0	0	0	0	0	0	0	0	0	0	0.0543276	0.0525543	0
K02491	two-component system, sporulation sensor kinase A [EC:2.7.13.3]	0	0	0	0	0	0	0	0	0	0	0	0	0	0	0	0	0	0	0	0	0	0	0	0	0	0	0	0	0	0	0	0	0	0	0	0	0	0	0	0.0322262	0	0
K02492	glutamyl-tRNA reductase [EC:1.2.1.70]	3.0655763	6.34736	7.9947834	11.801493	6.3024332	18.166811	18.4748151	13.3701356	9.7575526	4.9496916	12.5512073	24.4574426	23.4389063	5.9886701	1.0773943	10.1460085	14.0770621	5.843174	9.194025	7.0497879	7.038722	10.8853405	13.2382456	13.3965508	4.404647	17.2049269	19.3946396	1.3809396	4.995911	18.2393888	5.0527322	7.3213969	20.422599	10.7339154	7.676659	3.6102415	11.3363384	29.429773	16.878645	26.094211	4.4232649	2.5610482
K02493	HemK protein	56.4180176	68.1174946	29.7625547	38.862451	101.3661403	44.2502843	37.6018307	28.018202	29.044337	16.9149989	18.5825568	17.5572933	34.4304136	10.6488913	21.930253	18.5602093	13.7843621	24.3853716	21.5506814	32.3010309	32.705589	45.8566014	79.287975	31.4059858	19.1280902	43.9556453	54.8875945	39.6175463	37.933341	23.7499872	17.1503487	21.0825173	52.4690607	23.0227577	20.4725603	17.3812931	32.0395783	26.771555	45.0096264	90.4773442	50.240216	26.6885153
K02494	outer membrane lipoprotein LolB	0	0.228834	3.14463	0	0	0.4229763	1.8568744	0.0763308	0	0.0271088	0.131916	0	0	2.14965	0	0.383259	0.1867253	0.0379008	0	0	0	0.0347551	0.103879	0	0	0	0.103056	0	3.28208	0	0.590921	0	16.5398202	1.272208	0.205944	0	0	0	0	0.0242868	0	1.2482737
K02495	oxygen-independent coproporphyrinogen III oxidase [EC:1.3.99.22]	0	0.4166449	2.6920427	0	0	0.0616999	1.678554	0.0504195	0	0.5217959	0.319945	0	4.59792	3.08605	17.4228	0	0.496299	0	0	0	0	0.0202466	0.2000525	0.0140204	0	0	0.126493	0.17033	0.740942	0.016537	0.431497	0.0117645	15.944844	1.732969	0	1.50003	0	0.0317779	0.0166246	0	0	1.922284
K02496	uroporphyrin-III C-methyltransferase [EC:2.1.1.107]	0	0.13138	3.60287	0	0	0.0264961	0.235759	0	0	0.0151571	0	0	9.58582	3.20312	28.6069	0	0.10446	0	0	0	0	0	0.0345486	0	0	0	0.0991618	0	0	0	0.0256238	0	0.718945	0.119647	0	0	0	0.025257	0	0	0	0.231139
K02497	HemX protein	0	0	0	0	0	0	0	0	0	0	0	0	0	0	0	0	0	0	0	0	0	0	0	0	0	0	0	0	0	0	0	0	0	0	0	0	0.0516276	0	0	0.0644193	0	0
K02498	HemY protein	0	0.405759	4.2617	0	0	0.0879168	0.870372	0.1347	0	0.0455115	0.806739	0	6.90314	4.66172	29.5675	0	0.694491	0.0381879	0	0	0.0265318	0.0652864	0.164443	0.0461054	0	0.0342957	0.295762	0.0422058	1.54584	0	0.430964	0.0197952	6.4616228	1.86759	0.241707	1.2355	0	0.0411571	0.0227042	0	0	1.7484318
K02499	tetrapyrrole methylase family protein / MazG family protein	1.1155935	0.936333	0.6197977	4.42721	2.26319	2.7055787	0.7109031	2.527859	2.2764788	0.463851	1.0651706	0.8648552	1.6537493	0.4633162	0.1993256	0.2736737	1.771964	1.3873619	1.038564	1.3815498	1.1734097	0.803826	1.4890663	1.84291	0.641947	1.4897034	1.8758387	1.130622	1.95938	2.560263	0.495245	1.591226	0.8283887	0.5129551	1.259424	1.90668	0.9170359	1.3659097	1.357884	5.8610037	0.750337	3.083525
K02500	cyclase [EC:4.1.3.-]	72.7790015	64.333301	51.5278398	29.346149	91.7705346	53.2085434	51.4615486	56.3370028	51.0036963	81.3245361	55.4914184	68.5374249	67.67663	14.276444	24.2160605	42.1629636	40.0777137	40.120703	56.5884575	72.2567421	43.1352473	84.1586963	129.2026	74.5400979	56.7650083	58.504625	51.3184937	57.8261046	61.8809539	28.6451842	30.759674	24.9990835	88.348418	65.0344388	33.8382392	20.4310652	80.4812349	105.4325847	73.3578085	79.5830546	116.125918	47.0894078
K02501	glutamine amidotransferase [EC:2.4.2.-]	42.120951	23.491758	4.6719107	13.6645422	15.2037516	28.2940435	24.0894746	11.2966254	7.3186701	16.5249655	8.0560727	26.786901	8.3093656	4.4598699	2.3034872	14.0584124	4.0873196	9.612474	10.494392	30.883438	21.647722	11.5902108	12.706541	2.09818	7.9038155	14.332581	19.5257123	24.373409	66.869587	10.0667345	6.3918839	11.1450681	37.8328148	12.4133236	4.0324339	3.7745752	26.51678	35.9021965	50.2286892	63.1651135	50.349456	9.4228291
K02502	ATP phosphoribosyltransferase regulatory subunit	2.802374	2.595224	15.0765429	2.1691558	6.7140868	2.3822399	18.182968	17.3543959	23.366137	43.132815	21.8306833	0.719856	10.204283	3.8363231	0.927745	4.9059886	3.86498	14.350733	22.340221	10.507383	6.550387	30.9077858	61.392656	19.770902	1.2526569	4.104531	1.340359	4.3530475	0	5.2875928	3.7622197	8.7256911	14.528773	3.177727	15.6732359	2.7745062	12.5422201	6.66432	1.8719143	14.2089579	11.203887	9.084573
K02503	Hit-like protein involved in cell-cycle regulation	44.8994533	32.6136759	10.3500605	19.9370129	27.3945413	19.381705	20.68645	6.9048368	8.6127324	15.5988269	12.1254839	1.5767012	22.0338185	6.4841083	16.101359	13.2851731	4.3894312	6.116719	7.67527	46.7451429	35.4630983	21.4744753	18.9663222	2.3565046	15.040716	18.637222	26.904609	29.6891432	5.4433613	8.573283	7.7213348	7.4660303	27.3110713	21.3513607	7.7392571	1.8176438	36.2695917	43.5704897	62.196135	81.5737701	81.3498756	10.8689238
K02504	protein transport protein HofB	0	0.285209	0.8241687	0	0	0.0226439	0.2331252	0.0313772	0	1.0640687	0.180163	0	1.44223	1.81305	8.08292	0	0.0518716	0	0	0	0	0	0.1061308	0	0	0	0.102462	0.0426043	0	0	0	0	3.0657515	0.266902	0	0.844014	0	0	0	0	0	0.3414134
K02505	protein transport protein HofC	0	0	1.8788807	0	0	0.0181357	0.2902738	0	0	0.937596	0	0	1.41585	1.86214	11.6869	0	0.148594	0	0	0	0	0	0.0400004	0	0	0	0.155203	0.037181	0	0	0.051739	0	2.46561	0.240764	0	0.372501	0	0	0	0	0	0.367156
K02506	leader peptidase HopD	0	0.102715	2.2199439	0	0	0	0.203007	0	0	1.302045	1.71295	0	0	0	0	0	0	0.19736	0.282285	0.109822	0	0	0	0	0	0	0	0.473827	0	0	0	0	0.0177841	0	0	0	0	0	0	0	0	0.104489
K02507	protein transport protein HofQ	0	0.315408	2.4049991	0	0	0	1.2707227	0.0101497	0	0.34258679	0.0687605	0	4.06851	2.29243	16.1524	0	0.2223169	0	0	0	0	0.0281908	0.1286661	0	0	0	0.0377551	0.0319454	0	0	0.2012438	0.111436	0.315897	0.585825	0	0.819588	0	0	0	0	0	0.159439
K02508	AraC family transcriptional regulator, 4-hydroxyphenylacetate	0	0	0	0	0	0	0	0	0	0	0	0	0	0	0	0	0	0	0	0	0	0	0	0	0	0	0	0	0	0	0	0	6.68078	0	0	0	0	0	0	0	0	0
K02509	2-oxo-hept-3-ene-1,7-dioate hydratase [EC:4.2.1.-]	0	0	0.341953	0	0	0	0	0	0	0	0	0	0	0	0	0	0	0.066087	0	0	0	1.20948	0.673443	0	0	0	0	0	0	0	0	0	0	0	0	0	0	0	0	0	0	0.193233
K02510	4-hydroxy-2-oxoheptanedioate aldolase [EC:4.1.2.52]	0.133239	0.240472	4.6164293	0	0	0.0426626	1.7285818	0.0251892	0	0	0	0.0657874	1.50895	6.06093	0	0.737774	0.2736676	0	0	0	0	0.280801	0.6154556	0.0289192	0	0	0	0.01795919	0	0	0.449682	0	0.11223	0.2984107	0	1.1225847	0	0	0	0	0	0.6273319
K02514	heparan sulfate 6-O-sulfotransferase HS6ST1 [EC:2.8.2.-]	0	0	0	0	0	0	0	0	0	0	0	0	0	0	0	0.0215922	0	0	0	0	0	0	0	0	0	0	0	0	0	0	0	0	0	0	0	0	0	0	0	0	0	0
K02517	Kdo2-lipid IVA lauroyltransferase [EC:2.3.1.241]	0.8735672	0.8317778	6.0218441	0	0	0.3772561	3.097518	2.6066701	0.156493	5.700332	7.377177	21.4518888	12.6620822	5.128037	24.022345	18.001816	2.6442619	1.146216	0.9582407	1.0817955	0.843979	3.563527	3.997127	0.6262203	1.338017	4.628282	1.3905219	26.4499997	62.5360554	5.0048736	0.8479721	2.0584159	6.0352185	4.462101	3.17039	2.219091	2.889139	4.671844	4.7887329	0.597865	0.0682999	2.053467
K02518	translation initiation factor IF-1	120.3610737	152.9324354	105.7393218	95.60047	172.2383412	123.7037052	121.022063	83.83940525	93.0564823	146.49890072	114.2850606	161.7273603	137.2729959	72.5416217	35.882726	87.4539241	72.32467455	84.4754701	74.7110995	174.8685234	106.2333012	170.5628677	242.35264538	52.92473736	54.5034706	108.39682575	119.77686608	120.8725288	138.97809711	69.9773321	210.75588487	109.5260607	123.8521234	65.3749523	127.62026083	164.543559	183.5229349	142.5546853	175.9524016	174.7314307	174.03409741	131.327376
K02519	translation initiation factor IF-2	8.451597	30.54842264	16.3883396	14.9188164	67.5432143	23.7776462	33.2681832	25.4307323	31.0881998	59.1379439	37.7483069	27.8885678	25.9076529	14.8244452	19.7608494	25.8153726	9.4974216	20.20113563	27.8709165	21.4438136	11.0013187	21.53856758	31.2326949	40.1424378	7.8152548	20.9949	27.8503098	47.3021263	65.3654871	11.978722	29.0369438	20.5868835	30.5889495	11.800464	34.2280023	8.8815673	26.2807625	17.2997935	8.2969115	27.8701562	10.4214019	22.1966586
K02520	translation initiation factor IF-3	17.1083944	52.051591	18.6884925	42.8599799	80.3207007	34.8046489	25.9550867	19.0754311	23.2036831	65.9868342	52.0076059	29.189439	55.588515	46.5136677	12.8351559	30.4202008	30.4699665	15.5813256	10.4523507	67.8485648	27.1387698	48.2686914	72.2686971	26.012709	16.469143	45.073307	50.1728923	53.6713196	67.2848824	24.8920653	85.6231381	31.774929	51.7502396	19.9519129	44.521442	23.6580426	54.1878451	39.170446	64.6187676	24.753172	37.0424428	43.7214411
K02521	LysR family transcriptional regulator, positive regulator for ilvC	0	0.268362	3.44379	0	0	0.0881501	3.44187	0.0475909	0	0.5844986	0.466973	0	5.53247	6.44144	9.17822	0.155321	0.258501	0	0	0	0	0.0625654	0.243126	0.01635	0	0	0.154817	0.0519652	0	0.0179888	0.545693	0.0117728	4.133738	2.27989	0.280151	0.942656	0	0	0	0	0	2.38488
K02523	octaprenyl-diphosphate synthase [EC:2.5.1.90]	1.08452	0.595605	3.4378055	0.486486	0	0.241303	4.0290099	1.2493493	0	4.26185	1.786914	0.8474951	0.327965	4.07897	1.24854	4.910502	0.472766	0.3031951	0.487121	0	0	1.42865881	1.4606136	0.0135463	0	1.316694	0.382464	3.3255813	2.18963	0.7873912	1.5198747	1.049969	4.3207077	0.923091	1.7203614	0.436571	0.2771614	1.397164	4.43842	0.823335	0	1.763279
K02525	LacI family transcriptional regulator, kdg operon repressor	0	0.223184	0.4512661	0	0	0	0.18217	0	0	0.214563	0	0	0	0	0	0	0	0.0377456	0	0	0	0	0.0688791	0	0	0	0	0	0	0	0	0.766391	0.0697603	0.126242	0	0.792086	0	0	0	0.133874	0	0.4061041
K02526	2-keto-3-deoxygluconate permease	0	0.325142	2.4885494	0	0.0540563	0.0821841	1.8614063	0.052855	0	0.0302512	1.265824	0.0251753	0.433319	1.404552	0.1413925	0	0.4149418	0	0	0	0	0.0452838	0.1581363	0	0.0457161	0	0.1172682	0.0678557	3.6773	0.0280324	0.2692461	0.08475245	7.842241	2.1591581	0	0.4234096	0	0.02417419	0	0	0	1.873234
K02527	3-deoxy-D-manno-octulosonic-acid transferase [EC:2.4.99.12 2.4.99.13 2.4.99.14 2.4.99.15]	0.9595112	1.590695	6.3701047	0	0	0.1921446	1.4748074	0.3546281	0	2.5116711	7.0214456	3.821853	9.161763	3.46157	31.1473	0.796619	1.0445537	0.8213237	0.508247	0.394409	0	1.3999309	1.7714801	0	0	1.040514	0.298744	1.009739	3.0366021	2.4032124	1.05817	1.5813369	10.5378528	1.6264649	0.0926922	1.340615	0	0.1189858	0	0	0	1.7855579
K02528	dimethyladenosine transferase	25.3099788	42.6384558	43.7136435	52.7742698	116.34584859	83.339365	70.7430164	57.5514254	53.8055687	97.8660997	82.1395156	42.7127529	55.1333911	18.10805215	9.3628324	45.7850125	27.8916688	36.4517212	45.104188	67.6990448	32.1973688	96.3082419	164.8377954	37.0318663	14.8769387	42.5088075	41.2304277	57.6296239	71.1131406	33.1315853	73.6359309	57.9485139	57.6221005	32.2929231	44.644599	17.2021968	70.5636719	45.6393007	51.2814772	31.4274966	55.9408674	57.8698575
K02529	LacI family transcriptional regulator	57.0173129	147.17475855	80.2730068	138.082654	282.3916021	248.359741	170.0919737	110.6890595	118.9332418	118.674667	86.8897355	22.77733266	84.0348657999999	62.495804	35.7692695	41.3370378	65.6897545	77.3941119	73.5492987	161.8403689	66.7116031	120.3778908	256.7255268	34.65320882	10.9359485	99.3252413	105.1236298	60.4864887	23.880858	40.8184702	129.7806579	118.2350547	130.636022	86.6770421	68.2646348	39.9352507	138.3215689	69.1142961	92.1591527	75.976709	168.2322396	76.4400954
K02530	DeoR family transcriptional regulator, lactose phosphotransferase	0	0	0.3650228	0.0634085	0.0570242	0	0.0354727	0	0.180224	9.069725	5.4919244	0	0	0.134164	0.0481518	0.0593185	0.0396918	0.160004	2.198889	2.05702	0.0374577	0	0	0.0805296	0	0	0	0.0479963	0	0	1.782937	0.215713	0.031362	0.127399	1.0199369	2.73264	0.198587	0.100476	0	0.063031	0.14261	0.5333448
K02531	transcriptional antiterminator	0	0	0.229918	0	0.0870995	0	0.120202	0	0.126488	8.97772	5.6243	0	0	0.0744595	0.0419712	0.271811	0	0.342783	0.46002	1.96396	0	0	0	0.214552	0	0	0	0.0731522	0	0	0.22632	0.447418	0.113037	0.308875	0.859906	2.8795	0	0	0	0	0.149365	0.222726
K02532	MFS transporter, OHS family, lactose permease	0.914782	15.3218	3.1125629	1.20902	11.3890426	2.502132	1.37959365	4.8472663	4.62601	2.562655	0.7020351	0.1462406	4.22914	1.01502	2.4242	1.2285444	0.6240722	3.6673577	0.83364	1.392249	0.0661055	10.1853	24.5242112	0.176864	0.0675257	11.5399085	13.447575	0.0723128	1.64306	0	2.15823808	1.1615729	2.3085705	0.443276	2.8887549	1.3231765	0.0634976	0.0106272	0	0	0	0.5429365
K02533	tRNA/rRNA methyltransferase	0	0.387143	3.30512	0.307237	0	0	0.275591	0	0	0.3200765	0	0.0286805	7.99708	5.32995	21.2601	0.543236	0.532796	0	0	0	0	0.2425701	0.0764101	0	0	0	0.128142	0.170388	0.870408	0.0765127	0.347329	0	6.23138	0.56844	0.0483221	3.152157	0	0	0.0523627	0.0551818	0	0.5450045
K02535	UDP-3-O-[3-hydroxymyristoyl] N-acetylglucosamine deacetylase [EC:3.5.1.108]	0.0491228	0.670858	6.223587	0.0229046	0	0.206674	2.4559124	0.0969788	0	1.40101	2.77015	0.402159	3.4231034	5.869363	10.5191014	0.824827	0.677116	0.4879146	0.468677	0.4493052	0	0.0931507	1.0546356	0.0500439	0	0	0.2037476	1.1241691	5.929996	0.8518144	0.315699	0	22.074382	1.994402	0.561846	1.646894	0.822225	0.0629848	0	0	0	3.439029
K02536	UDP-3-O-[3-hydroxymyristoyl] glucosamine N-acyltransferase [EC:2.3.1.191]	1.7842042	3.373875	4.93266	0.1520623	0	0.9635882	6.3364435	2.6886477	0.5060817	9.412926	6.3518301	25.5497489	11.5339463	6.064329	11.6512652	25.823643	2.0238847	1.524773	0.3954123	1.576448	1.032171	6.0656421	3.7974064	0.7707473	2.480968	6.868683	1.9601361	41.719866	65.9400023	5.8119542	1.3239003	3.7430305	21.7501143	7.622708	3.3607071	1.6856591	3.3604835	6.4546487	3.3213934	0.6009567	0	3.8627089
K02538	activator of the mannose operon, transcriptional antiterminator	0	0	0.0200265	2.201825	0.090062	0	0	0	0	3.0396	4.20209	0	0	0	0	0.0592854	0	0	2.15239	0	1.02101	0	0	0	0.327507	0	0.2977849	0	0	0	0	0	0.0811664	0.265869	0	0.789787	0	0.6183672	0	0	3.7330445	0.0925995
K02548	1,4-dihydroxy-2-naphthoate octaprenyltransferase [EC:2.5.1.74 2.5.1.-]	5.412527	31.327761	10.5543231	11.8315797	67.8848892	1.0831649	4.6033876	11.419978	8.1270874	5.8466303	9.702776	24.7132374	16.558156	3.2989549	14.0684617	21.8738835	2.8046894	6.689217	4.0685488	5.2237355	2.3019844	29.0874147	57.7698609	0.912569	4.9701111	26.7711497	24.5377049	43.787979	68.4191759	4.6624109	19.3556879	7.8998048	20.2767199	9.8328964	11.463367	2.4355903	5.1287578	8.243422	5.934234	1.3281085	1.3499951	6.0718173
K02549	O-succinylbenzoate synthase [EC:4.2.1.113]	0.1100623	0.23995	5.447975	0.1525957	0.0889327	0.3021389	2.4978864	0.0433762	0	2.3483625	7.5602834	0	0	4.64621	0.0481683	0.4936707	0.155681	0.477281	0.424417	0.720949	0	0.0418841	0.2319405	0.6407391	0.4663193	0.0447676	1.5320731	0.9051543	4.8911	0.556726	1.7729099	0.287251	6.8131205	1.8722798	0.249439	1.27011	0	0.323619	0.0791936	0.0454136	0.0969479	3.6027713
K02550	glycolate permease	0	0.00813919	2.96289	0	0	0.0124282	0.0746589	0	0	0.00991331	0.0518545	0.0103207	4.67029	2.08751	16.911	0	0.160613	0.0165451	0	0	0	0.018304	0.126388	0	0	0	0.250697	0	0.354956	0	0	0	3.48207	0.187429	0	0.448925	0	0.0184911	0	0	0	0.29786
K02551	2-succinyl-5-enolpyruvyl-6-hydroxy-3-cyclohexene-1-carboxylate synthase [EC:2.2.1.9]	4.3285896	44.38241	6.6425302	1.322084	0	1.36902931	12.4147398	0.992662	0.238435	4.1656089	7.6428708	46.4510252	24.6846983	1.761739	4.287248	22.9678863	1.4511179	1.095953	0.3682194	1.9161595	0.8122604	11.081798	17.3654199	0.8413385	2.8267444	5.4409057	1.4133762	34.5293858	60.0053728	11.829449	4.744515	2.7971409	15.5197727	13.8944235	4.0592899	9.9243268	7.3004643	26.3557627	7.8068067	1.3029656	0.0980586	5.7580594
K02552	menaquinone-specific isochorismate synthase [EC:5.4.4.2]	0.0623085	0.379609	8.4882671	0.115962	0	0.0273094	7.442525	0.0461582	0	1.246597	3.98304	0	0	1.41473	2.55936	1.029391	0.333117	0.5133217	0.314815	0.589698	0	0	0.1818223	0.0350975	0.4796714	0	0.253052	0.6409256	2.59936	0.277256	0.5103717	0.1387068	3.780221	0.4424512	0.598354	0.5749363	0.0780164	0.0459919	0.0539345	0.117817	0	0.8164236
K02553	regulator of ribonuclease activity A	0	0.188311	8.1365	0	0.0130585	0.3286646	4.333916	0	0	0.6822718	0.630434	0.100091	4.6471	6.0581	19.1074	0.447934	0.767008	0.0798518	0	0	0	0	0.12212	0.0263362	0	0	0.255998	0.0326743	2.408465	0.0549252	0.9751701	0	18.0083851	1.7102875	0.7601206	1.70175	0	0	0	0	0	1.662492
K02554	2-keto-4-pentenoate hydratase [EC:4.2.1.80]	0	0	5.28229	0	0	0.157221	1.612502	0.0349696	0	0	0	0.190218	1.298728	3.47763	30.6776	0.619865	0.794085	0	0	0	0	0	0.8811192	0	0	0	0.0415856	0	0.327673	0.695885	0.595101	0	7.74634	2.12142	0.36863	2.90832	0	0	0	0	0	1.6033653
K02556	chemotaxis protein MotA	0.0922922	0.451833	1.369899	0.55040997	0.115323	0.00838577	1.348032	0.788441	0.351699	0.9701481	0.221245	0.367878	3.176016	1.50773	6.87884	1.54768	0.889059	0	0	0	0	1.996631	1.791597	0.631652	0	13.5715	0.6310048	0.0311256	0.349758	0.2042385	0.689388	0.0729694	6.8106955	1.1908586	0.257849	1.421435	0	0	0.5076616	0.2902643	0.0383504	1.464743
K02557	chemotaxis protein MotB	0.813552	1.1424714	13.602339	4.5625769	1.849449	3.1987735	1.5626971	4.3109207	2.33169	0.5842352	1.7760852	1.5423349	2.127128	2.747011	6.7560823	6.4533743	1.410223	4.2567147	3.8004193	2.314872	1.866502	37.579089	71.7058001	2.34692	0.872738	1.47703	2.5165762	4.9453317	10.3244672	2.405178	1.207213	0.8935266	7.2492072	1.5356925	1.2395538	2.348743	0.0796319	0.6786028	1.7444505	4.92306	1.1771088	1.3982364
K02558	UDP-N-acetylmuramate: L-alanyl-gamma-D-glutamyl-meso-diaminopimelate	0.19718	0.594811	1.95785	0	0	0.0411333	1.797246	0.02784	0	0.154471	0.9045256	2.46874	6.165775	2.04582	7.50545	0.0578646	0.345905	0	0	0	0	0.6384654	0.282426	0.0111988	0	0	0.0162639	0.170487	1.3451	0.16791	0.400976	1.00549	5.644419	2.19054	0	1.08411	0	0.0626386	0	0	0	1.47379
K02560	lauroyl-Kdo2-lipid IVA myristoyltransferase [EC:2.3.1.243]	0	0.285643	7.150341	0	0	0.035252	0.4653481	0	0	0.0328418	1.07427	0	4.4490907	0.963147	3.83077	0	0.0671832	0.0633857	0	0	0	0	0.122239	0	0	0	0.0941773	0.554043	3.22503	0.0161961	0.221559	0	9.043093	1.4164232	0.0631361	0.582023	0	0.0413157	0	0	0	1.2064351
K02562	mannitol operon repressor	0	0.532908	0	0	0	0.127042	0.653161	0.060385	0	0.105623	2.17387	0.0575865	0.0420507	0.891473	0	0	0.0220727	0.178435	0	0	0	0	0.0927777	0	0	0	0.21638	0.534885	3.24921	0.0421344	0.310861	0.0521995	10.813591	1.54038	0	0.0518317	0	0.140391	0	0	0	1.50914
K02563	UDP-N-acetylglucosamine--N-acetylmuramyl-(pentapeptide) pyrophosphoryl-undecaprenol N-acetylglucosamine transferase [EC:2.4.1.227]	69.2833272	73.4525254	39.5485618	29.4623826	96.6486311	42.983152	48.3015313	37.6709433	34.6612587	78.9772094	67.4896795	40.3373255	37.4664581	13.2609716	5.3982145	38.5239379	15.9522263	27.7204409	55.0957694	66.4199347	38.0510252	79.673914	120.2182401	51.6113658	38.4664322	59.9888288	55.0297401	51.8438292	74.9615481	23.620685	31.5957844	19.9714021	53.1950972	32.8781546	34.4065837	24.5179897	58.9816546	65.7018758	64.8832919	82.3298793	89.460211	45.4220394
K02564	glucosamine-6-phosphate deaminase [EC:3.5.99.6]	71.6065067	42.5021547	37.7905738	74.7257356	139.2064769	68.836933	49.5886415	41.1873346	41.9186154	98.48167	79.1978154	105.170324	80.9335965	23.7021625	12.8934174	80.2206149	39.8846905	30.1092374	28.4555625	105.7220216	52.0717852	95.5814469	124.7185122	42.0256015	37.0136402	46.2339176	48.1145079	83.570383	121.4697093	45.5042768	120.8457262	44.5674394	77.5098029	42.2367882	50.3909215	38.5274191	101.9552537	105.1573991	118.3800173	96.4995107	93.5482986	72.6949783
K02565	N-acetylglucosamine repressor	0	0.253191	2.60014	0	0	0.0236806	0.277891	0.065854	0	0.113058	1.71354	0.0146216	0	0.959004	0.244979	0	0.353399	0.0486489	0	0	0	0.0189468	0.0536369	0	0	0	0.112438	0	3.94735	0	0.120726	0	4.95698	0.318765	0	1.50056	0	0.139436	0	0	0	0.467783
K02566	NagD protein	1.133401	1.137598	5.235955	0	0	1.3310807	4.2736161	0.8337779	0.887825	1.459665	1.912733	0.6532085	6.633982	6.016937	23.3841	1.2953242	2.3829197	0.8884273	0.718483	1.062927	1.15209	1.942043	2.0794849	0.1160584	0.045372	0.9977283	0.885835	0.147237	4.22935	1.5028098	1.6872051	1.58739344	9.228567	1.85999	0.823702	1.6193	0.0607682	0	1.2359674	1.19203	1.15669	1.7860456
K02567	periplasmic nitrate reductase NapA [EC:1.7.99.4]	2.992527	0.920123	3.54217	5.092018	0.673116	0.3385861	0.852544	0	0	1.0695826	6.455497	0.6548825	2.702934	1.70712	7.8578	0.858203	0.209259	0.5305919	0.262194	1.063764	0.744159	1.0678442	1.2002682	0.146557	2.20609	0.242513	1.110174	1.2543548	0.9902832	0.2257568	0.5799391	0.161923	18.034633	3.293974	0.0612581	0.49638	0.72968	0.4879441	0.638251	0.624891	0.951852	1.090532
K02568	cytochrome c-type protein NapB	0	0	0.349476	0	0	0	0	0.0881621	0	0.0259955	1.38216	0.0140655	0	0.396124	0	0	0	0	0	0	0	0	0.0547097	0	0	0	0.170374	0.277978	5.0641479	0	0.0228413	0	8.45567	0.0318498	0	1.36312	0	0	0.101962	0	0	0.128757
K02569	cytochrome c-type protein NapC	0	0	3.48814	0	0	0.111142	0.344843	0	0	0.0422344	0.339015	0	6.79694	4.49715	24.6314	0	0.487634	0	0	0	0	0.11317	0.108695	0	0	0	0.170891	0.10589	0.693006	0.0334934	0	0.0375317	4.6878	0.764865	0	1.6028	0	0	0	0	0	0.485769
K02570	periplasmic nitrate reductase NapD	4.02048	1.3533161	4.014441	8.36397	0.709239	0.155392	0.592995	0.1199256	0.0801093	0.2997357	0.755894	0.622787	8.575798	4.98878	26.0244	0.6394039	1.063046	0.160812	0.15334	1.9136	1.3066761	1.411571	1.5804996	0	3.19809	0.550144	1.898875	0.759971	1.366694	0.444284	0.48222	0.708412	11.40494	3.0105	0	2.41584	0.795925	0.5091415	0.594777	0.893639	2.36494	1.365229
K02572	ferredoxin-type protein NapF	0	0.0919994	3.38622	0	0	0.121611	0.2575278	0.102217	0	0.4306889	3.315876	0.12185	4.84129	4.73216	20.0819	0	0.773677	0.2522816	0.105348	0.262822	0	0.0742988	0.261655	0	0	0	0.333162	0	2.5356362	0	0.0791831	0	14.994422	0.416417	0	2.32226	0	0.0198295	0	0	0	0.659679
K02573	ferredoxin-type protein NapG	3.7044898	1.196409	3.4073776	7.2987571	0.888149	0.288729	0.949445	0.0228039	0.1609421	1.240153	6.0880728	0.506266	0.282387	1.337	3.99266	0.704455	0.151716	0.5160113	0.427161	1.114884	0.746826	1.1548666	1.5194291	0.0742587	2.11693	0.512471	1.943603	1.449182	3.55877	0.3667137	0.5901948	0.1184647	13.197958	3.971405	0.0922629	0.73368	0.942826	0.755652	0.7846495	0.943431	1.02532	1.470124
K02574	ferredoxin-type protein NapH	3.1986288	0.9612029	2.45429	5.743274	0.626636	0.3523819	0.41385	0.0370429	0.0452382	0.3266816	0.963754	0.5272155	1.7647396	1.409334	7.6982341	1.119077	0.206254	0.1538108	0.121933	1.088622	1.066516	1.0612682	0.9909817	0.208014	2.39279	0.554642	1.7016106	0.7645326	5.628302	0.4505304	0.8915533	0.2729403	7.912415	2.27877	0.0345986	1.47282	0.575367	0.576222	0.5510444	0.493312	1.484202	0.842387
K02575	MFS transporter, NNP family, nitrate/nitrite transporter	3.1341716	1.1236549	4.1092324	6.209063	1.1455363	0.3876986	1.2110551	0.0862042	0.130692	0.342999	1.693151	0.530211	2.357413	6.028294	7.955277	0.7476211	0.7218742	0.0782328	0	1.8234787	0.798285	0.78661032	1.2119265	1.1137747	2.21274	0.442893	1.6880635	0.8059668	4.4800987	0.13855	17.5160487	1.515379	34.25291	3.6881728	0.3317003	0.8544295	0.903482	0.4675231	0.2572012	0.5065618	1.386844	3.6320333
K02582	nerve growth factor, beta	0	0	0	0	0	0	0	0	0	0	0	0	0	0	0	0.0459643	0	0	0	0	0	0	0	0	0	0	0	0	0	0	0	0	0	0	0	0	0	0	0	0	0	0
K02584	Nif-specific regulatory protein	0.695474	0.599381	0	0.310831	0	0	0	0	0	0	0	0	0	0	0	0.517845	0.145519	0	0	0	0	0.168599	0	0	0	0	0	0	0	0.0650369	0.198934	0	0.208462	0.233817	0.0609559	0	0	0	0	0	0	0
K02585	nitrogen fixation protein NifB	0	0	0	0	0	0	0.274714	0	0	6.04192	2.09726	0	0	0	0	0.7699361	0	0.165771	0.522842	0.290833	0	0.219086	0	0	0	0	0	0	0	0.149432	0.3305098	0.10325	0	0.0873992	0	0	0.063113	0	0	0.0418179	0	0.383227
K02586	nitrogenase molybdenum-iron protein alpha chain [EC:1.18.6.1]	0	0	0	0	0	0	0	0	0	0	0	0	0	0	0	0.219505	0	0	0	0	0	0	0	0	0	0	0	0	0	0	0	0	0	0	0.0760893	0	0	0	0	0	0	0
K02587	nitrogenase molybdenum-cofactor synthesis protein NifE	4.0211863	2.21197	5.8348099	5.534522	2.638211	5.7533428	8.866998	8.7423842	10.7075289	3.1427592	16.139622	0.9977996	7.607327	8.981351	3.3958253	4.4925206	18.6755411	2.2199954	1.7535148	11.37206	34.015732	3.911221	3.9797753	2.191237	0.2943636	12.7508325	5.42328	2.8613	0	5.064611	10.3440476	21.0012387	4.267372	21.4417036	5.118151	5.8128743	0.5769171	1.750732	8.746836	12.957222	13.393199	2.19842
K02588	nitrogenase iron protein NifH [EC:1.18.6.1]	6.9181134	9.4395603	11.0483675	8.64922	16.3784448	42.4783511	40.37529	17.5363781	28.192432	4.477642	21.4393964	0.3694682	14.6854903	13.517339	4.754293	6.930147	32.9481593	15.1552701	12.982408	28.38654588	51.4041168	15.8781964	8.687067	21.09836	39.363782	37.619307	43.359953	4.19087	0	12.6842243	22.6760653	40.210952	15.231788	35.609297	25.942381	9.26057	19.40113	17.04828	25.68283	33.04508	25.90353	17.0415413
K02589	nitrogen regulatory protein PII 1	2.15087	7.10846	4.20325	10.361	7.9625	25.5409	21.3866	2.91412	3.39343	0.405916	1.049	0	3.05511	1.53095	0.705942	0.193514	3.21892	6.2163	9.59255	2.75287	0	0.466905	0.44844	1.27366	0	0.974027	1.55109	0	0	1.21016	3.63302	8.08312	0.834582	0.970787	4.11213	0	22.4525	7.52626	0.150435	2.3493	0	0
K02591	nitrogenase molybdenum-iron protein beta chain [EC:1.18.6.1]	0.0907495	0.113863	0	0	0	0	0	0	0	0	0	0	0.0706628	0	0	0	0	0	0	0	0	0.2815	0.381695	0	0	0	0	0	0	0	0	0	0	0	0	0	0	0	0.0622441	0	0	0
K02594	homocitrate synthase NifV [EC:2.3.3.14]	0	0	0	0	0	0	0.430547	0	0	0	0	0	0	0	0	0	0	0	0	0	0	0	0	0	0	0	0	0	0	0	0.183405	0	0	0.187229	0	0	0	0	0	0	0	0.0681861
K02598	nitrite transporter NirC	0	0.465642	2.56466	0.497314	0	0.104347	0.660184	0.421197	0	0.0197036	0.79475	0	6.08009	3.20414	25.5841	0.0562113	0.444896	0.066087	0	0	0	0.0358373	0.0344171	0.082215	0.109649	0.192284	0.196382	0.266555	1.76265	0	0.56292	0	10.877945	2.563937	0	2.331081	0.0471821	0.1493681	0	0	0.189195	1.869745
K02600	N utilization substance protein A	27.2769404	56.45032	35.5275734	52.8503094	124.9519054	74.2740641	43.2875322	33.9661024	27.1056128	52.482186	43.15181	16.2971619	50.5564863	14.7190089	4.7461152	19.9742994	28.479553	25.0450428	16.5363829	70.0202759	19.1763947	76.8756336	140.4136156	39.1115928	6.2194614	50.6179881	71.5916605	16.8899914	8.0877921	24.6228379	110.3518156	40.0328151	57.8095152	11.9098829	49.2819282	17.0946467	66.5334276	34.5778459	67.784403	37.9659929	31.5299823	41.2509863
K02601	transcriptional antiterminator NusG	80.2237368	91.6879746	35.3857651	76.7779742	168.4132446	89.652413	56.6251137	45.8282423	35.8312747	64.7775146	53.4221725	24.4729624	77.09688	55.7556585	40.5829648	22.8095889	31.7540678	27.7942922	20.3868194	117.9094439	62.3480546	65.952038	107.675965	29.2899746	37.9102214	79.5801082	91.9821759	24.2087659	7.482945	34.7673623	85.7816486	39.6052291	90.105987	39.5512965	49.3299824	28.8806671	89.0368669	74.0682327	118.3175383	101.3313108	132.8058987	57.7543907
K02609	ring-1,2-phenylacetyl-CoA epoxidase subunit PaaA [EC:1.14.13.149]	0	0	2.73628	0	0	0.0107291	0.860448	0	0	0	0	0	2.62957	0.72913	0	0.215657	0.250298	0	0	0	0	0	0.0526054	0	0	0	0.055138	0.0150297	0	0	0.151768	0	0.0932373	0.834262	0.0998036	0.609872	0	0	0	0	0	0.200943
K02610	ring-1,2-phenylacetyl-CoA epoxidase subunit PaaB	0	0	3.03892	0	0	0.121611	0.65536	0	0	0.112511	0	0	5.16692	5.5359	23.6139	0	0.400178	0	0	0	0	0.0619156	0.118934	0	0	0	0	0	0	0.0252424	0.0659859	0	0	0.428665	0	2.41902	0	0	0	0	0	0.981286
K02611	ring-1,2-phenylacetyl-CoA epoxidase subunit PaaC [EC:1.14.13.149]	0	0	1.68089	0	0	0	0.1898938	0	0	0.650192	0	0	7.77694	3.24179	13.0237	0	0.400848	0	0	0	0	0.0430291	0.0354066	0	0	0	0.0576316	0	0	0	0	0	0	0.2264875	0	1.30007	0	0	0	0	0	0.453659
K02612	ring-1,2-phenylacetyl-CoA epoxidase subunit PaaD	0	0	2.53929	0	0	0.0281379	0.5710315	0	0	0.603967	0	0	6.40311	3.21973	20.8713	0	0.211588	0	0	0	0	0.0544738	0.0471635	0	0	0	0	0	0	0	0.2239567	0	0	0.048568	0	1.55881	0	0	0	0	0	0.389131
K02613	ring-1,2-phenylacetyl-CoA epoxidase subunit PaaE	0	0	1.77259	0	0	0	0.152352	0	0	0	0	0	3.98535	2.11057	13.3983	0	0.10307	0	0	0	0	0	0	0	0	0	0	0	0	0	0	0	0	0.0734057	0	0.544604	0	0	0	0	0	0.165711
K02614	acyl-CoA thioesterase [EC:3.1.2.-]	4.349627	3.0559458	6.7044271	6.7023987	2.464193	2.7557258	4.6239349	4.6305814	3.8610566	54.877447	41.7795996	19.8489126	20.066697	10.0592525	28.302492	11.4268867	3.934254	4.7243513	4.0728315	13.895032	4.0882471	6.0853962	3.6134386	22.704859	4.5702185	3.72943	3.002308	31.9906432	66.9765798	8.0868288	3.116437	2.022695	8.3583529	10.9150465	9.2400373	7.3097129	4.2047283	2.2233957	3.94749	2.7770394	4.2943866	10.705367
K02616	phenylacetic acid degradation operon negative regulatory protein	0	0	0.953625	0	0	0.046654	0.099976	0	0	0	0	0	7.10124	0.667625	2.77168	0	0	0	0	0	0	0	0.0486714	0	0	0	0	0	0	0	0	0	0	0.0955815	0.0539928	0	0	0	0	0	0	0.0422651
K02617	phenylacetic acid degradation protein	0	0	1.49436	0	0	0	0.38801	0	0	0.555761	0	0	8.81924	3.71487	11.5204	0	0	0	0	0	0	0	0.0369677	0	0	0	0	0	0.0316383	0	0.081486	0	6.59638	0.285643	0	0.66235	0	0	0	0	0	0.363614
K02618	oxepin-CoA hydrolase / 3-oxo-5,6-dehydrosuberyl-CoA semialdehyde dehydrogenase [EC:3.3.2.12 1.2.1.91]	0	0	0.608264	0	0	0	0.0219881	0	0	0	0	0	4.29066	0.913309	4.00746	0	0.589422	0	0	0	0	0	0.0181512	0	0	0	0	0	0	0	0	0	0	0.0706288	0	0.387349	0	0	0	0	0	0.0352903
K02619	4-amino-4-deoxychorismate lyase [EC:4.1.3.38]	31.042665	19.569483	2.1520437	4.43285	1.68221	2.726979	2.77642	4.314847	2.361431	7.7443677	6.739041	0.5565103	10.597179	11.353239	16.204596	9.1949858	2.389134	2.679612	2.4739793	1.7161885	2.255707	3.4674165	1.757763	1.850769	1.35842	4.867938	2.3200114	21.7748039	1.2213301	5.1560679	1.3277072	5.13567	12.3070717	6.18505	6.6511904	2.3693336	14.9181376	24.881031	23.8941217	59.4731636	43.386641	0.994473
K02621	topoisomerase IV subunit A	0.844345	1.0874169	10.2992866	0.113971	0.0739916	1.3274565	4.734216	2.013831	0.1233498	3.320108	2.3894388	20.904591	8.203404	5.9752209	18.937566	14.869073	1.0735669	2.2456817	1.7966086	0.801224	0.262776	30.325439	51.2902494	0.498572	0.9841593	3.05746	0.9495105	17.046629	59.101937	3.044283	2.8707077	2.4287386	21.24094472	3.8812235	4.542545	11.1947796	2.4785121	8.6934324	6.0870947	0.7975818	0.00808635	7.1347831
K02622	topoisomerase IV subunit B	0.9577388	0.8574647	14.0065169	2.4753097	0.4119935	1.4411941	6.3756207	0.5297217	0.4632054	16.642232	11.4267896	2.0471422	10.745388	24.486923	22.075071	10.1187404	1.1400473	3.2525032	3.0636559	3.358937	1.048917	28.697405	53.0060953	2.0486187	1.2154493	3.682888	1.389197	24.2536338	2.1254083	5.870729	2.5162344	2.0463818	26.07594592	8.0564146	1.0318603	7.0687561	2.87528	4.2600865	0.2664847	0.2378665	3.4967575	4.5073074
K02623	LysR family transcriptional regulator, pca operon transcriptional	0	0	0	0	0	0	0	0	0	0	0	0	0	0	0	0	0	0	0	0	0	0	0	0	0	0	0	0	0	0	0	0	3.51826	0	0	0	0	0	0	0	0	0
K02624	IclR family transcriptional regulator, pca regulon regulatory	0	0	0.751825	0	0	0	0	0	0	0	0	0	0	0	0	0.191705	0	0	0	0	0	0	0	0	0	0	0	0	0	0	0	0	10.780907	0	0.170269	0	0	0	0	0	0	0
K02626	arginine decarboxylase [EC:4.1.1.19]	0	0	0.342623	0	0	0	0	9.000874	0.4730436	0	0	0	0	0	0	3.34122	5.3693169	0	0	0	0	0.814726	0	0	0	0.843231	0	0	0	10.840149	0.13574	0.337775	0	0	3.17856	0	0.461009	3.03592	12.10853	3.842872	0	0
K02635	cytochrome b6	0	0	0	0	0	0	0	0	0	0	0	0	0	0	0	0	0	0	0.0163473	0	0	0	0	0.03149712	0	0	0	0	0	0	0	0	0	0	0	0	0	0	0	0	0	0
K02637	cytochrome b6-f complex subunit 4	0	0	0	0.0163738	0	0	0	0	0	0	0	0	0	0	0	0	0	0	0.0749306	0	0	0	0	0.01778568	0	0	0	0	0	0	0	0	0	0	0	0	0	0	0	0	0	0
K02647	carbohydrate diacid regulator	51.6880738	39.4872466	17.0770999	80.718249	48.7494251	66.255415	73.5633757	42.2682112	45.32512	20.4409951	56.4265599	2.0614413	21.6078413	39.9399198	38.711593	8.6895505	66.3525525	34.6163618	35.8991697	83.8585283	138.0572056	22.1804447	16.97934772	38.3207192	37.5519802	34.539295	77.6015153	8.0443063	0.0725189	26.4408001	35.7714437	70.1088839	39.7400888	77.7724725	33.1976672	24.0784902	47.924588	48.8375732	73.9866609	121.221848	92.711264	17.3427044
K02650	type IV pilus assembly protein PilA	0	0.3250829	1.5633281	1.179915	0.514786	0	0	1.2977774	1.2629069	0.5090842	0.2074625	0.79552	5.054887	0.175276	0.4591058	0.8752163	0.35464	0	0.1810475	0.0602188	0.1099779	4.1416086	5.2083585	0.851821	0.2712928	11.858826	1.331741	0	0.0592325	4.384626	0.2888526	0.804336	0.27864	0.6156239	0.2754834	0.0890794	0	0	1.16369	0.158948	0	0.12971
K02651	pilus assembly protein Flp/PilA	0	0	0	0	0	0	0	0	0	0	0	0	0	0	0	0	0	0	0	0	0	0	0	0	0	0	0	0	0	0	0	0	9.50595	0	0	0	0	0	0	0	0	0
K02652	type IV pilus assembly protein PilB	4.8691466	3.1276863	1.4777406	7.794029	1.4044779	0.382646	0.701705	3.6279714	2.0348781	1.3830837	3.532773	1.1180499	3.727552	0.3188765	0.391053	3.8683712	2.5546877	1.1421579	3.2643264	2.0355731	2.6676918	4.335971	4.5663611	1.7397633	3.4265659	9.3481324	2.575978	1.1106022	2.941684	5.049251	0.6465224	0.4888358	14.571815	3.8129938	2.089063	0	1.6626673	1.7123349	1.8682867	1.0679152	2.0644952	1.6670798
K02653	type IV pilus assembly protein PilC	4.068337	28.5877886	6.7619268	10.3656053	3.7949877	7.076121	2.9956771	8.695289	6.5341234	1.3530151	3.56514	16.7741688	4.0959253	1.2282758	0.6224923	2.2024406	8.162608	6.4366082	3.458422	9.167386	10.469695	19.8040331	36.9733094	5.8675409	0.7396913	9.1901152	10.9397994	0.3373632	26.14884	7.9165161	4.97294	3.6261941	0.691734	0.2433241	8.3047149	4.4833097	1.3678413	1.2489535	5.7731159	13.2083887	9.136618	2.1748978
K02654	leader peptidase (prepilin peptidase) / N-methyltransferase	7.4305499	5.1184607	6.7567868	18.6893489	7.3051576	6.172784	2.79479	11.245554	9.697731	1.5283834	6.3457739	1.1814124	12.099897	2.839748	0.7472593	2.5925693	9.4404132	7.9427972	7.0122268	6.7912199	28.8481345	7.1603302	6.7284703	5.4842647	3.5799066	14.889014	9.4830888	3.8318225	3.941344	8.262476	3.954757	4.7172841	22.315708	6.440664	2.7783739	8.8740941	1.9574899	1.4406429	6.8683364	34.78902	16.3646832	2.4389793
K02655	type IV pilus assembly protein PilE	0	0	0	0	0	0	0	0	0	0	0	4.70312	0.52776	0	0	0	0	0	0	0	0	0.392844	0	0	0	0	0	0	0	0.176771	0	0	0.362585	0	0	0	0	0	0	0	0	0
K02657	twitching motility two-component system response regulator PilG	0	0	0	0	0	0	0	0	0	0	0	0	0	0	0	0	0	0	0	0	0	0	0	0	0	0	0	0	0	0	0	0	7.69533	0	0	0	0	0	0	0	0	0
K02658	twitching motility two-component system response regulator PilH	0	0	0	0	0	0	0	0	0	0	0	0	0	0	0	0	0	0	0	0	0	0	0	0	0	0	0	0	0	0	0	0	15.2187	0	0	0	0	0	0	0	0	0
K02659	twitching motility protein PilI	0	0	0	0	0	0	0	0	0	0	0	0	0	0	0	0	0	0	0	0	0	0	0	0	0	0	0	0	0	0	0	0	13.9061	0	0	0	0	0	0	0	0	0
K02660	twitching motility protein PilJ	0	0	0	0	0	0	0	0	0	0	0	0	0	0	0	0	0	0	0	0	0	0	0	0	0	0	0	0	0	0	0	0	9.91497	0	0	0	0	0	0	0	0	0
K02662	type IV pilus assembly protein PilM	8.8123049	32.5393323	10.4069126	14.562979	8.6706645	2.919088	11.4845062	17.157731	23.2963219	11.0659901	1.318717	1.1325902	12.6675765	2.8170859	0.8316906	1.274633	4.398775	12.8880505	17.0691333	5.684996	9.486716	15.75453	36.5308386	1.984205	3.0468917	32.55366	22.983459	4.1546271	0.49477	5.599709	5.2937906	10.2232865	6.5390075	3.66048	15.732316	1.8530867	14.0075761	6.779158	2.299803	17.141004	8.39825	4.694857
K02663	type IV pilus assembly protein PilN	0	0	0	0	0	0	0	0	0	0	0	0	0	0	0	0	0.132433	0	0	0	0	0	0	0	0	0	0	0	0	0	0	0	11.311567	0	0	0	0	0	0	0	0	0
K02664	type IV pilus assembly protein PilO	0	0	0	0	0	0	0	0	0	0	0	0	0	0.0476875	0	0	0.301632	0	0	0	0	0	0	0	0	0	0	0	0	0	0	0	0.662606	0	0	0	0	0	0	0	0	0
K02665	type IV pilus assembly protein PilP	0	0	0	0	0	0	0	0	0	0	0	0	0	0	0	0	0	0	0	0	0	0	0	0	0	0	0	0	0	0	0	0	0.458111	0	0	0	0	0	0	0	0	0
K02666	type IV pilus assembly protein PilQ	0	0	0	0	0	0	0	0.0517535	0	0	0	4.367	1.323172	0	0	0	0.194453	0	0	0	0	0.441189	0.634367	0	0	0	0	0	0	0.733165	0	0	10.701506	0	0	0	0	0	0	0	0	0
K02667	two-component system, NtrC family, response regulator PilR	0	0	0	0	0	0	0	0	0	0	0	0	0	0	0	0	0	0	0	0	0	0	0	0	0	0	0	0	0	0	0	0	11.3373	0	0	0	0	0	0	0	0	0
K02668	two-component system, NtrC family, sensor histidine kinase PilS [EC:2.7.13.3]	0	0	0.043649	0	0	0	0	0	0	0	0	0	0	0	0	0	0	0	0	0	0	0	0	0	0	0	0	0	0	0	0	0	10.6593	0	0	0	0	0	0	0	0	0
K02669	twitching motility protein PilT	4.7436508	3.6543549	15.50017	14.170259	21.2520379	24.1424562	33.0744914	42.9773393	54.523417	29.8941867	6.705693	1.3849874	22.9618406	11.7925549	29.1022676	2.5517015	12.7577862	20.7984478	35.73076	15.4097126	21.176939	6.6266313	4.8756811	6.485725	2.121732	12.8133029	18.068542	8.5351719	3.494268	12.762034	6.2272995	22.3186503	16.202072	1.760892	24.7356482	4.354966	30.807576	18.7842634	12.3457151	36.8905336	23.6618604	20.6757569
K02670	twitching motility protein PilU	0	0	0	0	0	0	0	0	0	0	0	0	0	0	0	0	0	0	0	0	0	0	0	0	0	0	0	0	0	0	0	0	11.592324	0	0	0	0	0	0	0	0	0
K02671	type IV pilus assembly protein PilV	3.06238	37.7814	6.32771	0	0	0	0	2.26898	2.13277	0	0	0.247667	1.72103	0	0	0	0	4.56408	1.6304	3.03061	0.363426	13.7107	35.1034	0	0	19.8447	21.5105	0	0	0	3.48715	2.22738	0.7513386	0	6.32967	0.543435	0	0	0	0	0	0
K02672	type IV pilus assembly protein PilW	0	0	0	0	0	0	0	0	0	0	0	0	0	0	0	0	0	0	0	0	0	0	0	0	0	0	0	0	0	0	0	0	1.43911	0	0	0	0	0	0	0	0	0
K02673	type IV pilus assembly protein PilX	0	0	0	0	0	0	0	0	0	0	0	0	0	0	0	0	0	0	0	0	0	0	0	0	0	0	0	0	0	0	0	0	0.546626	0	0	0	0	0.0390806	0	0	0	0
K02674	type IV pilus assembly protein PilY1	0	0	0	0	0	0	0	0	0	0	0	0	0	0	0	0	0	0	0	0	0	0	0	0	0	0	0	0	0	0	0	0	0.522059	0	0	0	0	0	0	0	0	0
K02675	type IV pilus assembly protein PilY2	0	0	0	0	0	0	0	0	0	0	0	0	0	0	0	0	0	0	0	0	0	0	0	0	0	0	0	0	0	0	0	0	11.2761	0	0	0	0	0	0	0	0	0
K02676	type IV pilus assembly protein PilZ	0	0	0	0	0	0	0	0	0	0	0	0	0	0	0	0	0	0	0	0	0	0	0	0	0	0	0	0	0	0	0	0	11.1371	0	0	0	0	0	0	0	0	0
K02679	prepilin peptidase dependent protein A	0	0	5.856079	0	0	0.2324413	1.050221	0	0	1.05975	0.287054	0	9.06187	6.76955	34.1938	0.29278	0.7049643	0	0	0	0	0.0798538	0.1151104	0.0180339	0	0	0.321552	0	0.97798	0	0.0539497	0.105931	7.86156	0.105306	0.35583	3.56184	0	0	0	0	0	1.191101
K02680	prepilin peptidase dependent protein B	0	0.349331	1.2050545	0	0	0	0.167053	0.0343712	0	0	0	0	4.44277	2.37839	18.538	0	0.287735	0	0	0	0	0.0139068	0.059467	0	0	0.0275226	0.187784	0	0.2255241	0	0.0439906	0	0.0351329	0.5846732	0	1.26998	0	0	0	0	0	0.22127
K02681	prepilin peptidase dependent protein C	0	0	0	0	0	0.0308499	0.952416	0.0648251	0	0.2353407	1.80935	0.218949	0	3.40419	0	0	0	0.149721	0	0	0	0.0628262	0.445106	0	0	0	0.148302	0.9016322	4.16972	0.139987	0.157001	0	11.9413	0.2931121	0	0.939781	0	0.151456	0	0	0	1.333077
K02682	prepilin peptidase dependent protein D	0	0	5.3231	0	0	0.115343	0.536818	0.347242	0	0	0.818004	0	10.3581	7.81748	40.7937	0	1.04133	0	0	0	0	0.176172	0.253808	0	0	0	0.354702	0.257918	2.70899	0	0.0938769	0	10.1963	1.92562	0	3.26942	0	0.150936	0.0196282	0	0	1.89944
K02683	DNA primase small subunit [EC:2.7.7.-]	0	0	0.308628	0	0	0	0	5.5462	0.125844	0	0	0	0	0	0	0	5.265871	0	0	0	0	0	0	0	0	0	0	0	0	6.94576	0	0	0	0	0	0	0	0	6.48478	2.46734	0	0
K02686	primosomal replication protein N	0.0519144	0.602596	8.26033	0	0	0.203423	4.8543811	0.213726	0	1.789921	4.21057	0	15.8125	13.1698	62.0857	0.214625	1.05987	0.263147	0	0.0784427	0	0.155352	0.497361	0	0	0	0.625565	0.404332	6.7111	0.0559239	1.211158	0	10.5115266	3.1245594	0	5.56374	0	0.106478	0	0	0	3.6932
K02687	ribosomal protein L11 methyltransferase	34.9636837	26.608308	21.4357245	20.4367011	26.0013035	31.7609197	52.4361272	27.3226826	36.0759049	78.1872882	52.9584008	24.4869999	17.7860273	41.0709633	7.6154245	22.8288328	10.9169688	23.8485722	37.6832223	45.2869491	30.7002536	38.5344427	58.4915555	46.0344855	16.3690343	20.3356076	38.205672	36.5964728	67.9114048	17.6932622	11.418514	20.8847271	40.5351674	19.8292069	29.9215488	13.5182012	42.037711	42.470958	42.806781	84.6200758	59.9149021	21.1116671
K02688	transcriptional regulator, propionate catabolism operon regulatory	0	0	3.64321	0	0	0.0152166	0.198186	0	0	0.00718487	0.0663926	0	5.89985	1.1741263	9.53282	0	0.341496	0	0	0	0	0.0356758	0.0117702	0	0	0	0.108928	0.227395	0.396011	0	0	0	2.233436	0.686962	0	0.938958	0	0	0.0575508	0.233848	0	0.089914
K02689	photosystem I P700 chlorophyll a apoprotein A1	0	0	0	0	0	0	0	0	0	0	0	0	0	0	0	0	0	0	0.02398932	0	0	0	0	0.0104084	0	0	0	0	0	0	0	0	0	0	0	0	0	0	0	0	0	0
K02690	photosystem I P700 chlorophyll a apoprotein A2	0	0	0	0	0	0	0	0	0	0	0	0	0	0	0	0	0	0	0.01321467	0	0	0	0	0.00841252	0	0	0	0	0	0	0	0	0	0	0	0	0	0	0	0	0	0
K02703	photosystem II P680 reaction center D1 protein [EC:1.10.3.9]	0	0	0	0.01453598	0	0	0	0	0	0	0	0	0	0	0	0	0	0	0.03553651	0	0.00805014	0	0	0.01157554	0	0	0	0	0	0	0	0	0	0	0	0	0	0	0	0	0	0
K02704	photosystem II CP47 chlorophyll apoprotein	0	0	0	0	0	0	0	0	0	0	0	0	0	0	0	0	0	0	0.0101634	0	0	0	0	0.0086687	0	0	0	0	0	0	0	0	0	0	0	0	0	0	0	0	0	0
K02705	photosystem II CP43 chlorophyll apoprotein	0	0	0	0.00918803	0	0	0	0	0	0	0	0	0	0	0	0	0	0	0.03231178	0	0	0	0	0.02409064	0	0	0	0	0	0	0	0	0	0	0	0	0	0	0	0	0	0
K02706	photosystem II P680 reaction center D2 protein [EC:1.10.3.9]	0	0	0	0.00662258	0	0	0	0	0	0	0	0	0	0	0	0	0	0	0.02449897	0	0	0	0	0.01601468	0	0	0	0	0	0	0	0	0	0	0	0	0	0	0	0	0	0
K02707	photosystem II cytochrome b559 subunit alpha	0.042358	0	0	0	0	0	0	0	0	0	0	0	0	0	0	0	0	0	0.0138006	0	0	0	0	0.01926828	0	0	0	0	0	0.01548124	0	0	0	0	0	0	0	0	0	0.0219348	0.0212845	0
K02709	photosystem II PsbH protein	0	0	0	0.0257935	0	0	0	0	0	0	0	0	0	0	0	0	0	0	0	0	0	0	0	0	0	0	0	0	0	0	0	0	0	0	0	0	0	0	0	0	0	0
K02712	photosystem II PsbK protein	0	0	0	0	0	0	0	0	0	0	0	0	0	0	0	0	0	0	0.0608859	0	0	0	0	0	0	0	0	0	0	0	0	0	0	0	0	0	0	0	0	0	0	0
K02724	photosystem II PsbZ protein	0	0	0	0	0	0	0	0	0	0	0	0	0	0	0	0	0	0	0.1007352	0	0	0	0	0	0	0	0	0	0	0	0	0	0	0	0	0	0	0	0	0	0	0
K02742	SprT protein	0	0	7.975915	0	0	0.4136479	3.426427	0.0195917	0	1.01406	0.59576	0	2.91051	7.76399	9.44573	0.943537	1.276793	0	0	0	0	0.14834	0.1947239	0	0	0	0.148302	0.239637	1.5436	0.0258154	1.1228732	0.0158837	18.754785	0.9496773	0.570136	0.5755593	0	0.0326952	0	0.00982522	0	2.098457
K02744	PTS system, N-acetylgalactosamine-specific IIA component [EC:2.7.1.-]	39.3434	26.4825	19.7612317	11.928179	17.9749915	15.1632	12.0009	3.21714	7.04287	7.7409608	4.9838442	1.56352	0.6539	5.34886	3.1170588	0.0614811	16.783321	6.9588692	8.30769	38.078368	30.3409	3.117943	4.405573	0.795258	10.2181	12.7767	19.9690276	1.745635	7.07417	3.6586	12.1631856	16.6811869	16.071854	11.563073	30.6459505	75.949197	22.9227	32.133584	47.593545	72.5002	66.4076	1.1797429
K02745	PTS system, N-acetylgalactosamine-specific IIB component [EC:2.7.1.-]	3.41035	3.34213	3.143462	8.7263113	5.5073	0.117371	0.482142	0	0	0.6147129	2.090145	0.8290749	13.33865	7.43308	29.967149	0.991965	16.621938	0.693473	1.558888	8.8524	5.93382	5.74411	6.184932	0.0929955	0	1.87828	3.660261	3.00486	3.196333	2.911038	18.4329576	5.52502	15.3244	2.420659	12.313749	5.5262768	7.07939	4.5650247	6.45187	3.19498	0	15.9289
K02746	PTS system, N-acetylgalactosamine-specific IIC component	4.12335	2.47253	1.53357	0.105487	0.559758	0.225772	0.503876	10.621705	11.427	2.0976711	2.88094	0.720654	0.508688	0.2584757	0	0	0.0550319	2.4297516	3.51513	1.258123	0.0778642	6.55599	0.453869	12.1166	12.4201	1.94119	0.244288	0.274239	5.25988	0.551715	0.652377	0.3970612	6.394413	3.1815835	1.198458	0.1784735	2.67259	6.40635	0	0	7.61023	7.9358416
K02747	PTS system, N-acetylgalactosamine-specific IID component	0	0	0.161049	0.1591147	0	0	0	0	0	0	0	0	0	0.0976122	0.0279173	0	0	0	2.0833	0	0.0422187	0.0384881	0	0	0	0	0	0	0	0	0.0979146	0	0	0	0.39405	0	0	0	0	0	0	0
K02749	PTS system, alpha-glucoside-specific IIB component [EC:2.7.1.208 2.7.1.-]	10.2715	11.1838	1.6490096	36.17681	19.9808	0.0169933	0.21350555	9.571677	9.17585	5.1160394	8.498159	1.3262734	11.237353	5.135958	1.2018975	1.739334	13.5601118	1.18127	0.885264	10.5497	13.823478	7.6984236	7.7574076	0.0337637	0	12.034493	21.27045309	8.387072	0.139464	5.44989	50.9031576	11.8704	6.24255	2.5607492	23.845393	10.406392	7.98706	4.98655	33.951	13.6472	2.51906	20.7063124
K02750	PTS system, alpha-glucoside-specific IIC component	10.2715	11.1838	3.6987396	36.17681	19.9808	0.02547584	0.47790555	9.571677	9.17585	5.1160394	8.498159	1.3363861	16.867013	7.051198	6.3765475	1.739334	13.6732248	1.18127	0.885264	10.5497	13.823478	7.70750921	7.76486088	0.0337637	0	12.034493	21.34220889	8.4004243	0.139464	5.44989	50.91279293	11.8704	7.85882	2.5607492	23.845393	10.707904	7.98706	4.98655	33.951	13.6472	2.51906	21.1965934
K02752	PTS system, beta-glucoside (arbutin/salicin/cellobiose)-specific IIB component [EC:2.7.1.-]	0	0.269582	2.51155	0	0	0.0100241	0.637621	0.0097073	0	0.319247	0	0	4.96196	2.82347	11.1753	0.16433	0.15194	0.0146799	0	0	0	0	0.0142175	0	0	0	0.0165902	0.0125361	0	0	0.287904	0	4.42826	1.65874	0.187309	0.421109	0	0	0	0	0	1.39467
K02753	PTS system, beta-glucoside (arbutin/salicin/cellobiose)-specific IIC component	0	0.269582	2.51155	0	0	0.0100241	0.637621	0.0097073	0	0.319247	0	0	4.96196	2.82347	11.1753	0.16433	0.15194	0.0146799	0	0	0	0	0.0142175	0	0	0	0.0165902	0.0125361	0	0	0.287904	0	4.42826	1.65874	0.187309	0.421109	0	0	0	0	0	1.39467
K02755	PTS system, beta-glucoside-specific IIA component [EC:2.7.1.-]	25.7668757	22.0829006	10.3594437	58.54177	49.0557214	7.2212853	18.6712862	16.714468	13.6227636	45.1748497	59.2987716	2.8357803	35.808261	46.231204	6.134255	8.6244467	32.027773	7.3291904	28.2393609	39.365367	32.7682521	23.8486377	24.508723	15.2158687	1.291993	39.8291398	76.8787938	15.998563	4.6221099	23.7360699	83.4142623	36.134824	16.5437779	21.8096316	32.4369553	14.9878485	24.188227	14.8845908	50.5767873	19.7893672	15.787595	31.5309649
K02756	PTS system, beta-glucoside-specific IIB component [EC:2.7.1.-]	25.7668757	22.0829006	10.4054576	58.54177	49.0557214	7.2212853	16.0620862	16.714468	13.6227636	45.1748497	59.2987716	2.8357803	35.808261	46.231204	6.134255	8.6244467	32.027773	7.3291904	28.2393609	39.365367	32.7682521	23.8486377	24.508723	15.2158687	1.1934216	39.8291398	76.8787938	15.998563	4.6221099	23.6096669	83.351892	36.134824	16.5437779	21.8096316	32.4369553	14.9497407	24.188227	14.8845908	50.5767873	19.7648133	15.787595	31.5309649
K02757	PTS system, beta-glucoside-specific IIC component	25.7668757	22.0829006	10.4054576	58.54177	49.0557214	7.2212853	16.0620862	16.714468	13.6227636	45.1748497	59.2987716	2.8357803	35.808261	46.231204	6.134255	8.6244467	32.027773	7.3291904	28.2393609	39.365367	32.7682521	23.8486377	24.508723	15.2158687	1.1934216	39.8291398	76.8787938	15.998563	4.6221099	23.6096669	83.351892	36.134824	16.5437779	21.8096316	32.4369553	14.9497407	24.188227	14.8845908	50.5767873	19.7648133	15.787595	31.5309649
K02759	PTS system, cellobiose-specific IIA component [EC:2.7.1.196 2.7.1.205]	0.157666	0.111592	23.5895316	10.813769	11.7600561	0	1.448844	0	0	1.802492	0.458429	0.209145	10.5214	9.489302	38.2525578	0.203524	0.59529	5.837708	9.2660557	0.1951075	0	49.7643441	101.205684	5.796626	1.314649	2.4738596	2.659873	0.3093661	1.8048	0.772056	1.605871	1.0007583	19.74848	11.4186276	0.4049111	12.5805798	19.347636	28.4635395	22.270281	70.7329	0.759835	4.5872018
K02760	PTS system, cellobiose-specific IIB component [EC:2.7.1.196 2.7.1.205]	12.164622	12.2541819	32.316341	46.8096235	30.7030342	0.2461929	2.421136	2.906804	1.82557	33.551371	33.605518	6.44249	30.82229	19.101315	10.0324088	5.651016	22.3749105	11.067724	16.9875774	41.6867616	17.8106	72.782921	121.4523165	1.8321847	6.254386	17.34015	30.54662816	11.3802363	0.77514	13.129567	76.607755	21.863078	25.482816	18.473051	32.9920891	17.0314731	42.970694	50.2781403	26.431011	81.2171943	1.6036969	34.1349264
K02761	PTS system, cellobiose-specific IIC component	0.405187	0.589739	17.9505704	14.4988285	12.3727992	0.3100849	2.9022424	0.1495222	0.1319359	11.4853594	4.7773911	1.451273	4.04927	7.8900086	16.1509807	3.4486712	0.2332241	4.340932	12.064154	2.723976	1.0596	41.5392299	84.1056228	3.3734074	10.188777	1.8449	6.3044209	0.063537	9.650539	2.2274867	18.9284117	2.0863491	15.744098	10.6452176	1.6030946	22.3373666	14.6552625	26.169663	17.6594	58.9149	2.9726773	17.0342845
K02768	PTS system, fructose-specific IIA component [EC:2.7.1.202]	50.9202434	34.356873	7.9482766	15.6544524	32.340615	32.5408513	29.393912	11.7722897	19.8205134	12.138274	12.7456509	0.0991001	17.257308	13.0215621	10.1010803	4.6930905	17.524207	11.1651538	7.439938	49.049444	53.8618032	12.0619619	11.2376142	4.182856	29.2976588	19.823995	37.8823162	6.9462297	0.803585	11.726903	14.6885707	23.1608006	35.692739	33.5345266	10.2812454	10.3022703	29.7772646	42.1163112	61.50253	82.9988099	99.6371156	12.8479938
K02769	PTS system, fructose-specific IIB component [EC:2.7.1.202]	55.3904624	37.88033	11.5247536	21.5885924	35.332875	33.101814	27.9493772	12.729666	20.9532834	13.984067	11.8829262	0.074559	18.135851	8.484908	17.273441	3.6049956	9.319306	11.0496365	9.064454	57.687444	60.3819189	13.093592	13.118917	3.866678	28.2612588	20.157295	41.8445833	7.117181	0.941322	11.535383	8.8077952	11.8445561	35.27594	26.798042	10.7550943	9.4254239	33.9654646	45.5985609	65.47404	90.9375099	111.1570874	14.0680088
K02770	PTS system, fructose-specific IIC component	6.3405124	2.891298	11.1384562	0.5639784	6.211002	14.768545	19.703275	6.644402	12.9381464	3.784766	8.7365457	0.074559	17.235554	15.874798	22.409159	6.6509416	27.300597	6.2809465	3.244558	12.314944	24.7162032	5.115202	3.737427	2.9681551	18.2755768	6.325095	14.3519813	4.697741	0.941322	8.4460103	21.2483822	33.5496661	19.2423997	39.2861744	8.2837254	11.0079767	5.0884646	6.9600059	16.32029	13.1656579	23.3911874	13.0111648
K02773	PTS system, galactitol-specific IIA component [EC:2.7.1.200]	42.306465	28.958937	11.2263911	29.4619849	33.244764	16.577805	14.567433	5.829318	8.984633	7.2417458	8.524743	0.548534	8.283727	7.43039	20.688248	1.5843668	2.301669	5.5528991	12.16482	36.49886	31.54658	2.2442696	5.4019689	4.0354157	20.661577	8.7269	6.3459147	2.115949	6.11482	5.406917	1.4460538	4.37228	20.73555	12.4233724	3.6430031	3.097253	30.376098	37.1682129	52.53436	79.7125	62.044144	2.0737507
K02774	PTS system, galactitol-specific IIB component [EC:2.7.1.200]	164.566097	114.625085	8.2176714	96.0767713	87.7183446	36.125492	33.203548	17.800585	24.81729	35.0282497	28.7062462	2.4461336	44.709184	11.43188	1.249008	4.086232	28.8600018	14.963173	22.45749	164.4387	129.3804	26.8012733	33.3661189	1.17030149	16.5416495	46.62714	59.1269794	15.556863	11.8864926	24.6059972	101.4906189	35.105351	50.653408	39.1313505	40.7469858	14.1138647	120.6614356	138.4525897	174.83500644	199.593473	136.40222	27.51042024
K02775	PTS system, galactitol-specific IIC component	110.9032663	76.0575297	3.5310342	34.86836	45.16038	26.77988285	24.1171328	6.6480064	12.47572	20.0036249	14.72077	2.5327795	2.6668695	4.7593261	3.2200993	3.627784	1.260421	7.5378389	8.98459	94.0071	78.811	4.5813515	7.2381975	2.1483308	22.0601	20.51473	16.968018	4.831231	5.69345	7.4919208	1.351777	9.256936	33.012932	23.0282906	5.081835	0.0247575	71.3766556	99.090873	90.64599545	121.640282	112.22093	2.0867813
K02777	PTS system, sugar-specific IIA component [EC:2.7.1.-]	1.9238974	1.6034979	4.2966088	0.0818938	0.2052361	0.2714458	3.0206063	1.2930588	0.8578632	3.3990758	3.465227	0.537864	5.402586	6.83786	7.5438555	1.032806	1.008073	0.2533417	0.510418	0.4804326	0	0.18332	2.1487088	4.851915	0	1.2033206	0.7760059	0.7927517	7.614733	0.6426576	1.90377	0.4682648	11.9824827	4.1634256	0.9914036	2.5750244	0.671684	0.3472523	0.1971743	1.089773	1.45415	11.0780494
K02778	PTS system, glucose-specific IIB component [EC:2.7.1.199]	0.0531343	0.2857976	7.1433479	0	0	0.130704	2.787097	0.135634	0.0290329	1.4598	3.02577	0	3.76737	4.27725	11.1681	0.889572	0.375118	0.0387671	0.166346	0	0	0	0.127826	0.00941622	0	0	0.160776	0.142886	1.13011	0	0.904277	0	4.86533	1.8581827	0.288011	1.20895	0	0	0	0	0	1.7369533
K02779	PTS system, glucose-specific IIC component	0.0531343	0.2857976	2.6500879	0	0	0.130704	2.40763	0	0	0.539277	3.02577	0	3.76737	4.27725	11.1681	0.344754	0.233517	0.0387671	0.166346	0	0	0	0.127826	0.00941622	0	0	0.160776	0.142886	1.13011	0	0.624091	0	4.86533	1.5072	0.154939	1.20895	0	0	0	0	0	1.67426
K02781	PTS system, glucitol/sorbitol-specific IIA component [EC:2.7.1.198]	79.2825313	48.829709	7.501218	25.82435	32.7668921	24.815294	24.3459657	6.785747	11.833663	19.487686	13.946473	0	10.774774	35.92004	32.916578	0.204729	1.416618	8.493964	13.7831	62.0456	51.58293	8.3510962	12.7311413	1.90993	24.64521	23.2398672	37.711183	5.005983	2.1683	5.8572004	1.449281	6.507	41.69288	22.575657	5.2869394	5.929971	43.1117	61.9865739	125.2579	133.66979	169.04626	1.493858
K02782	PTS system, glucitol/sorbitol-specific IIB component [EC:2.7.1.198]	2.43399	1.09191	3.023237	0.118714	4.47784	8.37169	5.711707	3.08707411	6.15221	0.632845	2.121348	0	4.57932	1.994345	4.393464	0.727862	4.0861555	3.79004	4.11623	7.7581814	9.28789	2.692513	0.2613692	2.0654	14.6221	3.93896	9.994059	1.9408973	2.75605	3.2587738	20.666339	7.24119	10.54122	7.3578934	6.0589	4.0256748	4.51155	5.7224477	6.2671	4.86459	9.54316	12.104796
K02783	PTS system, glucitol/sorbitol-specific IIC component	2.43399	1.09191	3.3634187	0.1694765	4.47784	8.37169	5.7673433	3.08707411	6.15221	0.6991769	2.121348	0	4.6096956	2.363405	6.3067911	0.9508515	4.0861555	3.79004	4.11623	7.8388415	9.28789	2.692513	0.2989303	2.1624862	14.6221	3.93896	10.0563889	1.9840282	2.75605	3.2587738	38.507739	9.660561	16.75978	7.4043509	6.0589	4.3190504	4.51155	5.7658277	6.2671	4.86459	9.54316	14.99544
K02784	phosphocarrier protein HPr	0	0.5021629	7.28074	0	0	0.310785	2.66447	0.163263	0	0.9380461	2.14773609	0.0778484	6.75223	10.9249	27.1138	0.245925	0.767008	0.643247	0.61336	0.0416	0	0	0.465791	0	0	0.00683409	0.318575	0.849378	3.22975	0	0.590208	0	15.3881749	1.33022	0.0800893	1.93186	0	0.0813375	0	0.0216211	0	3.2914
K02786	PTS system, lactose-specific IIA component [EC:2.7.1.207]	11.8477	11.478	5.515064	40.9331	25.3975	0	0	8.27561	8.196008	8.479314	8.0545	2.31321	27.9092	5.88348	0.987322	3.667363	24.2034	2.960608	2.71631	26.6993	14.6537	20.5245	19.4089	0	0	13.4729	26.0779	8.95708	0.184557	11.2292	71.8033	20.1504	8.9271	6.276878	25.056544	11.56901	22.987442	15.5241	52.3889	20.6582	0	21.5846
K02787	PTS system, lactose-specific IIB component [EC:2.7.1.207]	0	0	0.0934224	3.09799	0	0	0.389133	0.147245	0.131479	0.488637	0.0789075	0.935984	0	0.209052	0	0.0398028	0	0.039041	0.0452927	0	1.04504	0.22543	0.457884	1.72495	0	0	0	0	4.98753	0.151443	0.536426	0	0	0	0	0.155742	0.4239929	0	0	0	0.181161	0.7691742
K02788	PTS system, lactose-specific IIC component	0	0	0.0934224	3.09799	0	0	0.389133	0.147245	0.131479	0.488637	0.0789075	0.935984	0	0.209052	0	0.0398028	0	0.039041	0.0452927	0	1.04504	0.22543	0.457884	1.72495	0	0	0	0	4.98753	0.151443	0.536426	0	0	0	0	0.155742	0.4239929	0	0	0	0.181161	0.7691742
K02790	PTS system, maltose/glucose-specific IIB component [EC:2.7.1.199 2.7.1.208]	0	0.137808	1.476748	0.175821	0	0.0125475	0.403413	0	0	0	0	0	2.30783	1.52356	9.39039	0.174106	0.2679729	0	1.18941	0	0	0.1141737	0.0613244	0	0	0	0.0698808	0.019278	0.03336	0.0114706	0.4410775	0	4.46531	1.1329865	0.0214044	0.5600998	0	0.142547	0	0	0	0.7716951
K02791	PTS system, maltose/glucose-specific IIC component	0	0.137808	1.476748	0.175821	0	0.0125475	0.403413	0	0	0	0	0	2.30783	1.52356	9.39039	0.174106	0.2679729	0	1.18941	0	0	0.1141737	0.0613244	0	0	0	0.0698808	0.019278	0.03336	0.0114706	0.4410775	0	4.46531	1.1329865	0.0214044	0.5600998	0	0.142547	0	0	0	0.7716951
K02793	PTS system, mannose-specific IIA component [EC:2.7.1.191]	34.077533	22.32528	5.7325133	13.012626	19.810152	18.8723028	17.9123603	6.865482	11.26424	11.533638	8.635047	2.2760122	9.598303	10.170716	9.0543128	3.3807791	4.688128	7.0457748	11.4085251	36.6858423	33.441359	4.9185324	5.1286654	24.342125	24.028401	12.5305801	28.019785	4.1506397	1.05238	12.378672	6.1687472	8.765099	29.5745618	17.5432604	12.4300225	9.74549	20.9799	32.6359163	45.77355	61.844852	61.6996694	15.3950497
K02794	PTS system, mannose-specific IIB component [EC:2.7.1.191]	33.877205	22.32528	5.5523942	12.799289	19.342889	18.773583	17.6305	6.865482	11.26424	6.888749	6.532677	2.23391	9.567525	7.1855341	8.6790408	2.142619	4.615939	7.0280074	13.634839	36.4832263	33.441359	4.8700634	5.0643011	23.3809812	24.16231	12.4968571	28.0754583	4.085233	1.05238	7.053581	4.6245943	9.1186764	29.72516	16.3091577	12.035031	9.2995411	20.9799	32.5191013	45.77355	61.74163	61.503102	14.3846062
K02795	PTS system, mannose-specific IIC component	51.322326	37.178825	11.155313	58.1103953	41.7573512	18.0887208	19.7049163	16.6707059	17.7033883	17.802637	14.2202846	5.9571902	30.344696	34.9077645	11.1693069	5.807142	32.2570433	8.4729726	19.1661224	64.4022103	47.3569846	22.2799602	26.7673076	4.2608222	10.2944889	25.4731	49.8199361	10.4223371	6.412531	25.9605689	83.5681325	30.7995019	36.092817	17.9620719	32.6694651	28.8300981	47.1513375	48.72158	100.7535313	88.6761306	65.7793024	30.361663
K02796	PTS system, mannose-specific IID component	22.284643	24.0990629	32.3418314	80.0828032	49.236528	8.146075	13.9464897	28.8009403	28.8703566	29.84309	30.573688	5.727147	65.93075	23.586737	20.8671304	9.311356	60.921843	13.46749	20.319524	63.2790336	44.3842	84.5470975	125.0551527	5.1212615	15.394738	36.37338	69.7179251	22.3187702	1.668983	28.8145019	160.4557378	50.3349834	33.7533233	17.5684	61.7851267	30.8657908	57.390468	38.3041324	103.7136938	45.3012443	10.0241191	59.1435492
K02798	PTS system, mannitol-specific IIA component [EC:2.7.1.197]	46.7176	31.497207	5.1047907	18.24356	22.8593	14.2802255	24.7404288	4.2819648	7.37621	10.7178929	6.7618693	1.40127	4.0642858	7.32683	16.468583	0.271019	0.7351	4.95723443	5.2283	41.7589	33.9132	4.0290649	7.964	0.1308808	0.8095564	13.5209	22.5926404	3.0217261	0.0495599	7.7344705	22.215702	6.6299	28.39864	15.477828	3.4654	3.839663	28.718845	37.254973	57.593677	83.999	80.7719	6.5525397
K02799	PTS system, mannitol-specific IIB component [EC:2.7.1.197]	34.0085	22.733644	5.5334343	11.3662092	14.827197	13.0092118	13.8536385	1.2415915	2.24154	6.7962759	5.2355491	0.0236786	6.9985878	6.15538	33.917658	0.4732586	0.361347	1.45988973	3.819809	24.2938	19.498	0.6238468	1.311625	0.1028603	0	3.85326	2.2191706	0.438549	0.6707459	2.4268699	20.867782	5.55058	23.84969	9.783305	2.07318	3.139523	6.54151	6.4375766	37.390677	58.27	0	5.6174816
K02800	PTS system, mannitol-specific IIC component	34.0085	22.733644	5.5334343	11.3662092	14.827197	13.0092118	13.8536385	1.2415915	2.24154	6.7962759	5.2355491	0.0236786	6.9985878	6.15538	33.917658	0.4732586	0.361347	1.45988973	3.819809	24.2938	19.498	0.6238468	1.311625	0.1028603	0	3.85326	2.2191706	0.438549	0.6707459	2.4268699	20.867782	5.55058	23.84969	9.783305	2.07318	3.139523	6.54151	6.4375766	37.390677	58.27	0	5.6174816
K02802	PTS system, N-acetylglucosamine-specific IIA component [EC:2.7.1.193]	0	0	0	0.212393	0	0	0	0.0582463	0	0	0	2.07379	0	0.168042	0.0281604	0	0	0	0	0	0	0.0781651	0	0	0	0	0.281643	0	0	0.0888678	0.22394	0	0	0	0	1.88435	0	0	0	0	0	1.860397
K02803	PTS system, N-acetylglucosamine-specific IIB component [EC:2.7.1.193]	8.20785	10.315613	10.8153625	17.6281745	37.8202423	41.724276	48.4179696	28.0250114	41.745064	21.65041	26.037747	2.07379	12.123852	35.7500439	7.43158902	3.305378	32.499857	18.570602	34.42574	25.072644	50.6026379	4.4482911	1.6660685	51.09849	17.7357	25.49729	31.284233	5.044463	0	6.8825478	21.7174262	43.369791	11.373467	45.052641	25.957055	4.733607	33.89998	16.77934	11.5539752	41.757559	15.94095	17.7380708
K02804	PTS system, N-acetylglucosamine-specific IIC component	8.20785	10.315613	10.8153625	17.578893	37.75498	41.724276	48.453508	28.0065813	41.745064	21.65041	26.037747	2.07379	12.123852	35.7500439	7.4249054	3.305378	31.732849	18.570602	34.42574	25.072644	50.57878	4.4482911	1.620729	51.2818218	17.7685166	25.49729	31.284233	5.1078651	0	6.9174312	21.679494	43.369791	11.373467	45.1130337	26.006372	4.733607	33.89998	16.77934	11.5539752	41.757559	15.94095	17.7380708
K02805	lipopolysaccharide biosynthesis protein	0	0	0.572535	0.163883	0	0.0224903	0.434565	0	0	0	0.18003	0.0230775	1.47021	3.46977	23.3008	0	0.403441	0	0	0	0	0.0348394	0.0892179	0	0	0	0.0211117	0	0.440905	0.261771	0	0	0.797559	1.77459	0	1.13997	0	0	0	0	0	0.509023
K02806	PTS system, nitrogen regulatory IIA component [EC:2.7.1.-]	2.132313	1.57629	9.19871	0.159808	0	0.271412	3.2320535	0.9159896	2.9468142	5.782967	10.5791186	0.060739	9.94568	6.8269212	5.637157	0.4271623	0.3614566	0.664813	0.410808	1.914842	10.3151	0.3642038	0.309176	0.0244242	0.0392493	0.56026	1.20742	2.927717	1.2239	0.2018497	2.157655	0.813621	16.5205691	2.81355	0.627522	5.92857	0.113478	0.1930226	0.9032491	4.80683	10.9583	2.55686
K02808	PTS system, sucrose-specific IIA component [EC:2.7.1.-]	11.5839631	11.174285	7.7896795	39.9758836	24.70786	0.1820679	0.6573416	10.912997	8.7011121	48.7799145	43.2360031	3.182588	33.48983	9.4393687	2.4142628	4.3855479	25.2146043	5.6545666	6.4792053	37.534768	22.869643	16.0688536	16.927122	24.4260006	0.6382005	21.8297467	26.007383	8.916847	0.244719	9.7526594	70.6406577	19.6235613	8.001605	7.3491173	31.2028463	13.5957112	20.0371122	11.0817403	44.3935699	22.521271	11.82086	25.2776392
K02809	PTS system, sucrose-specific IIB component [EC:2.7.1.-]	28.5223831	22.55697	13.1571498	72.4762832	43.86226	4.1130489	12.6388917	30.117078	23.4799981	57.8406165	71.1762831	7.241062	54.420286	23.4395887	7.7753202	9.9431429	37.8225017	6.3271136	32.1798453	45.459709	64.173843	35.9622133	32.7130441	31.0135785	0.9787865	39.9394497	51.519733	16.240637	0.429881	25.0609894	113.4680492	47.0017709	17.9418967	35.733776	41.1561803	26.7288922	27.7696408	16.4936753	88.3735221	40.887046	11.82086	42.7524989
K02810	PTS system, sucrose-specific IIC component	28.5223831	22.55697	13.1571498	72.4762832	43.86226	4.1130489	12.6388917	30.117078	23.4799981	57.8406165	71.1762831	7.241062	54.420286	23.4395887	7.7753202	9.9431429	37.8225017	6.3271136	32.1798453	45.459709	64.173843	35.9622133	32.7130441	31.0135785	0.9787865	39.9394497	51.519733	16.240637	0.429881	25.0609894	113.4680492	47.0017709	17.9418967	35.733776	41.1561803	26.7288922	27.7696408	16.4936753	88.3735221	40.887046	11.82086	42.7524989
K02812	PTS system, sorbose-specific IIA component [EC:2.7.1.206]	0.483061	0.128212	0	9.75982	10.9858	13.8365	11.5163	2.21968	5.49175	6.13906	4.43839	0	0	0.602013	0.0509012	0	0	0.123175	0.176178	33.1014	28.0775	0	0.116404	0	0	1.89624	0.457528	1.71519	0	1.47246	0	0	0.515781	1.94789	2.33111	0	1.3717	1.24602	18.6682	57.222	7.87978	0.111305
K02813	PTS system, sorbose-specific IIB component [EC:2.7.1.206]	0.627873	0.133318	0.0441815	8.37909	10.9461	11.609	10.6713	2.34059	5.51265	7.008	4.44623	0	0	0.851342	0.0423426	0	0	0	0.219833	32.0825	28.1968	0	0	0	0	1.87786	0.608957	1.77119	0	0.871027	0	0	0.471962	2.04415	2.78116	0	1.16642	1.65842	17.0514	58.5113	7.5344	0.0386908
K02815	PTS system, sorbose-specific IID component	0	0	0.879362	0	0	0	0	0	0	0	0	0	0	0	0	0.234746	0	0	0	0	0	0	0	0	0	0	0	0	0	0	0	0	0	0	0	0	0	0	0	0	0	0
K02817	PTS system, trehalose-specific IIA component [EC:2.7.1.201]	0	0	0	0	0	0	0.0335797	0	0	0.563471	0	0	0	0	0.0219881	0.0523633	0	0	0	0.0352895	0	0	0	0.227417	0.0882055	0	0.060904	0.0358682	0	0	0	0	0	0.136304	0.3695355	0	0	0.154113	0	0	0	0
K02818	PTS system, trehalose-specific IIB component [EC:2.7.1.201]	0	0	3.106935	0	0	0.0792869	0.4869687	0.0555134	0	0.56844111	0.229395	0	0.159784	0.8872476	0.6123341	0.3037868	0.4778994	0	0	0.0352895	0	0.0138869	0.11616	0.227417	0.0882055	0	0.182624	0.0458435	3.75688	0	0.296543	0	6.760049	0.528457	0.4784805	0.629858	0	0.271515	0	0	0	0.359665
K02819	PTS system, trehalose-specific IIC component	0	0	3.106935	0	0	0.0792869	0.4869687	0.0555134	0	0.56844111	0.229395	0	0.159784	0.854176	0.6123341	0.3037868	0.4778994	0	0	0.0352895	0	0.0138869	0.11616	0.227417	0.0882055	0	0.182624	0.0458435	3.75688	0	0.296543	0	6.760049	0.528457	0.4784805	0.629858	0	0.271515	0	0	0	0.359665
K02821	PTS system, ascorbate-specific IIA component [EC:2.7.1.194]	41.358986	25.059261	7.9836648	27.52929	36.99035	45.511255	38.8714122	7.5601952	12.43697	22.3038416	13.9143933	0	4.452616	6.8833875	0.348403	0.124257	2.139404	6.218591	6.373577	75.31459	53.695153	5.2981748	8.104354	0.9339913	9.4433735	12.89018	5.6657688	2.840837	5.323621	4.99691	1.3861515	6.9532901	43.35931	24.879737	6.249631	3.9721651	55.9150642	73.134152	113.722	222.2777	189.9700792	1.1243115
K02822	PTS system, ascorbate-specific IIB component [EC:2.7.1.194]	46.250992	30.620893	10.2978217	19.7706953	27.0267346	35.549357	36.803879	8.10888	14.15377	27.7029254	18.11697	0	12.257923	14.489601	24.5951179	0.3540232	2.081375	7.028487	8.894581	49.189938	32.4016307	5.917589	10.6096083	0.8382161	9.10853	14.06296	7.7827416	3.30649	5.84933	4.429873	2.4931994	10.3721008	31.2021863	18.8934289	7.2621158	3.57159	30.26246	41.5178331	117.3592	170.7578458	147.47838	5.4580127
K02823	dihydroorotate dehydrogenase electron transfer subunit	5.0815253	3.596948	8.0843848	7.7572842	10.7901068	5.8945923	21.9286512	27.5528848	29.562938	50.724256	30.1332332	21.7170722	14.0904817	4.7193101	1.1393289	14.281208	7.3074781	16.3917376	26.0505916	11.8006714	9.1653873	5.4028201	4.4454916	32.536188	2.1465562	7.1117173	3.8912176	10.4807484	56.6958388	14.4242063	7.0559942	11.1481609	3.417826	3.2777393	23.144785	19.9956605	12.8522622	10.981147	10.3213457	20.4104676	11.7396317	16.3215389
K02824	uracil permease	1.6925679	1.8453393	4.8337644	2.5857219	0.5874556	2.4236689	11.7571771	0.9106188	2.0768567	5.982179	5.711078	2.4264044	7.2304171	4.3830298	9.7652234	2.0640322	2.284244	1.3231824	3.557018	3.2300057	1.5023135	2.3918326	2.625463	1.27568	1.1267847	0.512704	1.36515	1.1856985	4.883683	2.773945	16.5576286	2.856087	22.4536379	3.5542099	1.5712184	9.9400559	0.2286922	0.2667564	3.192289	1.7216481	2.0174423	8.896305
K02825	pyrimidine operon attenuation protein / uracil phosphoribosyltransferase [EC:2.4.2.9]	6.9589436	7.4129269	16.9729907	28.9715817	18.9755526	1.2974685	7.4436518	8.3016808	8.127999	51.0748086	44.421753	33.14992	41.6609612	6.7587554	1.7025316	9.858891	19.0436043	7.7911405	6.127898	31.7679684	10.8547285	49.5970458	85.8447335	23.7638971	1.6771103	9.2404533	23.296308	8.1586888	2.6134557	15.9253797	68.6164721	17.4947804	31.03727	16.755204	27.0215027	14.0846817	20.3482813	37.878681	41.2141214	16.4031466	1.78515	31.9177378
K02826	cytochrome aa3-600 menaquinol oxidase subunit II [EC:1.10.3.12]	0	0	0	0	0	0	0	0	0	0	0	0	0	0	0	0	0	0	0	0	0	0	0	0	0	0	0	0	0	0	0	0	0	0	0	0	0.0723112	0	0	0	0	0
K02827	cytochrome aa3-600 menaquinol oxidase subunit I [EC:1.10.3.12]	0	0	0	0	0	0	0	0	0.0901229	0	0	0	0	0	0	0	0	0	0	0	0	0	0	0	0	0	0	0.0868682	0	0	0	0	0	0	0	0	0.051417	0	0	0.102362	0	0
K02828	cytochrome aa3-600 menaquinol oxidase subunit III [EC:1.10.3.12]	0	0	0.0805243	0	0	0	0	0	0	0	0	0	0	0	0	0	0	0	0	0	0	0	0	0	0	0	0	0	0	0	0	0	0	0	0	0	0.113105	0	0	0	0	0
K02829	cytochrome aa3-600 menaquinol oxidase subunit IV [EC:1.10.3.12]	0	0	0	0	0	0	0	0	0	0	0.0638563	0	0	0	0	0	0	0	0	0	0	0	0	0	0	0	0	0	0	0	0	0	0	0	0	0	0.121929	0	0	0.080127	0	0
K02830	cell cycle checkpoint protein [EC:3.1.11.2]	0	0	0	0	0	0	0	0	0	0	0	0	0	0	0	0.0234847	0	0	0	0	0	0	0	0	0	0	0	0	0	0	0	0	0	0	0	0	0	0	0	0	0	0
K02832	CASP2 and RIPK1 domain containing adaptor with death domain	0	0	0	0	0	0	0	0	0	0	0	0	0	0	0	0.0645342	0	0	0	0	0	0	0	0	0	0	0	0	0	0	0	0	0	0	0	0	0	0	0	0	0	0
K02834	ribosome-binding factor A	55.495111	81.002954	47.4614319	70.0320384	164.7798467	88.589982	70.0229428	60.9069704	65.5202882	89.6681012	68.5368035	29.4135623	85.9531396	54.3140059	30.6778943	31.4146045	35.4109477	39.6037279	40.473952	117.4021577	55.9743022	56.9694791	101.8994156	36.2424781	25.663779	84.7087659	89.0777153	52.1973247	10.6567551	35.5990035	132.148039	59.129566	88.1956115	41.6907306	70.0936768	33.1440988	106.041498	92.9576943	118.7505768	97.2837657	97.9722958	63.8527855
K02835	peptide chain release factor RF-1	39.5505547	55.7023811	50.4841744	55.1704071	122.1228952	60.7951063	54.040338	49.2757857	48.3194963	79.7817693	64.213718	67.447827	80.331973	39.9769875	15.9347849	47.5572111	22.612403	44.4162343	41.402094	55.4463995	20.1828536	93.7588024	155.6722611	38.2626684	16.6714905	56.0593147	56.3888466	95.7982335	75.443206	29.9123207	88.1670712	40.4708335	74.4999718	30.7644074	60.9482574	35.2374166	75.1382566	66.6891323	45.7794952	26.2747009	48.3594734	73.4685096
K02836	peptide chain release factor RF-2	62.2796772	76.0950457	37.0546298	26.6343074	111.4631524	57.6414879	52.5147921	39.7821249	44.5075639	70.5822692	50.1469165	8.6011184	29.1351175	14.4935538	32.8391277	18.5109536	22.665868	28.7761252	46.4502374	73.9708831	33.965101	35.6421517	64.9244774	47.221609	50.4627944	60.2605728	56.3055464	15.6770596	14.9838628	13.1091715	38.8394485	23.9416481	66.0681607	45.761982	37.1262496	18.3093695	82.5427455	77.0587625	75.6631562	79.3768301	117.1246445	48.8646089
K02837	peptide chain release factor RF-3	22.0047004	14.151998	44.5241174	4.140332	4.9642572	9.4294387	28.4921873	30.67057505	35.2911711	97.7907666	78.4460663	5.2205531	4.6452367	23.4702492	5.8403271	16.2334583	25.1743576	25.3773221	51.2530406	20.6714646	4.1123608	45.2010457	64.5835677	83.5574801	44.245183	26.025873	11.6925059	16.3129725	11.62028	12.7890934	28.7377504	12.6294604	39.6492882	39.756665	32.0981698	32.8924748	29.2270533	35.537717	12.7632	7.685787	41.348932	63.0513988
K02838	ribosome recycling factor	59.3469105	70.739018	31.3389457	53.4397863	120.5800032	65.1043896	62.9066279	45.6693982	53.5200146	84.4037232000001	75.8133289	78.3127743	79.8200766	28.3094614	24.7064678	48.3947688	30.6774291	40.465313	44.0191467	90.7301054	51.325977	56.1123917	78.4297719	42.9947204	30.95621	59.3250272	70.626683	66.8447764	103.3122264	36.7074502	99.6651319	49.7889389	85.858115	41.4125965	59.8230244	25.8728091	94.0255462	94.4647859	102.3824401	93.2749393	79.2737495	63.4082355
K02839	peptide chain release factor RF-H	0	0	0	0.0132915	0	0	0.0213537	0.0464555	0	0.448314	0.0674042	1.01568	0.2196322	0.5291196	1.055243	5.250568	0	0.350303	0.0581844	0.164545	0.0921641	0.730287	0.1647473	0	1.09066	0.869233	0.0447439	2.7803856	3.77695	3.12555449	0	0.0902435	0.1163013	0.0897115	0	0.1255232	0	0.468218	0	0	0	0.5282626
K02840	UDP-D-galactose:(glucosyl)LPS alpha-1,6-D-galactosyltransferase [EC:2.4.1.-]	0	0	0	0	0	0	0	0	0	0	0	0	0	0	0	0	0	0	0	0	0	0	0	0.0764791	0	0	0	0	4.62834	0	2.5498573	0.611917	0	0	0	0	0	0	0	0	0	0.191113
K02841	heptosyltransferase I [EC:2.4.-.-]	0	0	2.01887	0.0140849	0	0.0722139	0.384824	0	0	0.0455892	1.95285	0	2.6529419	4.42234	17.29	0	0.729974	0.0536039	0	0	0	0	0.151971	0	0	0	0.169907	0.731363	4.1855944	0.136703	0.0367664	0.024966	8.09229	0.44573	0	1.08184	0	0.206055	0	0	0	0.563668
K02842	frizzled 9/10	0	0	0	0	0	0	0	0	0	0	0	0	0	0	0	0.047024	0	0	0	0	0	0	0	0	0	0	0	0	0	0	0	0	0	0	0	0	0	0	0	0	0	0
K02843	heptosyltransferase II [EC:2.4.-.-]	0.457363	0.583728	3.646109	0	0	0.0748378	2.8254104	0.0580226	0	6.8322086	3.3245044	5.1845273	6.416718	1.9320801	13.6661	0.3880531	0.29919	0.311877	0.72488	0.4737637	0	0.9158074	0.1389955	0	0	0	0.0732832	0.4342033	2.0996851	0.4253323	0.3548	1.5370586	16.785335	2.13782	0.30060005	1.1400306	0.684989	0	0	0	0	2.8398099
K02844	UDP-glucose:(heptosyl)LPS alpha-1,3-glucosyltransferase [EC:2.4.1.-]	0	0	0	0	0	0.0514797	1.514377	0	0	0	0	0	0	2.3071	0	0	0	0	0	0	0	0.0525807	0.1932786	0	0	0	0	0	0	0	0	0	0	0.570301	0	0	0	0	0	0	0	0.989589
K02846	N-methyl-L-tryptophan oxidase	0	0.419765	2.78409	0	0	0.0606174	0.568588	0.0909825	0	0.0307469	0.950921	0	2.9183	2.40022	11.8408	0	0.332449	0	0	0	0	0	0.135504	0	0	0	0.0798903	0.370064	4.23328	0.0380906	0.2163444	0	8.30118	1.667375	0	0.740684	0	0.0453274	0	0	0	1.249339
K02847	O-antigen ligase [EC:2.4.1.-]	0	0	0.148083	0	0	2.02455	11.9347	0	0	0.7893093	0.440949	0.0513555	0	0	0	0	0	0.199866	0.46002	0	0	0	0.0693503	0	0	0	0	0	4.8870799	0	0	0	1.85853	0.40242	0	0	0	0	0	0	6.54751	0.2261023
K02848	heptose I phosphotransferase [EC:2.7.1.-]	0	0	0	0	0	0	0.304511	0	0	0	0	0	0	2.44958	0	0	0	0	0	0	0	0	0	0	0	0	0	0	0	0	0	0	11.2574	0	0	0	0	0	0	0	0	0.914277
K02849	heptosyltransferase III [EC:2.4.-.-]	0	0	0	0	0	0	0.357081	0	0.049158	0.0867434	0	0.0519954	0	1.89859	0	0	0.052296	0	0	0	0	0	0.1446109	0.0490487	0	0	0.0487342	0	0	0	0	0	0	0.0775923	0	0	0	0	0	0	0	0.532995
K02850	heptose II phosphotransferase [EC:2.7.1.-]	0	0	0	0	0	0	0	0	0	0	0.307808	0	0	0.205491	0	0	0	0	0	0	0	0	0	0	0	0	0	0	4.63813	0.0156214	0.0995198	0	3.36031	0	0	0	0	0	0	0	0	0
K02851	undecaprenyl-phosphate alpha-N-acetylglucosaminyltransferase	10.040273	0.751445	4.5499502	2.34926	2.30409	19.2244089	8.139394	4.5894092	0.686651	1.1027466	1.616282	0.612408	3.768934	1.35245	7.19717	1.601909	1.1070078	1.008246	0.9609373	2.261393	0.174556	1.7251061	3.0906189	0.0330988	0.164473	1.2574695	2.2182948	3.790285	6.51302	1.2936089	4.0700497	4.120546	6.394311	1.334279	0.8479666	2.9833018	8.3880917	4.6652122	0.213828	0.1121359	0.5607074	7.8168849
K02852	UDP-N-acetyl-D-mannosaminuronic acid transferase	0	0.6410529	8.135021	0	0	0.2555691	3.714406	0.134257	0	0.0733803	0.896496	0	7.56798	6.33404	22.604	1.093553	0.956489	0	0	0	0	0.0578298	0.1527431	0.0144911	0	0	0.2328666	0.395096	2.02274	0.0468398	0.647131	0	5.9189117	1.576508	0.204899	2.27351	0	0	0	0	0	0.9881352
K02853	4-alpha-L-fucosyltransferase	0	0.300547	4.44222	0	0	0	0.641261	0	0	0	0	0	5.07848	2.94236	29.2692	0	0.114764	0	0	0	0	0	0.0886645	0	0	0	0.128701	0.0120487	0.36534	0	0.181309	0	5.9945	1.45787	0	0.749232	0	0	0	0	0	3.2301
K02854	AraC family transcriptional regulator, L-rhamnose operon	0	0.0205009	7.975942	0	0	0.3746741	2.024791	0.2262953	0	0.360812	0.20872	0	3.77893	1.38756	8.52217	0.750494	0.45871	0.0217845	0	0	0	0.08312435	0.0833219	0.0310969	0	0	0.0221867	0.202817	0.988053	0	0.8483712	0.0443066	5.4447408	0.7712734	0.5841	0.680544	0	0	0	0	0	0.7792835
K02855	AraC family transcriptional regulator, L-rhamnose operon regulatory	0	0.618384	6.913596	0	0	0.3177834	2.366278	0	0	0.3594677	0.514148	0.0611909	7.70167	6.49911	17.6833	0.734552	1.192379	0	0	0	0	0.104899	0.3344694	0	0	0	0.3380511	0.339886	1.38103	0	0.4771733	0	4.456679	1.2309059	0.413046	2.87906	0	0.0767201	0	0	0	1.1600839
K02856	L-rhamnose-H+ transport protein	0	0.0919214	5.469565	0	0	0.322373	3.27048	0.0284008	0	0	0.729976	0	8.60625	6.85624	24.9708	0.600223	0.479077	0	0	0	0	0	0.1856143	0	0	0	0.2335919	0.2358955	0.506214	0	0.520615	0	5.88803	2.101712	0.312756	1.664662	0	0	0	0	0	1.655441
K02858	3,4-dihydroxy 2-butanone 4-phosphate synthase [EC:4.1.99.12]	0.114162	0.7115147	5.7793449	0.42248	0	0.532774	3.5945842	1.5096987	0.0655439	1.171514	6.205407	0	0	3.87366	0	1.112718	0.644984	0.539107	0.473895	0.4660227	0	0.523792	0.2262725	0.0899227	0	0	0.204798	1.04109	1.96553	3.3238036	0.978141	0.0651413	6.0203871	1.97857	0.407745	0.666654	0	0	1.92916	0	0	1.8008964
K02859	riboflavin biosynthesis RibT protein	0	0	7.856631	0	0.5510238	0.770205	0	0	0	0.187519	0	0	0	0.159491	0.0398726	1.424771	0	2.06758	0.846855	0.548753	0	28.4442	66.589248	0	0.42021	0	0.505972	0	0	0.257304	18.4371141	2.007639	5.7877	0	0.0720804	0.4118941	0.210686	0	0	0	0	4.290719
K02860	16S rRNA processing protein RimM	57.9615859	73.250304	45.7873334	35.6607692	145.6141523	79.4925144	64.5473471	48.7750928	54.1099396	77.9342546	57.6504585	34.0101527	45.9865257	17.3591217	21.5868794	28.2083199	15.747082	37.190827	39.2280477	86.9218712	45.4353181	68.8431262	133.5343739	32.1822746	24.2811516	63.1929468	61.1789864	49.2544058	71.1320095	23.8420351	58.5141779	38.5146568	70.936451	27.1758045	42.9408813	21.2407952	82.6676225	62.6168357	73.4594415	88.353677	94.2587109	38.5598278
K02862	putative membrane protein	0	0	0	0	0	0	0	0	0	0	0	0	0	0	0	0	0	0	0	0	0	0	0	0.0696175	0	0	0	0	0	0	0	0	0	0	0	0	0	0	0	0	0	0
K02863	large subunit ribosomal protein L1	79.020023	90.6635583	44.0370184	43.0451078	167.1503435	96.90733	77.565948	57.4069543	54.9330687	113.9783979	86.6918106	66.4441418	74.0045252	19.3829988	24.8628645	59.2098045	23.3198181	45.5790397	29.970023	112.6535247	59.751951	75.8244136	104.1983406	42.6107323	42.026508	74.601646	82.2621987	74.4538772	78.5354688	51.6170242	79.1223268	48.7849338	85.484154	41.4193925	51.0535355	22.1422416	95.6815363	82.298863	100.4806592	108.6849156	131.6180311	65.99820464
K02864	large subunit ribosomal protein L10	69.9184628	91.1169529	55.1675792	81.9856303	155.0682695	118.1059472	86.6832049	51.1784276	48.8549037	79.6932546	72.6534905	18.5529626	51.0655257	51.7467707	57.1960312	16.832018	33.5614632	37.3302008	34.3184625	114.1953823	64.4791024	88.6028604	165.2209152	60.7381236	35.0898242	64.7496313	113.7516043	14.1745081	19.7748155	36.407524	75.2267433	45.0724887	75.1307926	29.433582	48.2411778	40.5659823	90.0766617	72.7267504	105.1077129	124.5062191	119.9112252	53.3106651
K02865	large subunit ribosomal protein L10Ae	0	0	0	0	0	0	0	0	0	0	0	0	0	0	0	0.00800058	0	0	0	0	0	0	0	0	0	0	0	0	0	0	0	0	0	0	0	0	0	0	0	0	0	0
K02866	large subunit ribosomal protein L10e	0	0	0.312032	0	0	0	0	1.6268	0.0514988	0	0	0	0	0	0	0.13617943	0.52047	0	0	0	0	0	0	0	0	0	0	0	0	2.77372	0	0	0	0	0	0	0	0	2.26683	0	0	0
K02867	large subunit ribosomal protein L11	91.1010261	100.1881186	54.4121177	58.1559908	166.4646287	56.7840419	66.8993166	75.6104215	70.7676434	119.7981737	90.405904	155.9083172	101.382684	49.0123714	45.1316738	81.1403452	33.5397279	77.89214316	76.4397589	94.7094406	55.0116292	136.3972139	201.6099817	36.6017967	33.4562359	92.5155201	86.7228211	77.3241908	100.4114396	60.4021646	55.1284935	45.6398562	80.5417181	75.5774752	51.9646689	28.169746	73.3408994	102.5804796	100.4866663	113.6564246	98.6090568	74.2574731
K02868	large subunit ribosomal protein L11e	0	0	0	0	0	0	0	0	0	0	0	0	0	0	0	0.01133816	0	0	0	0	0	0	0	0	0	0	0	0	0	0	0	0	0	0	0	0	0	0	0	0	0	0
K02869	large subunit ribosomal protein L12	0	0	0.144015	0	0	0	0	3.95599	0.332762	0	0	0	0	0	0	0	2.950025	0	0	0	0	0	0	0	0	0	0	0	0	5.85588	0	0	0	0	0	0	0	0	6.4922	2.90162	0	0
K02870	large subunit ribosomal protein L12e	0	0	0	0	0	0	0	0	0	0	0	0.02207514	0	0.01386633	0	0.16242459	0	0	0	0	0	0	0	0	0	0	0	0	0.03858435	0	0	0	0	0	0	0	0	0	0	0	0	0
K02871	large subunit ribosomal protein L13	73.3277191	92.5471183	47.1277829	44.2444724	163.955837	101.5625188	72.8559592	64.0405968	68.0880909	36.341166	27.1501471	55.5618735	77.2181029	53.6257335	37.8501573	31.6473857	21.8795032	51.4195491	50.9281449	99.5211761	61.7324734	65.4531961	103.8169463	15.8441758	45.5559794	78.1073423	81.1857966	26.6155045	32.463812	37.8506206	63.405703	44.5881045	94.4525781	41.8814371	49.2560564	24.6154646	123.8578164	117.1302117	94.0857236	110.2992351	138.7922212	65.8263309
K02872	large subunit ribosomal protein L13Ae	0	0	0	0	0	0	0	0	0	0	0	0.0498678	0	0	0	0.0974409	0	0	0	0	0	0	0	0	0	0	0	0	0	0	0	0	0	0	0	0	0	0	0	0	0	0
K02873	large subunit ribosomal protein L13e	0	0	0	0	0	0	0	0	0	0	0	0	0	0	0	0.0394295	0	0	0	0	0	0	0	0	0	0	0	0	0.0127073	0	0	0	0	0	0	0	0	0	0	0	0	0
K02874	large subunit ribosomal protein L14	73.6983576	85.8911818	144.1915296	134.3440511	225.0206608	162.7643418	132.6834445	110.6661048	110.2851801	185.8043225	150.9078987	148.9303582	123.4015809	117.5260556	43.139538	92.7922715	77.32212674	129.0654867	126.1126216	153.929497	108.4156856	167.1498123	230.5119903	144.5819489	97.9228582	142.4130862	176.1000841	145.2857537	130.3316563	81.9131819	114.9523322	112.2487251	118.596276	128.9118493	117.9492917	81.4164807	165.6605921	126.5755008	80.0116963	81.8505372	109.8149056	141.3660318
K02875	large subunit ribosomal protein L14e	0	0	0.416042	0	0	0	0	9.79579	0.600819	0	0	0	0	0	0	0	7.030909	0	0	0	0	0	0	0	0	0	0	0	0	9.74008	0	0	0	0	0	0	0	0	11.34325	2.68263	0	0
K02876	large subunit ribosomal protein L15	85.7270496	100.9219853	54.9438826	79.0893925	180.7032373	104.0660112	91.3337186	77.0793106	77.6255808	117.9833799	88.6591159	88.4365228	112.1948107	90.3251161	55.4392807	57.7493753	54.079905	54.2725	56.7752351	147.4661381	93.851905	80.8146308	119.0464359	53.7759729	49.3511173	97.292581	110.2116007	103.7738227	106.703881	59.6235046	143.1480798	66.678977	110.258853	56.4084466	81.3172914	38.9531202	149.9132148	137.2512015	149.3134877	135.210381	130.5362186	87.5239039
K02877	large subunit ribosomal protein L15e	0	0	0.132377	0	0	0	0	2.20405	0.0655439	0	0	0	0	0	0	0	0.79025	0	0	0	0	0	0	0	0	0	0	0	0	2.51657	0	0	0	0	0	0	0	0	2.54904	0	0	0
K02878	large subunit ribosomal protein L16	95.4781515	107.6398182	98.0287644	144.315626	223.6917665	163.9598566	148.215372	102.1626194	99.9290637	151.5074948	146.5461404	165.0625148	114.8441439	142.2062346	78.5711732	77.4741439	89.9879055	96.6812139	95.661215	187.5424543	183.467688	156.2749368	218.0401596	134.2569685	87.088692	130.291802	141.3550287	99.0015855	166.6625479	78.787936	119.8141326	108.9491895	131.9118462	141.6756293	123.0640737	83.2562291	171.4796458	151.8191579	116.9369138	141.6792951	163.3038973	116.6207833
K02879	large subunit ribosomal protein L17	90.3993179	98.9666161	67.6541941	68.386409	168.7079543	87.749096	82.5098797	70.7529637	71.188241	124.222913	96.2295636	152.4555538	98.2592937	44.9206252	50.7471089	64.506625	26.4806097	62.0127298	57.2169686	109.244744	69.961972	127.0827307	204.4933957	66.7203653	52.1361869	79.5311496	95.6482207	65.1599811	90.4909174	58.5715365	69.5390129	50.0113528	98.0167676	58.7376807	59.1806949	40.5999131	84.3209937	112.8584603	92.3500794	121.4071659	116.8082237	81.8624995
K02880	large subunit ribosomal protein L17e	0	0	0	0	0	0	0	0	0	0	0	0	0	0	0	0.0513443	0	0	0	0	0	0	0	0	0	0	0	0	0.00575599	0	0	0	0	0	0	0	0	0	0	0	0	0
K02881	large subunit ribosomal protein L18	101.5577287	110.5104295	70.0587278	88.2666353	190.1771286	109.3498729	94.3855944	88.5017663	86.7448885	152.4222586	119.8677391	63.898685	91.6569324	68.5389024	32.5754194	76.516119	56.161689	60.2672486	65.0158889	167.280518	90.105641	113.6412509	175.9638812	44.3095446	50.7578516	102.8000986	114.1468842	92.8652163	107.123154	63.0977658	158.4516345	74.158897	107.6753411	52.375559	95.843349	62.0250098	163.7550962	119.4986107	163.6195145	147.7396382	146.6869503	107.051891
K02882	large subunit ribosomal protein L18Ae	0	0	0	0	0	0	0	0	0	0	0	0	0	0	0	0.0464785	0	0	0	0	0	0	0	0	0	0	0	0	0	0	0	0	0	0	0	0	0	0	0	0	0	0
K02883	large subunit ribosomal protein L18e	0	0	0.142643	0	0	0	0	1.67928	0.0823981	0	0	0	0	0	0	0	0.657435	0	0	0	0	0	0	0	0	0	0	0	0	2.85611	0	0	0	0	0	0	0	0	1.87901	0	0	0
K02884	large subunit ribosomal protein L19	48.2669823	85.3316445	44.9440685	130.9426985	183.729353	111.921875	83.0152341	55.9780306	60.4687974	98.4734329	95.2152221	139.8259902	106.309371	53.6391317	37.6168261	62.3464021	66.5920149	54.354011	48.497084	119.0942829	79.6179774	86.8629883	122.422685	83.7998397	62.2300373	88.196166	151.8134803	71.474683	87.3056012	51.7136115	150.0485565	81.6290146	102.4626018	66.0751882	86.1793197	59.623335	101.206191	92.9664843	100.6824589	66.0556505	76.4243273	80.5643718
K02885	large subunit ribosomal protein L19e	0	0	0.387846	0	0	0	0	1.9972	0	0	0	0	0	0	0	0.0115476	0.446801	0	0	0	0	0	0	0	0	0	0	0	0	2.44871	0	0	0	0	0	0	0	0	1.42549	0	0	0
K02886	large subunit ribosomal protein L2	69.1809864	75.2111436	86.8802778	42.2602838	134.717739	78.6327166	73.7274193	61.1216707	58.6778707	108.3727207	69.2277131	123.4412691	83.9855061	84.0735497	27.3199692	54.5799276	38.1851752	56.08203	52.153502	109.9989667	64.1279592	121.7216857	177.0191024	53.9675711	47.0922219	74.3013572	75.476642	69.964838	114.8397748	52.244258	84.9598026	57.6045713	92.7210607	52.1983741	77.8390835	103.3854362	111.7018472	112.3717792	101.1488796	105.9692869	131.8835047	81.0732224
K02887	large subunit ribosomal protein L20	78.1396625	86.3662526	56.8854142	45.712781	137.7241906	88.6170324	78.311079	55.3075504	61.0733835	124.6112355	82.5161972	93.0521208	106.3956795	50.3410525	27.7732244	68.7072249	24.7929785	55.1951543	49.1894552	109.9949999	62.875869	75.85353344	99.8144341	48.9437121	47.3678414	82.5996397	76.0042563	75.6692765	74.561797	52.4326071	77.8711564	48.4136917	101.7674964	51.370204	49.7437969	42.8846689	119.514344	113.6763041	95.4814982	104.539608	130.4999451	89.013462
K02888	large subunit ribosomal protein L21	34.565705	70.3124419	44.2813522	32.417883	151.4001303	87.2627984	69.2240045	55.2041689	52.383251	114.1712821	76.6129928	69.083496	61.0923767	49.0882933	40.3787961	63.8827298	18.0590041	48.2532146	52.5393108	75.7806768	28.241466	58.103938	94.450857	40.9250048	33.1013186	67.9087716	60.5721336	73.0423712	111.603709	38.2162899	76.6745626	43.765965	73.9189474	29.1248571	54.9820051	39.013418	100.353476	56.497259	32.9602134	26.8375229	63.2488581	64.2974383
K02889	large subunit ribosomal protein L21e	0	0	0.371783	0	0	0	0	10.11012	0.117712	0	0	0.0580583	0.0519656	0	0	0.3060916	7.101903	0	0	0	0	0	0	0	0	0	0	0	0.0375664	11.76235	0	0	0	0	0	0	0	0	9.25095	3.856898	0	0
K02890	large subunit ribosomal protein L22	103.259585	110.7017737	75.8584185	89.8026628	196.8908144	104.8930307	93.9192889	79.6447287	74.5832915	136.7742082	121.0848195	147.2730153	121.938445	85.3681075	40.492273	73.0324542	53.7005558	60.455738	55.2400312	150.179707	88.9236131	154.7831341	236.6704368	45.9605752	46.2311669	107.2285832	121.5180857	92.6535443	87.4864807	69.3658226	158.2245727	77.4353579	110.9015343	60.9506212	90.5988917	52.9592124	134.7892938	139.5050639	162.521829	137.8606296	143.2490926	103.333918
K02892	large subunit ribosomal protein L23	112.6229476	119.0315549	116.8042705	139.3477504	243.7941091	163.3989561	135.5194395	101.0184799	110.7893543	167.4026338	128.8506059	101.4959784	109.1169713	77.4031408	30.6565136	91.1124208	58.99934548	77.4582461	89.1211937	176.1536667	139.4892442	162.1823643	252.5542048	100.2031693	92.2567821	127.9291088	185.5380343	110.2665333	117.4723427	66.8709528	106.6220123	98.973883	126.0326824	82.0396127	105.7554454	62.6092891	164.9002009	159.7845146	140.7191314	171.129632	183.8162931	98.9650514
K02893	large subunit ribosomal protein L23Ae	0	0	0	0	0	0	0	0	0	0	0	0.02289217	0.01573015	0	0	0.0561666	0	0	0	0	0	0	0	0	0	0	0	0	0.00918412	0	0	0	0	0	0	0	0	0	0	0	0	0
K02895	large subunit ribosomal protein L24	33.9274095	55.6067153	51.6104468	34.5300882	135.8767789	83.3211466	72.0896623	66.9992438	63.8487355	132.5767218	90.7540017	106.9788293	116.2288053	55.7593839	29.9910763	74.3961596	25.370264	47.14492	48.6985758	77.0433293	31.3160054	73.2162752	105.864775	49.0517749	36.0170726	64.5503382	60.4222679	75.0228968	102.4875416	45.7079685	85.8181482	47.8309195	85.537367	44.683201	56.6692295	53.1155734	80.5246722	94.1058602999999	43.8202389	31.4353155	67.487957	80.256512
K02896	large subunit ribosomal protein L24e	0	0	2.49625	0	0	0	0	26.69355	0	0	0	0.00729736	0	0	0	0	23.52155	0	0	0	0	0	0	0	0	0	0	0	0	33.83394	0	0	0	0	0	0	0	0	37.7259	8.77391	0	0
K02897	large subunit ribosomal protein L25	12.3979925	7.430532	13.6654382	2.9222279	7.71178	21.3557198	18.5122117	9.0448141	8.1665292	17.2002216	9.7215962	64.8417438	42.225731	10.1860319	18.49954576	41.822275	8.2295715	7.3205202	3.568802	12.6864383	12.8328769	19.564521	13.1529997	4.1400694	26.3231958	18.163231	16.9918279	52.0167091	63.6081258	22.8517711	7.688387	11.5129739	38.3755865	24.7248012	12.2677719	6.3017992	15.355383	41.013295	16.1223876	7.80872	10.8485583	18.5166442
K02898	large subunit ribosomal protein L26e	0	0	0	0	0	0	0	0	0	0	0	0.01303759	0	0	0	0.0419667	0	0	0	0	0	0	0	0	0	0	0	0	0.00912677	0	0	0	0	0	0	0	0	0	0	0	0	0
K02899	large subunit ribosomal protein L27	98.2840337	131.5519783	68.29746506	170.9147962	271.5058443	179.7757806	147.4305699	110.40969941	135.7607549	148.9836481	120.4856103	95.6290078	136.28974122	123.6430012	61.664507	69.01488503	100.94165261	102.2597988	91.9456806	202.73790017	130.4269043	129.79407166	163.49946872	85.5075263	90.0956391	147.431535	201.0228374	96.5403703	126.623653	79.42677234	179.8727534	114.448781	150.98378291	113.3255797	143.5157818	101.8568756	199.7000878	170.49494907	177.96651705	167.2139731	169.1670192	122.4884404
K02901	large subunit ribosomal protein L27e	0	0	0	0	0	0	0	0	0	0	0	0.01063969	0	0	0	0.02043649	0	0	0	0	0	0	0	0	0	0	0	0	0	0	0	0	0	0	0	0	0	0	0	0	0	0
K02902	large subunit ribosomal protein L28	146.1092979	167.1418281	109.4309489	91.6800003	259.968945	194.1377594	141.1691283	62.212545	69.3834973	187.9481788	170.37432	88.7180253	131.7348686	79.1060447	104.2891056	109.1520995	47.3501545	90.7670481	76.1896275	196.9444055	93.7910642	179.2237641	281.9196349	86.9447924	90.6181746	143.8210638	170.0554698	74.4532479	95.623766	62.711483	125.7087006	85.0954218	163.1959155	112.7499339	85.6489439	74.2134187	157.6208018	172.383874	156.6473901	175.2234353	206.877786	96.0388573
K02904	large subunit ribosomal protein L29	57.2801322	50.1202892	113.394453	205.8807944	128.1012785	121.548209	161.5129552	121.9905142	137.8718456	206.013179	193.6228613	177.525699	145.7711089	226.4491948	127.8201305	104.4167956	148.4783726	114.2375581	142.4986026	163.2950268	160.5983413	88.4081604	69.5007531	117.8323562	101.9103175	101.859697	213.8892948	139.2342794	156.341331	102.9001174	203.0061506	151.7802846	151.877519	112.4612613	202.1911073	243.4292807	124.08514	105.954478	129.8206182	142.5018534	99.774315	155.8437017
K02905	large subunit ribosomal protein L29e	0	0	0	0	0	0	0	0	0	0	0	0.0263889	0	0	0	0.0523392	0	0	0	0	0	0	0	0	0	0	0	0	0	0	0	0	0	0	0	0	0	0	0	0	0	0
K02906	large subunit ribosomal protein L3	99.0329064	109.9723951	60.8246335	150.7762083	205.5199127	141.2831861	121.7681502	98.0569016	102.366043	140.6616739	110.4103869	93.7325362	121.965448	84.3987626	42.7986735	77.8623064	75.45218	91.5808715	85.0598635	173.360356	129.7602799	97.0154948	126.7204104	86.8875594	82.6284403	133.3035777	178.4217603	87.5681635	85.0249916	81.1265733	159.0793022	97.816015	122.6748514	83.2101341	109.0711455	61.9308784	161.0612905	139.504157	166.6433743	163.8346982	153.6207491	109.3398083
K02907	large subunit ribosomal protein L30	186.727596	220.4478669	143.1802907	201.6175931	390.2780994	228.2581682	202.5615283	137.5354908	149.4291894	322.714532	226.0281156	118.9130626	220.4252911	171.1781231	124.66578196	133.2285638	108.0126025	125.5558429	123.249279	324.0952058	186.288038	271.2570216	432.4366747	101.5949414	77.650874	191.1531877	260.6609625	204.368044	221.2075135	119.534399	343.8834945	150.7065394	243.4063303	122.699544	192.5975385	96.4094559	275.1485512	215.0375696	328.6751036	311.4864618	281.29172	198.0179582
K02908	large subunit ribosomal protein L30e	0	0	0.560384	0	0	0	0	9.7758	0.2942788	0	0	0	0	0	0	0	6.88742	0	0	0	0	0	0	0	0	0	0	0	0	11.42445	0	0	0	0	0	0	0	0	9.11414	2.26809	0	0
K02909	large subunit ribosomal protein L31	65.0413202	131.8192323	99.750993	190.2375187	306.4013515	153.3424881	123.1935185	109.2614015	109.8902602	138.5298425	99.88923842	103.6181962	145.6278611	86.0656768	126.4805394	88.7039448	90.2018095	76.8849616	86.6212051999999	171.8627239	124.9362049	132.7442639	164.8697555	140.9112896	83.92484693	144.2955418	181.3624923	99.1168998	116.0616453	85.8620614	146.9751218	118.3282074	151.2222524	131.8014571	126.6642	91.6283709	177.8681393	98.01073129	69.69582302	65.6631607	106.214853	120.0923924
K02910	large subunit ribosomal protein L31e	0	0	0.156016	0	0	0	0	9.73456	0.360492	0	0	0	0	0	0	0.0270746	7.95872	0	0	0	0	0	0	0	0	0	0	0	0	10.28475	0	0	0	0	0	0	0	0	12.13983	4.20417	0	0
K02911	large subunit ribosomal protein L32	179.3751341	198.115458	127.6450274	169.025396	362.814104	145.31167	146.7917948	104.2339295	126.9377288	290.1754356	222.4953277	186.2530928	192.8105393	54.8224765	61.4408	144.6121834	76.328182	111.2647867	89.5034229	261.2111194	144.8271655	139.1270857	214.602916	88.5795738	73.4756731	176.752824	187.4693581	248.345065	157.8365	113.9767679	254.1977619	149.6138567	228.759629	110.84890876	164.9253661	67.3812167	238.99192268	222.114866	240.8402455	229.3202999	234.1469029	148.7208678
K02912	large subunit ribosomal protein L32e	0	0	0.332834	0	0	0	0	8.03254	0.240328	0	0	0.0250627	0	0	0	0.0284869	5.011116	0	0	0	0	0	0	0	0	0	0	0	0	9.22744	0	0	0	0	0	0	0	0	8.92166	4.09449	0	0
K02913	large subunit ribosomal protein L33	542.8994976	693.1403181	712.9447153	1465.8200227	1031.0670832	315.8313583	500.3928838	234.1858315	210.9332754	2549.8686013	1725.243937	659.1391919	902.7749916	810.0941629	185.1555098	450.4265972	519.8344604	546.691348	751.9345073	1291.0594704	505.2751775	2208.0971556	3657.5493472	1368.8547504	120.3227966	521.6544633	722.0175366	342.3356286	1645.58356	854.9181109	2340.9231555	605.0593077	616.2801481	392.4730931	988.9041562	958.4232637	764.7742734	640.8562465	1261.5708932	590.9898396	416.7135101	1324.621055
K02914	large subunit ribosomal protein L34	123.235601	101.345122	79.4901602	96.338119	94.799089	156.135559	187.7953751	139.6694854	90.334989	301.454115	285.8483262	343.3360956	223.7003055	170.705657	218.988773	356.0535709	81.212235	135.474002	148.39442	133.612775	86.55603	139.2103743	65.957748	167.197732	195.553989	189.733799	69.911822	414.98995	414.298146	128.145166	113.671193	107.1636899	223.452421	160.166506	79.2498267	104.5758506	143.989773	218.007899	36.8866163	66.4243941	73.562316	137.2461344
K02915	large subunit ribosomal protein L34e	0	0	0.124813	0	0	0	0	7.48059	0.4418333	0	0	0	0	0	0	0.03672106	5.656193	0	0	0	0	0	0	0	0	0	0	0	0.0324477	10.90747	0	0	0	0	0	0	0	0	10.48926	3.07462	0	0
K02916	large subunit ribosomal protein L35	56.0862617	125.2478082	54.9169789	121.2811195	241.2078647	108.756501	89.62221	84.3651796	83.8943304	165.789821	104.743809	139.1346098	179.4089982	80.1256166	36.6268642	100.1071205	56.5609027	69.5901293	67.0403292	129.9003721	55.1166392	132.8711726	191.3637814	59.032233	24.1244595	104.073915	114.9066578	132.1366262	183.992413	68.1079366	241.016251	97.4415573	136.677903	56.5673357	111.9228756	72.9512016	152.767132	148.5654806	115.7611168	65.8547879	93.2255776	147.6625395
K02917	large subunit ribosomal protein L35Ae	0	0	0	0	0	0	0	0	0	0	0	0	0	0	0	0.04578171	0	0	0	0	0	0	0	0	0	0	0	0	0	0	0	0	0	0	0	0	0	0	0	0	0	0
K02918	large subunit ribosomal protein L35e	0	0	0	0	0	0	0	0	0	0	0	0	0	0	0	0.02085938	0	0	0	0	0	0	0	0	0	0	0	0	0	0	0	0	0	0	0	0	0	0	0	0	0	0
K02919	large subunit ribosomal protein L36	7.04814	18.11651	40.17795	3.1855	17.2086	7.121007	40.17127	108.477632	67.8568	28.0365273	5.63753	148.15863	146.7863	24.12588	44.029035	8.7263039	18.30191	25.4437	44.0353024	7.15776	14.0517	31.0885	36.3544829	0.3095965	0.953832	11.3738	0.477862	13.035523	7.078103	36.335377	6.760564	25.8707	230.79362	38.5755391	25.26604	0	57.6253	148.8793	16.54677	42.74723	20.0519	42.442763
K02920	large subunit ribosomal protein L36e	0	0	0	0	0	0	0	0	0	0	0	0	0	0	0	0.0284894	0	0	0	0	0	0	0	0	0	0	0	0	0	0	0	0	0	0	0	0	0	0	0	0	0	0
K02921	large subunit ribosomal protein L37Ae	0	0	0.187219	0	0	0	0	6.9795	0.360492	0	0	0	0	0	0	0	4.218544	0	0	0	0	0	0	0	0	0	0	0	0	8.91986	0	0	0	0	0	0	0	0	7.30649	1.60855	0	0
K02922	large subunit ribosomal protein L37e	0	0	0.624064	0	0	0	0	22.28544	0.961311	0	0	0	0	0	0	0.00914596	15.084508	0	0	0	0	0	0	0	0	0	0	0	0	18.19851	0	0	0	0	0	0	0	0	22.94137	7.79903	0	0
K02924	large subunit ribosomal protein L39e	0	0	0	0	0	0	0	64.6522	1.44197	0	0	0	0	0	0	0	24.5442	0	0	0	0	0	0	0	0	0	0	0	0	46.2234	0	0	0	0	0	0	0	0	59.6476	32.171	0	0
K02925	large subunit ribosomal protein L3e	0	0	0	0	0	0	0	0	0	0	0	0	0	0	0	0.0282065	0	0	0	0	0	0	0	0	0	0	0	0	0	0	0	0	0	0	0	0	0	0	0	0	0	0
K02926	large subunit ribosomal protein L4	117.3738084	125.3617535	96.416788	149.7392397	205.6741838	140.9477204	135.6640633	123.4999809	135.8364907	173.8816495	130.5688085	49.4585325	91.346151	76.256031	31.5938315	72.9224449	96.5499521	94.931384	129.1692135	183.080189	128.1286541	133.5230394	186.1617841	145.8005776	119.672057	153.4072484	184.6663175	96.8067262	76.8344476	65.8381018	159.3107244	99.512314	140.0692824	107.1848906	134.3393573	75.2296688	188.968961	150.433906	164.0207966	166.1492594	198.5394292	149.0055154
K02927	large subunit ribosomal protein L40e	0	0	2.99551	0	0	0	0	37.02808	0	0	0	0.723361	0.0898449	0	0	2.45565713	55.2246	0	0	0	0	0	0	0	0	0	0	0.0652809	0	73.8195	0	0	0	0	0	0	0	0	67.9066	22.8122	0	0
K02929	large subunit ribosomal protein L44e	0	0	0.166417	0	0	0	0	9.08806	0.3994284	0	0	0.01528432	0	0	0	0	7.314123	0	0	0	0	0	0	0	0	0	0	0.0364164	0	11.80945	0	0	0	0	0	0	0	0	9.7994	2.58456	0	0
K02930	large subunit ribosomal protein L4e	0	0	0.237738	0	0	0	0	6.62702	0.362752	0	0	0	0	0	0	0	5.013616	0	0	0	0	0	0	0	0	0	0	0	0	8.15073	0	0	0	0	0	0	0	0	8.04183	2.95317	0	0
K02931	large subunit ribosomal protein L5	58.5654642	59.2344901	77.72782	32.8790249	142.188652	79.9636035	67.3548267	66.869689	58.9971982	138.5201307	116.090108	100.9335233	78.9402563	57.3014608	29.1165848	82.7628488	29.19169837	55.6952892	58.9550152	77.7295577	30.807835	111.3527829	175.3194923	44.268442	35.6170259	81.878951	60.1536306	78.1440818	87.8251957	45.5986993	85.7305265	60.8757616	75.4397551	31.286069	53.533173	45.7595866	92.374702	54.4445654	45.9748741	32.4600734	66.9782478	89.7051927
K02932	large subunit ribosomal protein L5e	0	0	0	0	0	0	0	0	0	0	0	0.0380903	0	0	0	0.0298043	0	0	0	0	0	0	0	0	0	0	0	0	0.023498	0	0	0	0	0	0	0	0	0	0	0	0	0
K02933	large subunit ribosomal protein L6	82.5209802	97.9004496	40.5900958	77.9498365	159.8117049	80.8600286	61.2669508	44.0189762	31.8170064	104.8951264	84.4848682	98.9373495	99.0298122	45.5580371	17.6793295	68.8673394	39.107478	29.9336234	20.7348952	125.7354551	54.8151551	80.1813465	111.6179935	37.9065654	22.8058757	76.7017264	90.570559	71.4299864	79.183215	55.8112886	136.5901772	46.7598228	95.6715687	47.54065093	56.9306858	34.0649391	97.5345407	119.6410588	131.9184104	107.6767151	106.6468683	54.5035161
K02934	large subunit ribosomal protein L6e	0	0	0	0	0	0	0	0	0	0	0	0.0276105	0	0	0	0.0609698	0	0	0	0	0	0	0	0	0	0	0	0	0.0299639	0	0	0	0	0	0	0	0	0	0	0	0	0
K02935	large subunit ribosomal protein L7/L12	49.3128806	81.3818795	101.7633548	67.813206	164.7324176	87.1660013	59.738633	61.5430447	62.4862566	95.9433176	65.7018479	167.8929365	115.571954	55.2999523	48.7587385	71.971937	58.38502	45.1531509	43.0297502	85.6692624	33.3019468	75.2584627	124.3305445	35.5436703	17.1771195	78.1741254	76.3541157	94.741432	89.1583572	51.707121	161.7918514	79.80258	93.3592021	38.28572	124.1514533	108.0679108	102.1392882	95.0199633	85.3938702	42.7196354	46.735991	62.8661572
K02936	large subunit ribosomal protein L7Ae	0	0	0.236285	0	0	0	0	7.74397	0.19486	0	0	0.0448259	0	0	0	0.1049754	5.182488	0	0	0	0	0	0	0	0	0	0	0	0.01918577	8.313	0	0	0	0	0	0	0	0	9.46591	4.54504	0	0
K02937	large subunit ribosomal protein L7e	0	0	0	0	0	0	0	0	0	0	0	0.034672	0	0	0	0.1543698	0	0	0	0	0	0	0	0	0	0	0	0	0	0	0	0	0	0	0	0	0	0	0	0	0	0
K02939	large subunit ribosomal protein L9	96.1552462	114.3344692	50.4423068	98.9530658	202.8335678	113.6705246	82.0057556	74.0527064	82.919898	115.9316811	83.6921772	54.5628596	89.7002722	27.4691668	17.3130104	59.8824746	47.3985502	49.9112831	50.5016136	155.1470661	83.0505046	80.052814	126.5240955	42.4260393	48.8766859	95.956679	125.5965933	79.5677168	74.5513823	52.4708397	158.3635445	79.1774984	110.5563743	48.5821672	81.8839239	37.9555423	136.5970037	109.2629547	144.9899859	149.999406	141.8183315	84.3379284
K02940	large subunit ribosomal protein L9e	0	0	0	0	0	0	0	0	0	0	0	0.00801486	0.0307211	0	0	2.04443	0	0	0	0	0	0	0	0	0	0	0	0	0	0	0	0	0	0	0	0	0	0	0	0	0	0
K02941	large subunit ribosomal protein LP0	0	0	0	0	0	0	0	0	0	0	0	0	0	0	0	0.0104867	0	0	0	0	0	0	0	0	0	0	0	0	0	0	0	0	0	0	0	0	0	0	0	0	0	0
K02944	large subunit ribosomal protein LX	0	0	0.1997	0	0	0	0	2.93874	0.115357	0	0	0	0	0	0	0	1.22721	0	0	0	0	0	0	0	0	0	0	0	0	2.95278	0	0	0	0	0	0	0	0	2.44708	0	0	0
K02945	small subunit ribosomal protein S1	20.2045342	35.7760913	15.0734057	24.1944403	81.6057936	35.2292471	22.235042	19.270459	18.9002388	31.1238824	27.4369104	33.284746	37.9050948	19.7416502	10.8187122	33.7306777	38.395148	23.70769	19.7447389	35.377797	8.1957786	44.53996442	60.1419121	4.6948764	11.1478038	40.0357645	39.7987183	70.0204378	55.1760448	16.4263535	45.0804548	22.5063829	71.4956928	73.853598	18.5396489	7.6278667	46.4127297	30.0851189	24.3926103	9.2626403	45.1901448	29.0493301
K02946	small subunit ribosomal protein S10	92.0393167	100.8867928	139.5540768	91.4105524	171.1143366	125.6900435	101.392791	90.6511023	79.9418917	178.7480077	139.1006109	210.5450524	135.3237808	117.8311003	102.9435586	117.8457015	71.0247902	81.2894628	82.0537406	100.339936	67.994024	158.6372705	212.1609276	83.9064912	53.52108	87.5143859	126.195626	148.6819762	125.1267916	104.4047439	119.2551444	106.7470006	104.9915223	64.1869902	122.8292226	79.2241871	109.0837632	102.3750494	52.8471467	64.8163109	80.073093	89.3166256
K02947	small subunit ribosomal protein S10e	0	0	0	0	0	0	0	0	0	0	0	0	0	0	0	0.04524621	0	0	0	0	0.0129774	0	0	0	0	0	0	0	0	0	0	0	0	0	0	0	0	0	0	0	0	0
K02948	small subunit ribosomal protein S11	138.5193348	136.6532121	108.3338646	155.7417458	222.3949353	191.2278114	167.3902566	139.7812243	138.3039386	178.3245113	162.7038663	128.4777254	132.8924447	168.1485703	61.374884	91.20241	126.8320475	129.6665822	124.4152446	213.8518695	210.733146	138.7626923	131.5877514	113.0292418	105.5368912	141.8463399	195.4954964	114.5807487	125.5119147	123.3793688	137.315941	146.1116431	135.6209461	146.835582	136.5259106	122.3877351	173.8495131	130.402206	141.168623	174.2081799	185.9762867	124.6739448
K02949	small subunit ribosomal protein S11e	0	0	0	0	0	0	0	0	0	0	0	0	0	0	0	0.0086553	0	0	0	0	0	0	0	0	0	0	0	0	0	0	0	0	0	0	0	0	0	0	0	0	0	0
K02950	small subunit ribosomal protein S12	119.59635142	111.99737123	108.3777115	133.5962141	228.3070639	193.9412427	162.4493373	131.8636858	136.6939092	180.118486	181.7197992	160.6258384	125.73170532	227.2530305	51.7715917	92.77521145	163.0592574	139.7570427	130.60107657	226.3634715	243.306198	125.63771058	134.85680217	150.3285063	120.11779395	150.7644628	201.01670325	170.8770042	151.2489076	98.1779738	134.9527425	181.8426795	129.6175583	176.3636031	167.7459929	106.1767646	170.8536508	178.0332153	137.9631354	156.7118677	186.90937293	126.18495179
K02951	small subunit ribosomal protein S12e	0	0	0	0	0	0	0	0	0	0	0	0	0	0	0	0.0427429	0	0	0	0	0	0	0	0	0	0	0	0	0	0	0	0	0	0	0	0	0	0	0	0	0	0
K02952	small subunit ribosomal protein S13	74.0835489	90.9394032	139.2390375	130.140659	209.4394719	138.3126023	110.7192895	97.9015533	115.4251268	176.5934121	158.753253	148.916655	136.6832385	106.6357144	53.5372551	78.6863723	94.537195	97.828287	101.1074128	144.2085089	111.695159	169.3510328	229.9186908	98.8174273	69.7595519	108.3174891	165.3536077	127.4583493	143.954044	73.5958991	179.2493249	120.5329828	110.5111411	94.8541882	127.8045988	89.124683	141.6697996	122.83537	100.4741881	92.6621175	94.1923708	129.7630046
K02953	small subunit ribosomal protein S13e	0	0	0	0	0	0	0	0	0	0	0	0	0	0	0	0.01420202	0	0	0	0	0	0	0	0	0	0	0	0	0	0	0	0	0	0	0	0	0	0	0	0	0	0
K02954	small subunit ribosomal protein S14	188.5606131	207.2658178	116.33426597	200.4005133	379.3773292	249.683789	229.7031893	171.2586019	224.8407796	271.0133037	234.9751289	193.6246599	201.0795503	158.1027141	96.7491885	121.1236992	139.6830597	170.2073878	153.1912127	313.4075078	283.7323736	199.1639708	265.1243127	153.3627879	105.3830352	183.3012963	240.7306082	120.7999764	136.38397044	145.1656407	258.5485975	197.343626	222.9810682	197.0595768	160.1025191	175.90472413	278.8728118	234.5259029	199.1496949	233.3507406	332.4170184	198.906447
K02956	small subunit ribosomal protein S15	86.7071666	103.34208954	50.669657	49.3657171	174.3419255	92.9774013	70.51496303	40.0762479	30.1274277	125.5327401	87.9488034	156.6636966	97.30300806	35.0863079	59.8103359	68.14375571	18.8735036	36.5050395	31.1410853	113.45966058	41.7709823	95.16240444	151.75698114	39.1539172	26.5172087	69.58727298	73.2219218	92.6528257	319.5943526	50.8361315	77.8642147	34.7578591	102.1835914	53.814048	38.4673567	34.8006714	91.5462207	111.9107561	100.3730909	92.3810892	121.55558542	60.1896268
K02957	small subunit ribosomal protein S15Ae	0	0	0	0	0	0	0	0	0	0	0	0	0	0	0	0.11560079	0	0	0	0	0	0	0	0	0	0	0	0	0	0	0	0	0	0	0	0	0	0	0	0	0	0
K02959	small subunit ribosomal protein S16	38.2587052	82.56097009	47.1849527	85.2657103	165.2448872	50.6468272	56.7931413	58.7619599	59.5783861	107.4301516	78.00108915	84.8503774	125.4153964	62.5609693	54.4859388	52.1339436	49.3553397	59.2562367	62.71259839	112.1613987	44.1183012	111.58780713	180.0703314	35.5388334	20.4702971	83.5389577	86.85027	66.2556798	73.32586617	50.818748	171.0874487	62.0636252	99.0805456	42.7595043	88.01253824	36.3158733	121.7876437	100.6601366	103.12683086	52.08709822	52.4548624	87.488286
K02960	small subunit ribosomal protein S16e	0	0	0	0	0	0	0	0	0	0	0	0	0	0	0	0.01121248	0	0	0	0	0	0	0	0	0	0	0	0	0	0	0	0	0	0	0	0	0	0	0	0	0	0
K02961	small subunit ribosomal protein S17	96.49353905	104.1347209	113.4535933	84.5178987	179.1358148	102.3379718	98.716172	113.569575	127.45287813	195.97234166	152.1668272	122.8489793	103.3811639	77.15750897	54.13922744	74.8916459	77.6859426	91.3945266	108.3923809	136.6469467	61.0327043	139.6302606	221.3670149	137.7748728	110.7089249	118.7977904	113.5504311	122.7871571	101.8416342	71.6247055	171.8006671	81.4306563	134.84644747	93.01443771	115.1548126	75.2424706	164.360028	122.6421821	100.0251216	62.5801371	116.33058488	157.6603107
K02962	small subunit ribosomal protein S17e	0	0	0.226932	0	0	0	0	11.85512	0.802914	0	0	0	0	0	0	0.00934466	10.0234	0	0	0	0	0	0	0	0	0	0	0	0	15.65868	0	0	0	0	0	0	0	0	14.70331	2.92464	0	0
K02963	small subunit ribosomal protein S18	48.0815579	101.3366784	90.1535728	95.2856095	216.1892038	80.4880672	82.8550512	73.20422319	80.20943611	154.77286319	120.2389854	136.2171935	138.5458503	110.916678	83.1073383	73.38915278	71.3714893	71.82580633	62.2975577	141.2307276	65.91502889	176.7243742	287.75816081	67.56075088	47.677644	110.3873769	119.4729184	105.0040515	97.482703	67.1523508	226.0863438	94.7300572	131.0255313	48.566531	108.3840958	82.83511096	140.58344705	86.471517	124.30225329	72.99505777	88.2466928	146.96704066
K02964	small subunit ribosomal protein S18e	0	0	0	0	0	0	0	0	0	0	0.00616101	0	0.0439027	0	0	0.03583717	0	0	0	0	0	0	0	0	0	0	0	0	0	0	0	0	0	0	0	0	0	0	0	0	0	0
K02965	small subunit ribosomal protein S19	121.29222437	143.32289101	93.7240219	210.66486344	299.10936708	200.67069899	160.41470169	132.8211478	138.41783035	202.9969928	173.497563	160.71396299	160.89356329	150.1085486	66.8216925	91.4882891	138.86406389	129.78578624	123.90141685	258.4449784	210.0203354	148.32426001	172.51586584	162.79657434	133.1905715	205.26099097	246.7101909	133.15025769	150.5749724	107.85923859	213.6994614	140.90382932	161.03133397	161.8418026	172.52213742	138.88820242	228.95806087	192.8959978	202.65371893	211.44883603	206.9032025	158.6635306
K02966	small subunit ribosomal protein S19e	0	0	0.286029	0	0	0	0	1.83671	0.210287	0	0	0	0	0	0	0	0.830925	0	0	0	0	0	0	0	0	0	0	0	0	2.97969	0	0	0	0	0	0	0	0	2.13483	0	0	0
K02967	small subunit ribosomal protein S2	54.1840385	55.2921392	35.87029	28.2246406	88.8301051	53.4501428	52.0448457	38.617636	35.6741559	109.1420962	76.1141241	47.1208558	39.3338492	41.1094359	25.0558867	45.2938203	15.2125618	25.59812598	29.1473924	68.6828648	29.4656774	63.65085	112.6240431	27.2002353	20.7630251	51.0390164	43.418407	64.9523856	79.0851862	32.1825064	51.1050489	30.510831	60.5722991	27.6357976	29.2209281	30.9914594	64.5286286	48.679056	58.9445747	71.7999872	70.1592152	38.7316622
K02968	small subunit ribosomal protein S20	32.9013965	64.0278055	42.3381846	60.7905576	127.0076003	55.0591488	41.7598357	26.2219384	14.8351394	96.1968633	85.6383145	110.2751337	110.8160639	55.5132609	43.33289927	80.4727656	31.9223761	26.2069292	19.6325625	80.1399287	20.8270271	112.1143304	174.7400524	38.0978985	17.8588762	59.0518435	63.1623802	85.1621903	99.747817	46.4871525	131.7763393	46.2688565	84.9715964	34.8986048	50.4906189	35.7489945	70.8484957	77.8340501	69.1033949	23.9100118	36.0019509	69.6719740000001
K02969	small subunit ribosomal protein S20e	0	0	0	0	0	0	0	0	0	0	0	0.0212915	0	0	0	0.04053855	0	0	0	0	0	0	0	0	0	0	0	0	0	0	0	0	0	0	0	0	0	0	0	0	0	0
K02970	small subunit ribosomal protein S21	110.0178043	78.1735204	99.692022	49.2545336	69.3734369	77.069072	110.3874369	99.8832184	155.2445152	236.5219649	169.9734914	121.3297586	110.213302	148.7215394	101.7719991	79.150085	49.8430722	121.2590753	150.4513405	155.108283	117.2131494	131.54408	162.1179183	102.732925	76.323327	89.8235589	81.3597123	101.4174697	169.8832923	91.045869	72.5170799	75.5063864	133.3669195	113.33584	125.7134578	75.551443	164.1979996	172.6357433	143.8256272	194.1798867	182.8778406	147.2698977
K02971	small subunit ribosomal protein S21e	0	0	0	0	0	0	0	0	0	0	0	0	0	0	0	0.0721751	0	0	0	0	0	0	0	0	0	0	0	0	0	0	0	0	0	0	0	0	0	0	0	0	0	0
K02972	small subunit ribosomal protein S22	0	2.25973	1.06982	0	0	0	2.24231	0	0	0	0.548478	0	1.73629	9.26005	0	0	0	0	0	0	0	0	0	0	0	0	0	0	2.49152	0	0	0	3.11679	0.60363	0	0	0	0	0	0	0	0.769418
K02973	small subunit ribosomal protein S23e	0	0	0	0	0	0	0	0	0	0	0	0	0	0	0	0.00600242	0	0	0	0	0	0	0	0	0	0	0	0	0	0	0	0	0	0	0	0	0	0	0	0	0	0
K02974	small subunit ribosomal protein S24e	0	0	0.178304	0	0	0	0	5.84678	0.644221	0	0	0	0	0	0	0.02575469	5.584063	0	0	0	0	0	0	0	0	0	0	0	0	7.15479	0	0	0	0	0	0	0	0	8.96838	3.09018	0	0
K02975	small subunit ribosomal protein S25e	0	0	0	0	0	0	0	0	0	0	0	0	0	0	0	0.0873516	0	0	0	0	0	0	0	0	0	0	0	0	0	0	0	0	0	0	0	0	0	0	0	0	0	0
K02976	small subunit ribosomal protein S26e	0	0	0	0	0	0	0	0	0	0	0	0.0520424	0	0	0	0.0663999	0	0	0	0	0	0	0	0	0	0	0	0	0	0	0	0	0	0	0	0	0	0	0	0	0	0
K02977	small subunit ribosomal protein S27Ae	0	0	1.24813	0	0	0	0	10.2856	1.44197	0	0	0.000956183	0.00079494	0	0	0.00399343	9.20409	0	0	0	0	0	0	0	0	0	0	0	0	19.55341	0	0.0817398	0	0	0	0	0	0	13.7648	0	0	0
K02978	small subunit ribosomal protein S27e	0	0	0.748876	0	0	0	0	19.40515864	0	0	0	0.00944875	0	0	0	0.01629907	12.272106	0	0	0	0	0	0	0	0	0	0	0	0.00859144	18.45486	0	0	0	0	0	0	0	0	17.74136	7.89652	0	0
K02979	small subunit ribosomal protein S28e	0	0	0.656909	0	0	0	0	10.2082	1.0625	0	0	0	0	0.0544127	0	0.0373556	6.62049	0	0	0	0	0	0	0	0	0	0	0	0	11.3319	0	0	0	0	0	0	0	0	13.6843	5.54142	0	0
K02980	small subunit ribosomal protein S29e	0	0	0	0	0	0	0	0	0	0	0	0	0	0	0	0.00743362	0	0	0	0	0	0	0	0	0	0	0	0	0	0	0	0	0	0	0	0	0	0	0	0	0	0
K02981	small subunit ribosomal protein S2e	0	0	0	0	0	0	0	0	0	0	0	0.00597068	0	0	0	0.05247942	0	0	0	0	0	0	0	0	0	0	0	0	0	0	0	0	0	0	0	0	0	0	0	0	0	0
K02982	small subunit ribosomal protein S3	69.6075385	76.3086795	108.0729825	34.7864207	140.3466173	86.4300389	86.4567408	94.1089318	96.8556696	147.4658067	110.5607033	80.0282281	83.8899682	58.8468358	45.5511338	62.636298	64.1656685	70.4169739	94.96611	88.2681659	33.2268776	108.1943607	179.7974235	110.787971	82.0507438	97.7135744	71.1268679	90.8558893	84.5758097	53.5655496	82.8738874	61.6900427	105.5502235	78.436608	91.3131312	115.7666769	122.705461	109.4159199	45.3340244	37.2503844	98.2715827	109.7455797
K02983	small subunit ribosomal protein S30e	0	0	0	0	0	0	0	0	0	0	0	0	0	0	0	0.00726871	0	0	0	0	0	0	0	0	0	0	0	0	0	0	0	0	0	0	0	0	0	0	0	0	0	0
K02984	small subunit ribosomal protein S3Ae	0	0	0.421943	0	0	0	0	6.83866	0.180246	0	0	0	0	0	0	0.08549435	6.487505	0	0	0	0	0	0	0	0	0	0	0	0.00560349	9.55716	0	0	0	0	0	0	0	0	7.99389	2.86371	0	0
K02986	small subunit ribosomal protein S4	110.9149247	98.9475804	82.3264679	155.0364888	169.4064805	121.2844219	113.2919478	86.1591453	92.0280185	136.4241347	121.3001495	85.3059685	119.3188509	84.0537825	44.4279788	77.2082454	77.314523	73.934113	84.6212414	163.16516	124.7314267	103.1218684	116.3297241	62.2635646	78.8491174	104.7911058	167.485396	132.737564	77.9289312	71.3983693	144.9091749	104.7994584	120.5847187	81.2110969	99.6160064	76.8255608	150.9614022	141.0924959	159.8822612	150.0743205	150.399351	106.694061
K02987	small subunit ribosomal protein S4e	0	0	0.29903	0	0	0	0	7.37911	0.269902	0	0	0	0	0	0	0.01773983	5.297686	0	0	0	0	0	0	0	0	0	0	0	0	7.69355	0	0	0	0	0	0	0	0	8.6817	2.34883	0	0
K02988	small subunit ribosomal protein S5	62.3852057	75.4963657	81.7361574	47.4456883	124.9745238	70.8241608	67.6841267	78.9616935	69.3509318	133.5420779	106.4174337	114.0864155	60.3300925	58.2416853	25.0919981	66.4575795	48.3859948	61.9019731	74.7538964	80.064699	16.9772206	129.8535379	178.25374	103.7773623	61.2181425	78.1520631	54.2052123	81.8268476	107.4608916	50.0112839	95.7218414	41.3346394	99.9378671	63.3599652	48.9574407	48.9218614	96.0358252	79.2527524	42.1324867	17.0074789	86.0270505	100.3562136
K02990	small subunit ribosomal protein S6	99.1605597	63.1736503	44.1553639	82.4454376	82.1581279	74.8628161	70.7314921	59.4316704	69.91802	103.1351168	70.576232	91.7539183	110.203324	68.8698109	39.8243675	61.8071815	54.1784158	40.624594	51.7476336	118.930565	100.3586117	54.6052498	54.2852761	33.6452552	47.1520363	65.7373758	93.3285212	76.1511189	82.239308	55.4143791	115.7952499	62.7449943	98.2337627	60.7538205	76.8361981	43.0540006	111.9041766	124.0206633	152.0665268	154.1955248	136.378129	77.5029772
K02991	small subunit ribosomal protein S6e	0	0	0.246544	0	0	0	0	6.38953	0.325845	0	0	0	0	0	0	0	5.580853	0	0	0	0	0	0	0	0	0	0	0	0	7.61911	0	0	0	0	0	0	0	0	8.19662	3.44293	0	0
K02992	small subunit ribosomal protein S7	48.3693505	55.9290234	77.6761308	28.5527387	97.8255407	54.054785	35.1021617	33.9711619	21.0536915	127.7744581	113.2012393	151.5871731	71.9687547	79.0753566	53.0044278	87.624972	22.0098949	32.7353312	31.5707978	54.9844198	8.662822	65.5102139	89.8173096	46.0822817	17.8284101	64.4726833	40.829058	108.9277382	143.0458062	48.6403949	68.1839182	45.3771196	71.8370401	32.2809237	66.6544286	26.034263	51.312425	69.1641701	31.9877282	8.3632994	33.7764732	54.9403804
K02993	small subunit ribosomal protein S7e	0	0	0	0	0	0	0	0	0	0	0	0.00557605	0	0	0	0.0329956	0	0	0	0	0	0	0	0	0	0	0	0	0	0	0	0	0	0	0	0	0	0	0	0	0	0
K02994	small subunit ribosomal protein S8	116.9579757	125.2520594	63.7478241	98.2009248	200.5921967	109.0119301	75.0328019	64.106357	52.8951849	119.0520343	93.596831	114.054152	89.4998186	55.7348161	23.5229074	71.7492967	60.0132519	49.76757	28.1249215	153.5939154	75.2155762	156.8228504	217.4323992	55.0588112	46.3009734	95.79335	118.0253515	83.3936948	77.8856922	73.933524	162.898537	63.3446292	107.2382705	51.7346539	75.8211085	61.6640105	114.7390463	100.8448448	160.6710085	126.4384712	141.6146018	100.624958
K02995	small subunit ribosomal protein S8e	0	0	0.356608	0	0	0	0	6.39823	0.2646394	0	0	0	0	0	0	0.0129597	5.077558	0	0	0	0	0	0	0	0	0	0	0	0	8.70394	0	0	0	0	0	0	0	0	9.14468	2.6701168	0	0
K02996	small subunit ribosomal protein S9	45.2725808	65.0385139	77.1166045	45.1141103	148.7621799	92.7198176	84.6190328	77.2628502	76.0411639	120.1043429	103.8160571	54.5724084	88.6547618	83.4368606	46.535258	63.4211999	63.2313934	45.748451	46.3520331	89.5175223	88.2261943	115.8338573	175.58124	49.3797095	45.8223196	86.0551391	71.4256184	102.1523965	73.1296071	60.3239648	103.2340384	84.8820345	96.1819978	79.8167675	92.333293	105.3199924	96.137721	56.819484	59.0056004	40.7892076	69.865466	76.8531457
K02997	small subunit ribosomal protein S9e	0	0	0	0	0	0	0	0	0	0	0	0	0	0	0	0.00839052	0	0	0	0	0	0	0	0	0	0	0	0.0105662	0	0	0	0	0	0	0	0	0	0	0	0	0	0
K02998	small subunit ribosomal protein SAe	0	0	0	0	0	0	0	0	0	0	0	0.02006342	0.0323034	0	0	0.0808523	0	0	0	0	0	0	0	0	0	0	0	0	0	0	0	0	0	0	0	0	0	0	0	0	0	0
K03013	DNA-directed RNA polymerases I, II, and III subunit RPABC1	0	0	0	0	0	0	0	0	0	0	0	0	0	0	0	0.0220846	0	0	0	0	0	0	0	0	0	0	0	0	0	0	0	0	0	0	0	0	0	0	0	0	0	0
K03020	DNA-directed RNA polymerases I and III subunit RPAC2	0	0	0	0	0	0	0	0	0	0	0	0.0479071	0	0	0	0.0505902	0	0	0	0	0	0	0	0	0	0	0	0	0	0	0	0	0	0	0	0	0	0	0	0	0	0
K03040	DNA-directed RNA polymerase subunit alpha [EC:2.7.7.6]	74.5587212	81.8258024	34.9486073	42.313998	134.4432475	86.810992	57.5577602	38.2620079	36.2252724	93.534473	76.9363526	47.0600128	51.704015	49.5021982	24.7407301	51.3937648	13.011564	30.3780596	18.6664448	102.4103026	47.9261408	60.0230368	92.9971758	42.1426459	41.2107725	60.2788804	74.230051	60.9486064	69.8804692	36.3162671	75.2589093	34.1325438	82.6080142	39.8932207	34.0617989	36.5268776	84.3649245	78.1835654	88.1148656	86.6286974	113.5995156	65.6540844
K03041	DNA-directed RNA polymerase subunit A' [EC:2.7.7.6]	0	0	0.230237	0	0	0	0	1.71189	0	0	0	0	0	0	0	0	0.729774	0	0	0	0	0	0	0	0	0	0	0	0	2.57935	0	0	0	0	0	0	0	0	1.76701	0	0	0
K03043	DNA-directed RNA polymerase subunit beta [EC:2.7.7.6]	29.4902801	51.578976	41.5154618	34.0604174	104.5308874	45.7799498	30.3901867	32.2990335	24.2634799	82.1153121	68.4657693	43.9840967	42.7984551	22.0902077	6.8353648	52.3323425	19.4201376	27.6150289	20.5111821	60.4868773	11.0299945	89.4059404	153.3686538	40.13600173	14.0985761	49.9243242	47.8152832	54.5105559	74.1988714	28.4082288	82.8687915	29.1820866	47.0919287	20.9341109	37.9072738	29.7788031	50.7473962	32.7414427	38.8558062	12.6252294	29.6287564	45.6153742
K03044	DNA-directed RNA polymerase subunit B' [EC:2.7.7.6]	0	0	0.288376	0	0	0	0	5.30989	0.2602858	0	0	0	0	0	0	0	3.439076	0	0	0	0	0	0	0	0	0	0	0	0	5.96286	0	0	0	0	0	0	0	0	5.73673	1.87409	0	0
K03046	DNA-directed RNA polymerase subunit beta' [EC:2.7.7.6]	82.8307248	118.5554488	34.4650663	97.3032924	219.5486136	68.4648783	42.9962991	42.31695796	40.4502682	97.7521707	76.1360048	87.6298399	102.4193171	52.6898615	21.0288867	62.6140787	37.7833396	32.7871715	20.0324988	126.4868849	57.9735753	90.29231554	156.4297852	24.0598539	23.2009508	110.2635	123.2348359	64.7429168	72.1616569	45.83583589	137.6492526	52.57161519	81.3341816	42.2523546	63.1948528	40.1426367	95.7424686	104.93490002	141.4424357	102.8058563	96.8336482	64.1019067
K03047	DNA-directed RNA polymerase subunit D [EC:2.7.7.6]	0	0	0.158134	0	0	0	0	7.53723	0.2577418	0	0	0	0	0	0	0	5.272532	0	0	0	0	0	0	0	0	0	0	0	0	7.84804	0	0	0	0	0	0	0	0	7.90319	3.09364	0	0
K03048	DNA-directed RNA polymerase subunit delta	0.3587443	0.1784337	1.9886492	0.915923	2.7220588	1.556252	7.8715933	0.4447904	0.873304	48.6839291	35.6935187	0.0926219	2.18651	2.2639895	1.131712	3.7322685	0.356863	2.5332693	2.6967629	13.062843	0.264939	0.7121064	2.8788344	28.1374057	1.3299935	0.0319998	1.339112	0.116383	0.14174	0.5133606	11.6450354	2.3339039	6.8032617	2.437943	10.0533571	5.5567935	0.4077121	7.188557	0.0665572	0.4814228	1.8818536	12.407953
K03049	DNA-directed RNA polymerase subunit E' [EC:2.7.7.6]	0	0	0.348741	0	0	0	0	1.94481	0	0	0	0	0	0	0	0	0.24815	0	0	0	0	0	0	0	0	0	0	0	0	2.73662	0	0	0	0	0	0	0	0	2.11421	0	0	0
K03051	DNA-directed RNA polymerase subunit F [EC:2.7.7.6]	0	0	0.392269	0	0	0	0	1.51135	0.164796	0	0	0	0	0	0	0	0.657435	0	0	0	0	0	0	0	0	0	0	0	0	2.72429	0	0	0	0	0	0	0	0	2.88406	0	0	0
K03053	DNA-directed RNA polymerase subunit H [EC:2.7.7.6]	0	0	0.151288	0	0	0	0	2.67158	0	0	0	0	0	0	0	0	0.650794	0	0	0	0	0	0	0	0	0	0	0	0	3.82146	0	0	0	0	0	0	0	0	2.78078	0	0	0
K03056	DNA-directed RNA polymerase subunit L [EC:2.7.7.6]	0	0	0.320033	0	0	0	0	2.48662	0	0	0	0	0	0	0	0	0.393337	0	0	0	0	0	0	0	0	0	0	0	0	3.94335	0	0	0	0	0	0	0	0	2.50983	0	0	0
K03057	DNA-directed RNA polymerase subunit M	0	0	0.490336	0	0	0	0	5.51013	0.41199	0	0	0	0	0	0	0	1.31487	0	0	0	0	0	0	0	0	0	0	0	0	5.16297	0	0	0	0	0	0	0	0	3.87851	0	0	0
K03058	DNA-directed RNA polymerase subunit N [EC:2.7.7.6]	0	0	0.832085	0	0	0	0	16.163	0	0	0	0	0	0	0	0	15.70539	0	0	0	0	0	0	0	0	0	0	0	0	20.28576	0	0	0	0	0	0	0	0	18.7173	6.68488	0	0
K03060	DNA-directed RNA polymerase subunit omega [EC:2.7.7.6]	67.1269825	98.4892316	74.8115804	54.2818734	148.43994678	64.440017	85.6978432	62.8666797	71.2400509	44.1344776	44.543186	7.9962743	76.2469047	62.0782479	123.7724309	12.0476849	44.0590596	36.6711926	48.9500016	71.9276606	86.555723	41.5026411	81.3437372	44.204008	8.2829121	60.0367795	77.6998763	21.5934395	8.00623	24.6037931	99.283956	66.9970471	81.9020673	45.9202611	51.5906008	33.5654987	70.7122294	66.1465415	83.9143728	127.0870938	93.1413922	40.8722257
K03062	26S proteasome regulatory subunit T2	0	0	0	0	0	0	0	0	0	0	0	0	0	0	0	0.01345927	0	0	0	0	0	0	0	0	0	0	0	0	0	0	0	0	0	0	0	0	0	0	0	0	0	0
K03064	26S proteasome regulatory subunit T4	0	0	0	0	0	0	0	0	0	0	0	0	0	0	0	0.01631614	0	0	0	0	0	0	0	0	0	0	0	0	0	0	0	0	0	0	0	0	0	0	0	0	0	0
K03069	frequently rearranged in advanced T-cell lymphomas 1	0	0	0	0	0	0	0	0	0	0	0	0.0426648	0	0	0	0	0	0	0	0	0	0	0	0	0	0	0	0	0	0	0	0	0	0	0	0	0	0	0	0	0	0
K03070	preprotein translocase subunit SecA	19.638849	32.8687259	24.7547578	17.9499989	61.4872654	41.4913152	24.2976634	17.6169428	13.095475	54.4308217	38.9121639	38.8247606	20.490462	17.6220713	5.2107018	39.6356712	7.8935479	16.7586422	12.0999617	37.2904626	4.1808122	61.4895055	108.4959575	28.2397632	12.4765919	29.3012973	24.7692061	36.7074997	65.7194669	16.4330908	46.6829044	18.1484589	50.1539062	13.3615642	19.102194	13.733439	39.1062545	24.7577105	19.5239769	4.2014353	22.6365832	26.9289276
K03071	preprotein translocase subunit SecB	0.0369774	0.598806	14.228031	0	0	0.2374867	4.6478842	0.1036024	0	1.2989251	6.9292914	0	10.6252	10.14334	38.45826	0.863056	0.899853	0.5915969	0.437019	0.263019	0	0	1.652548	0.2005426	0.0493797	0	0.243439	0.948012	2.347427	0.2876523	1.3180882	0.187128	18.6816266	2.542981	1.142406	2.2307491	0	0	0	0	0	3.061912
K03072	preprotein translocase subunit SecD	0.096418	0.54532	5.219332	0.5594634	0	0.213165	3.141311	1.7457777	0.117114	1.88736	6.6848649	0.0858437	1.3460506	6.0120019	1.981859	0.9234415	1.188303	0.536039	0.433246	0.3861534	0	0.12239	0.3219562	0.0551926	0	0	0.162513	1.255755	5.1454353	2.2525397	1.1147989	0.138602	20.444308	1.8162754	0.319284	0.69406	0	0.0738632	2.1501655	0	0	1.9980503
K03073	preprotein translocase subunit SecE	112.1722013	83.6283498	34.2585784	92.6648864	91.4380224	105.5928252	108.5896002	35.5272018	53.135549	169.1188188	146.1958468	81.0061276	77.2395772	43.373911	49.0417337	65.2274801	51.2112511	43.662895	46.580707	171.2821478	115.700248	71.0977904	43.8667302	120.3209186	60.2155372	75.8051032	149.4302887	99.5582927	184.4984544	59.859936	151.4758119	82.93788	106.6936286	66.4760492	92.8916117	30.9929651	109.8717927	107.6893445	174.58005	234.3092899	154.4346583	84.7729112
K03074	preprotein translocase subunit SecF	0.0553353	0.120519	4.6569129	0.4818008	0	0.016341	0.4965195	0.0477481	0	0.865855	5.102833	0.0141586	2.597605	2.088929	9.4483224	0.7761207	0.335916	0.4967665	0.511877	0.3634726	0.0492355	0	0.0953247	0.1641437	0.056496	0	0.115106	0.960289	0.4786197	0.125741	0.512418	0.13936	15.258466	0.439947	0.1668517	1.0381334	0	0.0329327	0.052313	0	0	0.5004099
K03075	preprotein translocase subunit SecG	44.305861	286.3063329	65.1415532	54.98100598	141.725641	66.0072911	50.0483228	96.5111692	129.4915512	97.0489676	70.7737014	30.3497103	73.6032601	55.2243761	24.3228998	22.0016336	38.3552069	71.7119408	36.1234633	85.9757053	47.2540242	98.1085644	263.0932789	30.014085	22.6752943	134.835788	199.9688398	30.4668796	75.828882	24.5263831	160.0548562	59.029638	70.4980766	23.707482	93.0320475	36.7641261	97.9361064	49.98139604	66.7953777	48.1908286	51.651739	77.8069094
K03076	preprotein translocase subunit SecY	12.0250085	49.217553	22.3520537	30.9662759	118.1739558	52.241173	42.0682545	19.97641295	22.5429039	78.785293	64.8303794	19.4802589	36.7747037	13.0554716	9.6295415	22.5315064	14.3855065	19.986628	16.4145345	58.2111525	10.948627	52.33958397	76.8334493	20.0955941	5.2622358	38.4409896	51.359544	26.5903301	31.1363083	11.7356299	58.9031756	25.248127	69.990843	14.117643	32.7727431	12.1665088	47.4196464	31.8757717	29.9558695	16.3719321	35.7931082	34.7777429
K03077	L-ribulose-5-phosphate 4-epimerase [EC:5.1.3.4]	104.831913	111.9560899	29.198432	48.2900201	163.6888122	73.6959035	57.1484722	29.3300001	25.021795	32.0100105	22.363454	6.5138974	34.3126063	7.5851061	16.6852009	8.8500172	4.942163	22.8424	25.2303713	105.2614727	61.194151	47.022373	95.210892	2.9324206	8.8924159	61.73933	48.0141171	11.4325096	11.01187	14.09987	37.6012899	32.3235885	58.427101	18.727001	19.0243154	7.562644	83.846402	78.7469599	89.9635234	71.9480199	91.4898	23.731305
K03078	3-dehydro-L-gulonate-6-phosphate decarboxylase [EC:4.1.1.85]	0	0.332722	3.115693	2.034517	0.131951	0.184978	3.92823	0.103114	0	3.1074569	2.5242165	0.2714658	0	24.933007	4.9909665	0.548347	0.0859685	0.324966	2.2328953	0.431563	0.568138	0.4176682	0.340535	0.317769	0.267554	0.0174766	0.3411338	0.344424	15.75987	0.0736722	1.79342	0.197506	10.3035688	2.600389	0.134103	2.504884	0	0.463606	0	0	3.19353	4.6126052
K03079	L-ribulose-5-phosphate 3-epimerase [EC:5.1.3.22]	36.6199456	23.5841548	11.618429	12.8114117	17.2336	13.9072603	18.443844	3.3789644	5.669946	7.229561	6.864882	0	19.4725569	13.146558	31.0770035	0.301388	1.3228131	4.3325808	4.6334395	33.745	27.33778	2.2002404	4.7518236	1.0402313	10.2786758	6.25738	2.8371117	0.6894522	2.037198	3.3840717	2.636214	4.7128508	10.76972	6.403224	2.629755	3.360802	19.951096	27.74095	45.0071	64.694	57.42156	4.1753397
K03086	RNA polymerase primary sigma factor	49.8046887	58.2141618	22.0379412	35.7858677	88.9011523	29.8526593	38.8650622	36.5744872	43.6707985	68.7594324	46.2118816	14.73031989	31.8491867	17.9005087	11.3820827	7.3258572	11.5020451	27.2238145	32.5375231	52.9992023	41.3848305	28.851075	49.5255997	39.4817307	13.6342917	44.7380638	43.8883564	12.2704335	32.24978	16.2163338	16.7729208	20.1175006	35.5990535	17.9365692	32.3431174	15.6104124	39.7459182	36.7149948	45.3490876	81.130978	73.1129839	21.81867416
K03087	RNA polymerase nonessential primary-like sigma factor	0	0	1.786146	0	0	0.0895856	2.01337	0.004576	0.0942462	0.294692	0.105463	0	1.45137	6.81873	6.11481519	0.1726764	0.0816786	0	0	5.49691	7.09302	0	0.155627	0.00676507	0.00428309	0	0.0612208	0.01041153	0.16551	2.01033	0.2169583	0	12.34433953	0.59477	2.214195	0.564294	0	0	0	0	0	0.8266286
K03088	RNA polymerase sigma-70 factor, ECF subfamily	366.5333372	388.2901269	95.1202485	306.5374256	217.1828882	338.7653591	380.1512649	221.2590688	245.5633448	251.3550524	179.2688346	302.7409109	285.6847869	96.909509	41.4672182	312.2215071	133.8248704	219.3556007	274.4396626	585.705331999999	625.0503783	237.5773677	121.2017581	349.7273185	284.9876011	353.6611977	258.0464179	603.3682861	528.7940043	226.8870873	69.0767354	177.256516	238.7452761	291.1546189	122.7309613	104.2956888	268.8133471	311.02794654	318.6438221	717.5930178	364.0769063	204.7126323
K03089	RNA polymerase sigma-32 factor	0.0696177	0.156518	3.075348	0.42116	0	0	0	0	0	0.4235041	2.5351602	0	0	0	0	0.660922	0	0.513762	0.50184	0.2125816	0	0.229933	0	0	0	0	0	1.0349	0	0.0800993	0.252946	0.0442757	11.1186711	0	0.0825921	0	0	0	0	0	0	0
K03090	RNA polymerase sigma-B factor	7.99675	8.43352	4.8261541	29.707	17.0826523	0	0	9.01336	7.946	3.41774	6.163	2.0378	19.7572	3.93618	0.9392281	2.31675	19.4444553	2.47838	1.69257	19.9267	9.16869	11.9332	13.0419903	0	0	9.90862	20.3022	7.1885996	0.0869315	9.1819	49.9058148	15.4977	6.95533	4.14643	20.6432733	8.04095	16.6959	9.3577	40.2511	16.5925182	0	15.8104
K03091	RNA polymerase sporulation-specific sigma factor	74.3214592	63.5591799	16.8672059	52.660228	43.4253152	73.5374504	79.2239976	49.2444562	49.2903493	22.7300199	60.9908174	4.9206932	26.1408181	34.9516353	12.4832086	25.3413501	62.5552004	35.140989	44.5083423	87.0946582	138.0623694	26.884517	27.5810743	28.4433565	16.1151156	66.1152546	36.5472867	9.1180132	1.2410767	43.4080422	40.1727813	79.5996458	38.5847285	81.0880223	28.4109092	16.9320776	60.4570955	63.8256705	106.2829944	153.0879562	118.1664089	8.710617
K03092	RNA polymerase sigma-54 factor	40.7245027	27.214114	0.6807481	14.566351	20.205	17.329202	17.716481	4.4872768	6.4951643	10.8391848	8.959248	3.465755	7.2422094	7.5486627	0.8210637	5.494323	2.132782	5.055752	6.158784	41.35337	36.3585619	5.1175373	6.8349291	0.87616	1.04665	13.9337232	8.223492	26.150574	0.132126	5.3037084	0.9016323	4.6115794	29.519736	16.739679	4.6483925	2.0677157	32.196566	37.2506222	52.2520107	75.569486	65.7454259	0.2261751
K03093	RNA polymerase sigma factor	0	0	0	1.92351	0.360125	0.109287	0	0	0	0	0	0	0	0.455879	0.0622657	0	0	0	0	0	0	0	0	0	0	0	0	0	0	0	0	0	0.473337	0.37146	0	0	0	0	0	0.0934102	0	0.206609
K03095	SprT-like protein	0.234061	0	0.8210062	1.0816662	1.398535	0.3189551	7.5407532	0.4319587	0.208119	30.59927	21.312495	0.835373	1.58712	1.459704	0.4446274	1.951751	0	0.65651	3.57827	4.9723399	0.179007	0.359565	1.669765	23.1875638	0.3613922	0.0361189	0.6509028	0.2006031	0	2.824127	1.03073	0.381766	0.0390995	0.2904059	6.573623	1.1274	0.0842744	0.181123	0	0.508947	0.965481	5.8145597
K03097	casein kinase II subunit alpha [EC:2.7.11.1]	0	0	0	0	0	0	0	0	0	0	0	0	0	0	0	0.00579727	0	0	0	0	0	0	0	0	0	0	0	0	0	0	0	0	0	0	0	0	0	0	0	0	0	0
K03098	outer membrane lipoprotein Blc	0	0.0162139	4.48546	0	0	0.0655561	0.699853	0.0918355	0	0.0134053	0.339942	0.123971	10.1283	4.86313	21.2449	0	0.215721	0	0	0	0	0.0667528	0.212202	0	0	0	0.456512	0	0.581355	0.0341145	0.0157109	0.0161549	4.96202	0	0	2.58627	0	0.0238472	0	0.00909215	0	0.903665
K03100	signal peptidase I [EC:3.4.21.89]	61.7499973	43.8216144	19.9546617	31.31140393	35.969805	28.5992627	30.8330815	38.839987	49.7857816	40.2016842	23.6964473	19.5113676	28.0388736	16.0165042	28.3831628	21.2215416	16.0769859	27.0311466	40.2576723	56.7791021	65.9041102	17.5227014	10.9997433	9.2700922	12.2452704	22.9514641	21.2256509	19.7535365	34.7851561	23.2427651	15.1370016	23.0856478	39.3389356	19.385401	27.1483667	21.5816163	45.9849683	56.1631486	89.3388529	140.4445755	105.3853978	16.2102502
K03101	signal peptidase II [EC:3.4.23.36]	24.7151942	45.5164798	26.9252227	19.0249769	87.8162786	26.3188332	27.5752318	30.4304907	27.1359211	51.8761661	57.8911034	16.224005	37.2002551	21.3653286	44.2820331	16.0668315	27.7196988	20.09181	17.0109714	32.1357788	48.7861936	41.9467851	63.5021017	34.708175	2.143361	36.6129496	33.0370021	10.9054041	34.6794156	18.7733873	47.7695435	34.3570413	35.53194995	29.3356781	26.1782997	22.3372266	14.5887445	15.0970617	17.1555481	23.6430293	35.595862	42.4179039
K03105	signal recognition particle subunit SRP19	0	0	0.290262	0	0	0	0	7.3981	0.855119	0	0	0	0	0	0	0	8.301525	0	0	0	0	0	0	0	0	0	0	0	0	8.5783	0	0	0	0	0	0	0	0	12.77071	5.11811	0	0
K03106	signal recognition particle subunit SRP54 [EC:3.6.5.4]	67.4472222	70.0748141	48.2916487	26.8195576	115.118538	83.5014808	55.1865402	59.6203417	54.1590822	79.204314	56.3743737	14.3201625	40.2742382	15.8185039	15.5026969	20.2748676	36.5088479	39.8851958	54.484965	83.8126924	34.7809844	69.2067568	120.2975576	71.9353329	61.3738004	61.0499108	61.6928811	20.325705	7.8127226	25.6764751	46.9369977	31.3057436	77.7334938	51.553241	46.5682259	25.8243664	89.0113247	77.502718	81.7850911	76.1327883	116.691344	70.0196602
K03109	signal recognition particle subunit SRP9	0	0	0	0	0	0	0	0	0	0	0	0	0	0	0	0.0847204	0	0	0	0	0	0	0	0	0	0	0	0	0	0	0	0	0	0	0	0	0	0	0	0	0	0
K03110	fused signal recognition particle receptor	19.56586	9.917208	17.1066473	8.3075586	8.1410203	23.2412818	18.5346533	20.2491519	17.9478249	30.2801653	17.8211381	13.0962634	22.8031089	7.6098386	23.0579356	14.6749677	18.9830968	11.8770237	13.6354861	14.293025	12.3069244	11.8437232	8.454118	18.8725237	32.4872375	25.661605	18.5863035	7.0253936	3.7645672	10.584063	15.67765671	15.8254708	33.47844227	30.5790075	15.2454387	13.3418023	18.5319132	21.7004203	16.449335	11.460465	27.133197	34.19487384
K03111	single-strand DNA-binding protein	81.2966048	62.4663888	29.1724686	135.943388	102.9505928	121.2209389	97.2445352	60.15159753	59.9709663	55.3969096	69.7923661	44.7427785	57.1935629	36.8522183	31.35742545	34.1361693	118.1631805	32.0736977	28.455126	124.525926	96.2837029	87.6654908	97.2447572	82.7226128	109.0886666	102.8286477	164.9348486	65.1733754	98.3599717	80.5862646	148.6209263	80.29398239	106.6832933	151.4371949	98.75989579	56.682251	94.7631143	84.7570132	147.3347417	173.6160504	105.2619086	83.2570902
K03112	DamX protein	0	0.316323	1.8173396	0	0	0.0516608	0.917951	0.0930471	0	0.626344	0.438975	0	7.64659	2.19488	5.0835	0	0.412849	0	0	0	0	0	0.0577411	0	0	0	0.0907812	0	0.993978	0	0.3328258	0	2.202424	0.4454699	0	0.601883	0	0	0	0	0	0.7639
K03113	translation initiation factor 1	0.816996	0.182605	6.634439	0	0	0.189631	1.25417	3.44029	0	1.267948	0.649356	1.601968	7.68912	5.41913	21.5719	3.781246	1.379187	0.263147	0	0	0	1.4269706	1.50378	0	0	1.697733	0.2985733	0.18846	0.788277	4.153504	0.619913	1.02309	7.562698	1.57558	2.53003	2.64042	0.266467	3.106639	6.85346	0.574013	0	1.24324
K03116	sec-independent protein translocase protein TatA	27.9089801	17.186601	9.2663431	51.3536057	31.1223997	0.9789712	2.054362	15.0198803	10.9002339	23.3884121	17.4001102	33.980489	58.362864	9.527512	2.5101075	15.4627612	29.6327115	6.437606	6.14456	28.8747114	17.9191874	25.2433119	31.0830062	0.4458529	1.3383828	21.367829	29.4543834	25.7148731	3.553721	19.2775861	72.1246404	29.5055031	44.257532	21.6293266	30.1465744	11.8902903	30.450106	48.0817204	61.3704556	26.0602405	1.3755439	34.266263
K03117	sec-independent protein translocase protein TatB	19.217698	1.136135	7.49658	1.659527	1.45681	0.0917069	2.678034	5.790884	0.467665	1.2767349	4.5615883	0.5763647	13.57235	9.6248	49.6252	0.4691403	1.0385358	1.9199963	1.728023	0.7516089	0.0568736	0.7670977	1.2628387	0	0.0372192	1.83523	3.168247	1.657017	2.45417	1.6649092	1.838801	3.1838734	10.987615	2.2070455	0.1673998	4.757261	1.47139	1.0456749	0	0	1.07381	7.871596
K03118	sec-independent protein translocase protein TatC	14.9866222	2.060073	6.3973437	2.569629	1.3970179	0.4723846	1.2397014	4.8138898	0.6821316	3.9298836	7.886811	23.1381135	29.625797	6.5850057	13.4446199	9.2473055	1.3573133	1.9986331	1.6298468	1.028227	0.1142527	5.546243	8.2574096	1.1350139	0.1192287	2.404754	2.454059	1.5340108	0.91402	5.3278599	2.0238465	2.7720638	28.2232379	10.376205	0.1546386	2.3279796	2.137614	20.438232	1.7817873	0.2547903	1.2736185	8.3750453
K03119	taurine dioxygenase [EC:1.14.11.17]	0	0.0923043	1.991787	0	0	0.0691293	2.32717	0.0839802	0	0.29987	0.787557	0.0135079	1.875189	3.52045	9.222893	0.25223	0.100897	0.0175615	0	0	0	0	0.37355	0	0	0	0.220552	0.0472182	3.71669	0	0.324457	0	4.739834	1.60113	0.147857	0.1220831	0	0	0	0	0	1.4171526
K03120	transcription initiation factor TFIID TATA-box-binding protein	0	0	0.223545	0	0	0	0	6.91991	0.5455478	0	0	0	0	0	0	0	6.15029	0	0	0	0	0	0	0	0	0	0	0	0	9.46463	0	0	0	0	0	0	0	0	9.69952	3.98814	0	0
K03124	transcription initiation factor TFIIB	0	0	0.219137	0	0	0	0	6.98581	0.308882	0	0	0	0	0	0	0	5.146362	0	0	0	0	0	0	0	0	0	0	0	0	7.92082	0	0	0	0	0	0	0	0	9.00522	3.50734	0	0
K03136	transcription initiation factor TFIIE subunit alpha	0	0	0.249625	0	0	0	0	7.43617	0.3921573	0	0	0	0	0	0	0	6.974636	0	0	0	0	0	0	0	0	0	0	0	0	9.15302	0	0	0	0	0	0	0	0	7.76479	2.57085	0	0
K03145	transcription elongation factor S-II	0	0	0	0	0	0	0	0	0	0	0	0	0	0	0	0.0115118	0	0	0	0	0	0	0	0	0	0	0	0	0	0	0	0	0	0	0	0	0	0	0	0	0	0
K03147	phosphomethylpyrimidine synthase [EC:4.1.99.17]	12.752947	43.8088729	17.130745	8.9429919	55.4681766	16.1653238	13.345126	25.3875164	16.8608784	10.0882541	6.1403053	31.251634	26.2951195	7.6035698	18.0456514	26.7301719	12.8482322	11.6612606	6.16859	13.1816912	12.7547684	29.6382081	26.6918311	4.7921973	24.428517	38.26734	35.7538677	23.3861722	65.337712	21.3589616	10.3340166	11.601496	31.959876	11.5429976	18.8847192	5.5042748	9.4645471	16.2090379	27.7806489	10.5383523	15.333153	22.7620055
K03148	sulfur carrier protein ThiS adenylyltransferase [EC:2.7.7.73]	1.554427	0.883009	4.1372339	0.370489	0.0995422	0.124478	1.45127	0	0	0.2636596	0.0902452	0.0298397	7.5578	6.6996191	19.7231	0.7946575	0.8658	0	0	0.0503579	0.0676948	0.1757726	0.13542	0.0841382	0	0	0.3965367	0.2126972	0	0.6838778	0.220753	0.0686945	1.3221382	1.632798	0.0698961	1.879109	0.103566	0	0	0.081523	0	1.3816338
K03149	thiazole synthase [EC:2.8.1.10]	49.990724	75.94706	26.6768448	32.397646	152.582044	84.5600618	49.569328	28.3318003	39.3661828	16.786848	10.7766465	25.88005	53.1865624	16.1785094	43.1656204	17.8521455	9.0803107	26.8460024	13.12405	78.9993506	35.1104662	50.2999423	92.7912326	4.4657749	27.455281	54.713797	68.6275585	44.4294681	57.447078	11.961653	48.9730077	27.4182031	76.739288	26.3736003	28.9740252	11.0210685	71.8653371	59.9140357	79.0919255	72.8441218	93.96217	32.0574406
K03150	2-iminoacetate synthase [EC:4.1.99.19]	41.2105623	32.183308	2.2977717	18.5940827	20.786691	19.4104863	18.9177532	14.7172969	13.8861857	16.4552625	9.994217	42.1192999	11.0761476	8.7328552	8.2807555	25.6240197	5.5018967	22.429403	19.6040879	41.8222071	35.1632197	11.9611576	8.6642248	6.1613793	8.2509689	12.7675234	7.9835546	42.2162062	91.2867145	12.9742058	2.626624	7.5749966	23.2909927	20.6577066	7.511831	3.621445	28.4729553	37.5935112	54.1607204	75.9088015	65.3035093	7.541518
K03151	thiamine biosynthesis protein ThiI	37.1278078	28.0200181	12.7152691	44.9378373	31.037049	33.4421457	48.8032653	33.5209153	37.3696828	29.2519364	19.6611798	5.5307499	15.194045	12.54401	11.4084829	7.0875724	15.6149025	19.5914773	33.0370425	37.4072404	31.9357143	12.50549625	15.2654191	21.3810936	16.2669939	19.4590844	41.6229645	6.52170686	7.5060571	24.089059	25.2760889	23.6376244	34.8699167	15.2976938	21.1010542	13.04011718	39.3320815	38.1362126	60.0987605	89.1381898	57.7073166	19.8730338
K03152	4-methyl-5(b-hydroxyethyl)-thiazole monophosphate biosynthesis	7.8151077	7.4854805	12.9656117	5.3052361	3.9449004	6.4121165	6.6885225	17.63543618	14.3890438	15.3334498	13.1491848	4.892502	19.8347268	5.1211834	3.9706001	11.7297593	14.5323472	12.117855	13.549444	10.6910905	20.3210189	5.744587	2.9369805	17.2290041	9.0210027	16.8241167	16.9755073	31.5704758	0.4438428	11.5401278	7.0959407	7.5931137	20.5785978	26.8808386	9.3325169	5.9874714	7.9728322	11.8825863	15.4903389	24.658352	30.3198677	16.3773335
K03153	glycine oxidase [EC:1.4.3.19]	0	0	0	0	0	0	0	0	0	0	0	0	0	0	0	0	0	0	0	0	0	0	0	0	0	0	0	0	0	0	0	0	9.79701	0	0	0	0	0	0	0	0	0
K03154	sulfur carrier protein	6.525601	3.239266	8.043228	10.470342	6.04034	7.020079	6.0139867	12.9608627	9.3439548	2.3321515	10.822896	4.581611	19.6773328	6.233445	0.605517	20.593099	9.7837127	13.0984727	14.3677239	5.798489	18.071565	22.0158161	19.0376136	7.602836	4.62182	8.6907378	4.6188165	22.274387	5.88194	13.4881535	1.9012073	6.0406664	6.853785	7.127616	1.6283043	10.8222326	2.034656	2.659564	7.8906682	19.9194997	23.98148	14.911849
K03166	DNA topoisomerase VI subunit A	0	0	0.333376	0	0	0	0	1.57945	0.0939392	0	0	0	0	0	0	0	0.509673	0	0	0	0	0	0	0	0	0	0	0	0	3.04577	0	0	0	0	0	0	0	0	1.98277	0	0	0
K03167	DNA topoisomerase VI subunit B	0	0	0.202666	0	0	0	0	7.09327	0.2358751	0	0	0	0	0	0	0	5.294218	0	0	0	0	0	0	0	0	0	0	0	0	7.99766	0	0	0	0	0	0	0	0	8.06262	2.86241	0	0
K03168	DNA topoisomerase I	11.986356	51.8705871	16.6714468	19.5548426	109.0530164	7.868032	12.98084	19.08274393	17.7811697	4.5205343	8.6391154	6.75623821	28.5766557	13.0897048	10.8500238	10.9915003	5.7520962	14.1953358	9.6753077	15.1325978	11.6900109	44.0478469	71.4060783	7.4434868	16.5596615	40.0274226	47.4628297	4.925333	4.6195737	9.1767377	15.2513844	11.5489393	31.532573	9.7334261	22.0302952	20.2540685	6.5486284	14.22318404	14.0944272	5.8125351	17.013449	27.0530933
K03169	DNA topoisomerase III	17.3110885	25.382576	10.3647943	14.95348013	25.3984211	78.8438721	59.439837	31.9068899	19.251123	9.4311354	11.553762	13.9946634	29.2086389	19.616918	6.121759	14.414735	25.6835281	34.3227274	32.279501	29.3967933	32.6042275	32.1292748	19.3798732	31.48218065	19.1461226	10.0218788	10.234641	6.1225863	2.502993	34.74127282	22.2018868	26.3841636	23.3504926	23.6422354	26.3534376	38.90366	35.0701462	34.4257299	38.538487	63.2322636	28.304713	41.5250015
K03175	TNF receptor-associated factor 6 [EC:2.3.2.27]	0	0	0	0	0	0	0	0	0	0	0	0	0	0	0	0.0729314	0	0	0	0	0	0	0	0	0	0	0	0	0	0	0	0	0	0	0	0	0	0	0	0	0	0
K03177	tRNA pseudouridine synthase B	17.3546513	6.7636024	27.820735	8.9617166	5.7548457	27.7943579	25.0399434	14.8204643	9.2144841	49.901351	39.1910438	32.2370396	19.5036225	8.2303884	1.5926538	32.0694186	8.8951845	11.3113045	8.2585508	19.5617273	15.482146	37.6187069	62.0973209	27.3383052	4.271191	14.2351226	15.6905537	55.015542	74.0055623	13.0233958	30.862029	14.5049706	24.738426	11.9040723	13.026746	18.9860819	13.8784737	12.7582628	11.0561628	12.4992179	13.0039657	26.9581679
K03179	4-hydroxybenzoate polyprenyltransferase [EC:2.5.1.39]	0.769409	1.229463	8.6200501	0.662275	0.0907825	0.2573297	3.9057557	0	0	0.733152	1.270261	0	1.56898	3.521012	0.1283855	1.511697	0.691221	0.1544118	0.0441619	0.183705	0	0.2591563	0.1900243	0.161141	0	0	0.1907984	0	2.8025971	0.2197869	1.200937	0.0610157	18.338742	3.2179863	0.8936299	0.473264	0	0.0972	0	0.0467942	0.0401003	2.111317
K03181	chorismate--pyruvate lyase [EC:4.1.3.40]	0	0.415583	11.106326	0	0	0.0482252	4.33541	0.12667	0	0.245456	2.09619	0	3.86507	7.31757	2.47485	0.9666	0.206381	0.174675	0	0	0	0	0.2122355	0	0	0	0.321321	0.0958546	4.18976	0.0530312	1.3108365	0	23.227598	2.4526879	0.680958	0.671486	0	0	0	0	0	2.091578
K03182	4-hydroxy-3-polyprenylbenzoate decarboxylase [EC:4.1.1.98]	0	0.189581	2.159653	0.354706	0	0.276167	3.88914	0.0657749	0	0.75095	1.366616	0.010781	0.19264	3.11034	0.163391	1.116823	0.227923	0.0775343	0	0.0077689	0	0.3799443	0.2383588	0	0	0	0.204281	0.0253962	3.9152859	0.0900037	0.75698	0	24.145885	2.386535	0.231304	0.167491	0	0.0653605	0.0175578	0.0115606	0	1.33468
K03183	demethylmenaquinone methyltransferase / 2-methoxy-6-polyprenyl-1,4-benzoquinol methylase [EC:2.1.1.163 2.1.1.201]	3.174282	2.6972558	4.9054994	0.4971567	0.226353	2.05603694	6.9671264	2.7150168	0.2975484	15.3112935	6.795484	25.002279	7.316628	12.7359617	9.2886675	25.59132	1.5913742	1.7510638	0.601882	1.9554423	0.8079768	7.5938464	5.0269438	0.7793186	2.2001	4.96233	1.7862798	37.2272872	65.2382257	4.0944199	1.9165564	3.5083028	23.264962	8.0767557	4.9160133	1.6326579	4.904233	7.51384	5.2469936	0.8582266	0.0372143	5.1477852
K03184	2-octaprenyl-3-methyl-6-methoxy-1,4-benzoquinol hydroxylase [EC:1.14.13.-]	0	0	2.9945061	0	0	0.0490713	0.595062	0	0	0.796557	1.69141	0.0323982	0	1.53883	11.8032	0	0.327724	0.0507827	0	0	0	0	0.111979	0	0	0.0138423	0.192822	0.12192	4.24968	0	0.13313	0.0497131	6.71933	0.378887	0	0.162683	0	0.0684947	0	0	0	0.372484
K03185	2-octaprenyl-6-methoxyphenol hydroxylase [EC:1.14.13.-]	0	0	1.6666	0	0	0.0190933	0.156613	0.014329	0	0	0.268642	0	1.4095	2.51599	17.2836	0	0.0715576	0	0	0	0	0.0622614	0.119088	0	0	0	0.123116	0.170191	0.684331	0	0.102528	0	16.95269	0.197104	0.0504353	0.097325	0	0.0270097	0.0131637	0	0	0.347494
K03186	flavin prenyltransferase [EC:2.5.1.129]	37.2538	23.266786	2.591508	11.031482	15.0764	12.632316	12.02716	4.6975031	6.2241099	7.20873	5.338513	0	8.758608	5.2345	0.170883	0.7862478	1.607876	4.07318	4.65282	34.4043	29.3117	3.0202398	4.3767758	0.888184	9.94158	8.44017	15.477139	1.866424	1.51152	5.2414503	0.957782	4.3545457	37.13813	13.10797	2.123535	2.2255	23.5573	30.653992	48.41678	68.3789	55.664	2.382545
K03187	urease accessory protein	0.0842966	0	1.56168	0.116454	0.730305	0.083081	1.972148	0.290964	0.628184	16.1680634	15.7603004	0.0418812	1.76494	0.616318	0.442152	0.555156	0	1.71957	1.39372	5.51344	0.257877	0	0	19.6585	0	0	0.624533	0.2193713	0	0	1.195117	0.561118	11.0623991	0.248328	5.48097	0.908928	0.0851088	0	0	0.202698	0.871048	6.418139
K03188	urease accessory protein	0.2018503	0.34434	1.025313	0.250252	0.87523	0.0743899	0.160354	1.118101	1.007376	15.577085	13.9142	0.2202948	2.73948	0.647164	0.364792	1.271511	0.455822	1.764738	1.1054784	4.21399	0.169327	1.57867	2.3101913	22.286803	0.252335	10.7352	1.281165	0	0.955307	0.105456	0.84135	0.689178	6.608361	0.0449512	5.4212	0.902629	0.1723945	0.0467258	0.751604	0.373358	0.724578	6.848128
K03189	urease accessory protein	0.201405	0.714617	3.6151689	0.132795	0.932324	0.215852	0.949574	0.489208	0.5953931	16.648088	14.66373	0.0301292	1.16748	0.885348	0.4110489	0.682731	0.2796945	1.606147	1.3557509	4.038119	0.323522	0	0.0529448	19.440698	0.305205	0	0.879604	0.2113348	0.981508	0.0554336	1.2626	0.7049252	11.0026282	0.362311	5.673017	0.933273	0.0460793	0.272916	0.17398	0.843205	0.5611545	7.1242379
K03190	urease accessory protein	0.540441	0.814935	3.6156954	0.255692	0.691336	0.589679	2.643679	1.11946	1.181636	13.9965	12.5641	2.4069387	2.87618	0.479778	0.441181	1.7256157	0.765452	1.14526	1.05605	4.38048	0	1.7511408	1.9264698	20.175635	0.2052098	11.9629	0.846597	0.0725161	0.890363	0.2698098	1.355218	1.542239	6.8586701	0.7883571	5.982181	1.01599	0.237191	0	0.6478955	0.330611	0.616941	6.462138
K03191	acid-activated urea channel	0	0	0	0	0	0	0	0	0	0	0	0	0	0	0	0	0	0	0	0	0	0	0	0	0	0	0	0	0	0	0	0	0	0	0	0	0	0.3019233	0	0	0	0.135529
K03197	type IV secretion system protein VirB2	0	0	0	0	0	0	0.509878	0	0	0	0	0	0	0	0	0	0	0	0	0	0	0	0	0	0	0	0	0	0	0	0	0	0	0.131021	0	0	0	0	0	0	0	0.91853
K03200	type IV secretion system protein VirB5	0	0	0	0	0	0	0.0709999	0	0	0.683813	0	0	0	0	0	0	0	0	0	0	0	0	0	0	0	0	0	0	0	0	0	0	0	0	0	0	0	0	0	0	0	0.0877056
K03201	type IV secretion system protein VirB6	0	0	0	0	0	0	0	0	0	0	0	0	0	0	0	0	0	0	0	0	0	0	0	0	0	0	0	0	0	0	0	0	0	0.191629	0	0	0	0	0	0	0	0
K03204	type IV secretion system protein VirB9	0	0	0	0	0	0	0	0	0	0.16831	0	0	0	0	0	0	0	0	0	0	0	0	0	0	0	0	0	0	0	0	0	0	0	0	0	0	0	0	0	0	0	0
K03205	type IV secretion system protein VirD4	32.1022141	41.2897781	27.954485	48.6745643	60.0893358	62.5113548	55.5290044	52.1267528	47.10345526	67.2983116	57.2665202	62.3844384	66.0733881	20.423565	6.02484244	29.6207492	85.1812268	45.5479068	68.2080197	59.3433239	41.905374	41.6802228	21.7826529	49.4739615	42.228858	55.194823	22.7026209	16.0702158	22.6236314	49.2051393	73.1276593	55.072127	49.4698319	93.4985012	102.4596023	45.5355822	67.327356	60.4567442	95.6509862	100.8926842	64.9245825	61.3248772
K03206	azobenzene reductase	0	0	0	0	0	0	0	0	0	0	0	0	0	0	0	0	0	0	0	0	0	0	0	0	0	0	0	0	0	0	0	0	0	0.0450711	0	0	0	0	0	0	0	0
K03207	colanic acid biosynthesis protein WcaH	0	0	2.825225	0	0	0	0.0740702	0	0	0.0120924	0	0.0509553	1.25223	1.07988	4.19025	0	0.166342	0	0	0	0	0	0.049288	0	0	0	0	0	0.745857	0	0	0	1.5776	0.228862	0	0.581664	0	0	0	0	0	0.432537
K03208	colanic acid biosynthesis glycosyl transferase WcaI	0	0.32823	1.46428	0	0	0	0.0535871	0.008424	0	0	0	0	5.74129	4.06242	18.6533	0	0.313365	0	0	0.0946285	0	0.0636451	0.0916922	0	0	0	0.136151	0.152215	1.468	0	0	0	5.27496	0.417033	0	0.932471	0	0	0	0	0	0.451351
K03210	preprotein translocase subunit YajC	48.2550164	41.092018	18.3325411	27.8739418	27.6426321	44.6653204	45.6190642	14.4017069	18.9855037	32.4797053	31.0219064	23.3056281	27.9819324	20.1659703	38.8076761	21.9675902	12.449031	21.6436613	24.448219	52.3850408	43.243391	17.5169417	14.597021	50.6713728	15.782601	22.661595	41.0870145	24.8436697	34.6141	12.7196227	31.9650379	20.4146864	34.4324457	23.672965	22.2464155	9.1426495	45.317377	46.2847523	69.019527	108.2782913	79.513346	10.5642294
K03212	RNA methyltransferase, TrmA family	0.0605841	0.379044	5.389268	0.0326793	0	0.0600596	1.256305	0	0.0954596	1.103312	6.849954	0	0.395142	0.451325	1.4107976	0	0.291286	0.5101612	0.429	0.3621439	0	0	0.1078008	0.0602362	0	0	0.149515	0.7294194	3.2586487	0.0831522	0.1946193	0.0223786	2.85546	0.8486769	0	0.368077	0	0.0808385	0	0	0	0.0688097
K03214	RNA methyltransferase, TrmH family	0.0291411	0.166301	2.728446	0	0	0.0160834	0.0385845	0.0163925	0	0.97923	4.98119	0	4.5134	1.1184	3.08811	0	0.259124	0.59208	0.277804	0.357937	0	0.018783	0.099487	0.0252453	0	0	0.168295	0.6070592	0.163459	0.00998046	0.018246	0	1.9904838	0.342601	0	0.761255	0	0	0	0	0	0.131914
K03215	RNA methyltransferase, TrmA family	15.210108	9.8240435	21.0966995	6.7593808	8.7214741	17.5234702	16.8663483	17.8554313	51.6321502	28.727879	32.5610045	36.9936315	18.7128736	8.0002626	3.585387	18.2866712	22.5781923	11.7801123	25.2137655	18.861325	22.3729492	13.3595509	9.1047427	18.1328557	24.636067	47.5741865	55.5939381	12.4538524	58.8110581	18.4704147	13.6124293	16.0561551	37.4373675	20.3573985	148.1070942	15.0927196	12.2293064	15.1896506	14.0224957	15.7420891	25.2374084	37.473332
K03216	RNA methyltransferase, TrmH family, group 2	52.161755	59.2144167	13.7387036	26.5265115	95.409458	32.395264	38.2511211	15.3329239	24.1411276	26.4493196	16.5060236	2.8775151	19.2711496	20.2586777	51.5791312	4.169035	9.1657486	16.14407	9.9962305	65.5466545	51.1931159	23.2600543	52.194703	4.8422983	32.867956	39.2570179	52.6558915	6.4206464	2.0609441	9.7884838	37.8609227	16.4674883	52.8727354	24.047088	16.8670935	19.6910903	42.1600179	49.4852451	64.9989732	91.6978993	90.81153	21.2700169
K03217	YidC/Oxa1 family membrane protein insertase	26.5404483	25.9487791	31.2644955	62.1240583	44.7988196	52.4906368	77.7476692	54.3290206	55.9939947	36.1356905	44.1179074	40.9902957	55.0405049	45.0687518	29.6468411	41.2140066	61.3215114	23.0242082	37.6550246	51.0612506	68.1950434	41.3524233	37.0819815	24.1735632	9.8379339	43.785778	65.2920614	57.3344485	86.6603055	34.7841677	125.6974889	77.1863738	54.5816155	44.548451	61.4018919	20.4382575	68.4716789	43.9241229	67.4241454	66.2195941	17.0586827	49.2969747
K03218	RNA methyltransferase, TrmH family	21.7281918	7.4731009	17.3729393	21.3211322	12.0347894	27.8297457	23.3775512	17.500209	10.2180701	18.1310782	25.7770537	16.8159921	29.8754137	19.6188538	37.3504223	22.672948	26.3436331	8.1476738	10.0171609	30.3882952	35.0146134	14.7914398	16.1891404	1.3810029	4.5345143	23.701187	20.2481534	29.0393323	5.2975135	13.1133139	38.8229353	33.3823486	41.2152699	28.8062495	18.1097478	22.2225366	22.4628631	20.1971861	27.4291522	8.9260491	3.1600714	20.2402167
K03221	type III secretion protein F	0.752058	0.974787	0	0	0	0	0	0	0	0	0	0	0	0.0832194	0	0	0.0902362	0	0	0	0	0	0	0	0	0	0	0	0	0	0	0	14.624197	0.248554	0	0	0	0	0	0	0	0
K03222	type III secretion protein J	0	0	0	0	0	0	0	0	0	0	0	0	0	0	0	0	0	0	0	0	0	0	0	0	0	0	0	0	0	0	0	0	0.42928	0	0	0	0	0	0	0	0	0
K03223	type III secretion protein L	0	0	0	0	0	0	0	0	0	0	0	0	0	0	0	0	0	0	0	0	0	0	0	0	0	0	0	0	0	0	0	0	0.583596	0	0	0	0	0	0	0	0	0
K03224	ATP synthase in type III secretion protein N [EC:3.6.3.14]	0.0706585	0	0.0385026	0.113385	0	0	0.253628	0.0679913	0	0.119742	0.46059	1.78672	0.208295	0.0872841	0.0246001	0.591736	0.0788697	0	0.120622	0	0	0.453942	0.147674	0	0	0.0581864	0	0.978998	1.38688	0	0.140453	0.211249	0.1371	0	0	0.0858161	0	0.338732	0	0	0	0
K03230	type III secretion protein V	0.910958	0.557959	0	0	0	0	0	0	0	0	0	0	0	0	0.0281132	0	0.175181	0	0	0	0	0	0	0	0	0	0	0	0	0	0	0	0.213237	0.204315	0	0	0	0	0	0	0	0
K03231	elongation factor 1-alpha	0	0	0.724708	0	0	0	0.211463	7.2984	0.30107	0	0	0.01444126	0	0	0	0.16770758	5.571347	0	0	0	0	0	0	0	0	0	0	0	0	8.82183	0.106457	0	0	0.0590358	0.0921264	0	0	0	8.79841	3.43083	0	0
K03232	elongation factor EF-1 beta subunit	0	0	0.640065	0	0	0	0	9.46612	0.288393	0	0	0	0	0	0	0	6.8421	0	0	0	0	0	0	0	0	0	0	0	0	12.46493	0	0	0	0	0	0	0	0	11.28639	5.045	0	0
K03233	elongation factor 1-gamma	0	0	0	0	0	0	0	0	0	0	0	0	0	0	0	0.0115699	0	0	0	0	0	0	0	0	0	0	0	0	0	0	0	0	0	0	0	0	0	0	0	0	0	0
K03234	elongation factor 2	0	0	0.293246	0	0	0	0	6.82253	0.351492	0	0	0	0	0	0	0	5.189969	0	0	0	0	0	0	0	0	0	0	0	0	7.56081	0	0	0	0	0	0	0	0	8.68696	3.67621	0	0
K03236	translation initiation factor 1A	0	0	0.241573	0	0	0	0	9.25353	0.4739271	0	0	0	0	0	0	0.0054847	4.894284	0	0	0	0	0	0	0	0	0	0	0	0	9.18625	0	0	0	0	0	0	0	0	8.98853	2.26246	0	0
K03237	translation initiation factor 2 subunit 1	0	0	0.236612	0	0	0	0	7.33274	0.469835	0	0	0	0	0	0	0	5.680797	0	0	0	0	0	0	0	0	0	0	0	0	9.31701	0	0	0	0	0	0	0	0	8.82132	4.0891	0	0
K03238	translation initiation factor 2 subunit 2	0	0	0.18789	0	0	0	0	7.5188	0.1936321	0	0	0	0	0	0	0.0219546	6.886769	0	0	0	0	0	0	0	0	0	0	0	0	8.98451	0	0	0	0	0	0	0	0	8.13476	3.84284	0	0
K03242	translation initiation factor 2 subunit 3	0	0	0.173351	0	0	0	0	1.2653	0.104142	0	0	0	0	0	0	0	0.545428	0	0	0	0	0	0	0	0	0	0	0	0	2.45211	0	0	0	0	0	0	0	0	1.8608	0	0	0
K03243	translation initiation factor 5B	0	0	0.212447	0	0	0	0	5.69653	0.2460489	0	0	0	0	0	0	0	4.415226	0	0	0	0	0	0	0	0	0	0	0	0	7.38943	0	0	0	0	0	0	0	0	7.67532	2.64661	0	0
K03258	translation initiation factor 4B	0	0	0	0	0	0	0	0	0	0	0	0	0	0	0	0.00937282	0	0	0	0	0	0	0	0	0	0	0	0	0	0	0	0	0	0	0	0	0	0	0	0	0	0
K03259	translation initiation factor 4E	0	0	0	0	0	0	0	0	0	0	0	0	0	0	0	0.02199515	0	0	0	0	0	0	0	0	0	0	0	0	0	0	0	0	0	0	0	0	0	0	0	0	0	0
K03263	translation initiation factor eIF-5A	0	0	0.360904	0	0	0	0	6.95383	0.320534	0	0	0	0	0	0	0	6.076923	0	0	0	0	0	0	0	0	0	0	0	0	8.29265	0	0	0	0	0	0	0	0	8.04515	2.88808	0	0
K03264	translation initiation factor 6	0	0	0.285286	0	0	0	0	9.04137	0.464081	0	0	0	0	0	0	0	5.973846	0	0	0	0	0	0	0	0	0	0	0	0	9.00036	0	0	0	0	0	0	0	0	10.34325	4.50461	0	0
K03265	peptide chain release factor subunit 1	0	0	0.255142	0	0	0	0	7.25023	0.500935	0	0	0	0	0	0	0	5.208122	0	0	0	0	0	0	0	0	0	0	0	0	7.85288	0	0	0	0	0	0	0	0	8.05313	2.94075	0	0
K03267	peptide chain release factor subunit 3	0	0	0	0	0	0	0	0	0	0	0	0	0	0	0	0.0434195	0	0	0	0	0	0	0	0	0	0	0	0	0	0	0	0	0	0	0	0	0	0	0	0	0	0
K03269	UDP-2,3-diacylglucosamine hydrolase [EC:3.6.1.54]	3.820194	1.957134	11.1887844	0	0	0.524824	4.7669881	1.716604	0.2664718	6.716004	8.360675	8.426782	14.4905196	5.536019	21.833461	18.516478	1.3774876	1.3348724	0.4284199	1.475093	0.8010962	5.8905021	1.9962915	0.6659588	6.62155	9.173544	1.8460565	29.0036515	1.707804	6.7403531	1.7325926	3.346109	19.6918279	6.1627212	3.398824	1.1683097	3.234907	5.3257879	7.994164	1.3559651	0.2214928	1.057076
K03270	3-deoxy-D-manno-octulosonate 8-phosphate phosphatase (KDO 8-P phosphatase) [EC:3.1.3.45]	1.281783	1.838943	4.5700264	0.0342246	0	0.5495636	2.292144	16.214557	21.422463	6.7094129	1.7676495	4.825464	11.965528	5.3130236	19.8803049	6.676277	0.6685556	0.800809	0.6310584	0.7176	0.14003	3.5406413	2.4032836	0.0669517	1.39272	2.0589143	1.04151	12.980686	10.2117567	2.8007796	0.664572	2.4027589	11.3480578	3.4046709	0.2713343	2.04137	0.0547129	2.2804433	0.1760799	0	0	2.950377
K03271	D-sedoheptulose 7-phosphate isomerase [EC:5.3.1.28]	0.2495991	0.747443	8.028991	0.8965489	0	0.3306166	3.896347	0.1226965	0	9.8939952	8.579225	32.441022	22.636602	10.7136	16.007101	2.0799967	0.300541	0.4632758	2.403944	0.5949139	0.226248	4.9787409	8.3177046	0.2608987	0.0899464	0.1394966	0.1714851	0.8291741	10.3255803	4.554775	1.2617827	1.3134864	27.138587	11.1589057	1.410609	0.1945366	3.015783	27.3917817	2.51263	0.2031786	0.195108	5.1475806
K03272	D-beta-D-heptose 7-phosphate kinase / D-beta-D-heptose 1-phosphate adenosyltransferase [EC:2.7.1.167 2.7.7.70]	0	0.289006	7.365688	0.60524834	0	0.272388	3.904937	0.32974	0	1.3872348	2.5309501	0.308348	5.973463	5.2306844	18.9238185	1.5468266	0.405485	0.481306	0.336127	0.124875	0	0.2266097	0.2415635	0.803786	0	0.229404	0.0944539	0.8399802	4.3360076	0.0687143	1.207076	0.0781174	12.2191264	1.77122	0.548085	1.081139	0	0	0	0	0	2.382961
K03273	D-glycero-D-manno-heptose 1,7-bisphosphate phosphatase [EC:3.1.3.82 3.1.3.83]	0	0.49855	2.51553	0.309522	0	0.345098	2.2846	0.536639	0	0	1.5114635	11.5448	5.0298	10.582295	18.37801	2.8257959	0.3648582	0.0541049	0	1.248	0.0811388	5.0298013	0.3493559	0.0335246	0	0.132211	0.26052	3.047683	8.24876	1.083253	2.076455	0.378266	18.3849785	2.13449	2.2395074	3.8758	0	0.213299	0.4722872	0.1601953	0	2.116129
K03274	ADP-L-glycero-D-manno-heptose 6-epimerase [EC:5.1.3.20]	0	0.210223	2.986933	0.525849	0	0	0	0.111647	0	0.748281	2.8264424	0	0	5.2369	0.265446	0.8804342	0	0.527313	0.449322	0.0454082	0	0.27026	0.0599011	0	0	0	0	0.743306	4.42048	0.666197	0.387728	0.103418	12.971142	0	0.2465211	0	0	0	0.0598255	0	0	0.0598134
K03275	UDP-glucose:(glucosyl)LPS alpha-1,3-glucosyltransferase [EC:2.4.1.-]	0	0	0	0	0	0	0	0	0	0	0	0	0	0	0	0	0	0	0	0	0	0	0	0	0	0	0	0	4.95555	0	0	0	0	0	0	0	0	0	0	0	0	0.188579
K03276	UDP-glucose/galactose:(glucosyl)LPS alpha-1,2-glucosyl/galactosyltransferase [EC:2.4.1.-]	0	0	0	0	0	0	0	0	0	0	0	0	0	0	0	0	0	0	0	0	0	0	0	0	0	0	0	0	3.49217	0	0	0	0	0	0	0	0	0	0	0	0	0
K03277	heptosyltransferase IV [EC:2.4.-.-]	0	0	0	0	0	0	0	0	0	0	0	0	0	0	0	0	0	0	0	0	0	0	0	0	0	0	0	0	2.18952	0	0	0	0	0	0	0	0	0	0	0	0	0
K03281	chloride channel protein, CIC family	1.0874423	2.723453	6.78898	0	0	0.6175525	4.2461252	1.6156292	0.1956081	6.3334827	0.8902042	24.2401937	11.582311	4.36492	30.79485	19.728884	0.8464609	0.9523405	0.0640532	0.539271	0.284978	5.88461	1.9791524	0.0745856	1.27032	3.439206	1.0232256	16.5623165	49.788032	4.1997511	1.1707013	1.926138	14.371253	3.4517432	3.8694409	0.8254343	0.7655625	7.4818344	5.9178768	0.8444786	0	3.1151909
K03282	large conductance mechanosensitive channel, MscL family	36.5158315	27.6470084	9.3854052	24.1925772	17.2943193	14.315503	22.1877103	9.4606246	7.153967	39.268115	34.003446	28.954973	12.4027644	6.2088591	1.2909045	32.7209865	6.3084375	13.8932804	22.4527153	32.3510648	21.0152764	10.0411673	11.3861483	3.4822409	8.8481366	15.9634364	17.9843398	30.389936	70.022185	22.6527944	31.3747319	11.3392825	44.8879021	19.331039	16.6816856	14.5809621	29.8004959	36.146161	48.5354175	67.3983186	45.5936284	15.9764246
K03283	heat shock 70kDa protein 1/8	0	0	0	0	0	0	0	0	0	0	0	0	0	0	0	0.2011246	0	0	0	0	0	0	0	0	0	0	0	0	0.00723535	0	0	0	0	0	0	0	0	0	0	0	0	0
K03284	metal ion transporter, MIT family	37.7094265	26.9842299	10.7692104	14.3953315	15.6967253	12.1740538	22.9358991	10.7396899	10.1009104	9.9524184	10.589524	20.3240963	12.925416	12.5624688	33.1662752	15.0719098	3.3330382	11.3133617	12.840469	32.3989329	26.4448294	8.6223314	7.8267067	4.7454706	12.2307615	14.6443373	18.0084804	21.557706	55.3127268	9.1661351	3.1129906	6.8145124	26.3083953	14.4414214	8.3246063	5.3771254	24.0802565	36.3019496	51.9522701	65.3469203	60.4969631	8.7672954
K03286	OmpA-OmpF porin, OOP family	0	0	1.6534	0.458795	0	0	0.4875894	0.0690993	0	0.2949064	1.014095	0.0198245	3.45966	1.62561	0	0.9059902	0	0.0263324	0.0503706	0.116367	0	0.3497606	0.119612	0	0	0	0.115686	0	3.9085152	0.8725711	0.3847059	0	17.676805	0.698428	0.4148394	0.757142	0.377527	0.0192283	0.0485944	0.069343	0	1.566698
K03288	MFS transporter, MHS family, metabolite:H+ symporter, other	0	0	2.213023	0	0	0	0.303457	0.0326817	0	0.0508128	0	0	0	0	0	0.6844827	0.047735	0	0	0	0	0	0	0	0	0	0	0	0	0	0.291751	0	0	0	0.2446848	0	0	0	0	0	0	0
K03289	MFS transporter, NHS family, nucleoside permease	0	0	2.00918	0.0262293	0	0.0220419	0.371354	0.0716765	0	0.0220036	0.693648	0.0318545	1.62493	1.70228	7.04525	0	0.324263	0.0194546	0	0	0	0.0218558	0.1447	0	0	0	0.139862	0.247326	1.13435	0	0.074033	0	3.83006	0.618353	0	1.10823	0	0	0	0	0	0.527541
K03290	MFS transporter, SHS family, sialic acid transporter	0	0.438129	2.79782	0	0	0.0813463	1.22134	0	0	0	0.286304	0	6.79754	2.71552	14.001	0	0.274544	0	0	0	0	0.0217675	0.107213	0	0	0	0.109042	0	1.09248	0	0.258355	0	5.74859	1.60068	0.0387009	1.61809	0	0	0	0	0	1.50843
K03291	MFS transporter, SET family, sugar efflux transporter	0	0.175173	4.60615	0	0	0.0494034	1.32983	0	0	1.04869	0	0.0114955	12.91046	5.62531	31.45768	0	0.796727	0	0	0	0	0.0912704	0.0681178	0	0	0.00718834	0.0992866	0.0445475	0	0	0.158827	0	5.514782	1.3901094	0	1.666514	0	0.0145112	0	0	0	1.774747
K03292	glycoside/pentoside/hexuronide:cation symporter, GPH family	3.0479672	2.7047864	12.2067631	9.4739925	3.6423344	5.8108772	18.634949	10.706612	7.4791455	13.5363658	10.2115828	1.6139949	18.979419	21.27675	44.4837033	5.8043333	2.8711634	21.2680699	15.792049	6.8484431	9.821592	9.0655538	11.3242957	20.1442701	34.7924481	9.832932	7.0488371	10.8857014	3.681238	7.4845631	4.8505615	9.24199391	30.4743401	33.4455983	9.5565657	11.1730825	20.418771	10.2321777	50.07472	16.6807849	117.5149086	10.5975033
K03293	amino acid transporter, AAT family	3.5922661	48.0779497	13.9969889	9.0012812	93.098276	0.681268	19.0755156	12.7696304	11.672153	12.416721	8.167363	0.260492	10.159563	3.8980143	0.2630157	5.256914	1.444269	7.9557581	2.492552	10.3082039	0.475363	27.1445058	56.8157364	5.2717329	1.818105	30.1240706	33.4791595	0.1514115	3.96789	1.6168809	28.3059542	5.9513284	20.1121937	2.4393733	12.1337422	7.4716544	0.1210738	0.106349	0	0.1020485	0.365962	12.4295742
K03294	basic amino acid/polyamine antiporter, APA family	11.7814557	43.688865	13.5368961	16.417388	102.0502389	31.9204191	13.6475024	15.2098455	11.861925	14.1822975	10.2413742	1.83315	26.553956	17.6405617	2.1441325	16.6330201	2.241376	8.9940505	5.5275574	15.2346999	1.1525881	43.3736004	71.1006531	4.8631059	2.6914866	32.6695116	33.7901222	24.4825327	1.8409727	4.3056656	48.2847223	13.9834147	30.284758	6.1397911	12.635357	9.0859199	19.502022	9.10197	4.8362717	0.4838908	14.3199448	26.4376287
K03296	hydrophobic/amphiphilic exporter-1 (mainly G- bacteria), HAE1 family	4.407076	3.4889534	0.1783859	0.5494009	0.130902	0.6849909	3.7715203	0.7621176	0.5012074	14.0659401	5.4043924	35.118415	9.3600743	0.761453	0.224902	25.342138	1.0629556	1.6039687	1.3012498	2.801051	1.2099586	8.375971	1.8043098	0.7313111	7.6979694	7.266088	2.003876	42.1677168	32.8289979	8.8215537	0.8567659	4.4297845	6.8752441	6.7750318	0.5309498	0	3.531761	5.0058135	0.579153	0.5543252	1.1521491	2.9669214
K03297	small multidrug resistance protein, SMR family	0	0.0118076	3.60115	0.63333	0.535535	0.0349633	0.0583106	0.309341	0	0.00998726	0	0.0737511	0.572557	0.243919	0	0.862628	0.242213	0	0.237941	0.1844991	0	0.2502195	2.502915	0	0	0	0.0405732	0	4.30774	1.130653	0.513675	0.2720899	24.7515189	0.0352118	0.133072	0.5696119	0	0	0	0	0	1.2883684
K03298	drug/metabolite transporter, DME family	0	0	0	0	0	0	0	0.255935	0	0	0	1.033776	1.85582	0	0	0	0.804012	0	0	0	0	0.0350179	2.122002	0	0	0	0	0	0	3.040345	0	0	0	0	0	0	0	0	0	0	0	0
K03299	gluconate:H+ symporter, GntP family	3.1054222	1.687089	8.9971374	11.7926197	5.0128108	3.2798555	9.785955	1.5053501	0.630021	5.2252013	26.883927	2.99505	4.2996079	12.7187	18.1621937	6.2958608	17.9900197	1.902152	3.27946	9.2798094	29.833074	1.8037075	3.4376681	0.9406946	1.7164524	0.474879	1.5342921	1.1624788	6.979051	7.7054572	13.2350899	23.8504538	14.0561583	2.9119052	3.81213	5.480313	0.8027113	1.2761642	4.96246	0.2545246	1.0322856	7.8161226
K03300	citrate-Mg2+:H+ or citrate-Ca2+:H+ symporter, CitMHS family	0.5255998	0.735202	0.8280597	0.0882138	0	1.43458	1.14427	0.483002	0.138721	0.670328	1.159044	0.553502	0.523239	0.2567104	0	0.5540823	1.42139	1.41886	3.469573	1.1172329	1.1928038	1.2460815	0.990314	0.0414198	0.0647614	0.2617747	0	0.4973986	1.15656	0.52172	0.8310262	0.889549	0.1899412	0.283967	1.370215	2.923285	0.1757216	0.278241	0	0	0.955556	0.171207
K03303	lactate transporter, LctP family	1.1581225	1.785871	2.5059171	1.0623098	0.4661625	3.774411	4.319313	1.906548	3.533032	2.7212087	4.95794	0.0496025	3.8409569	1.296366	0.179009	10.184049	6.0242643	2.8808624	2.4509744	3.6742714	3.680387	7.5223	6.1363359	0.5728465	0.5508804	2.45244	2.5938249	10.6740334	0.0463026	4.0123843	5.0549491	2.8042708	18.941092	2.2956625	3.9706135	2.9989948	1.66722	0.557126	4.437877	4.3506776	3.148033	1.241571
K03304	tellurite resistance/dicarboxylate transporter, TDT family	0	0.222791	1.60791	0	0	0.0234259	0.34337	0.0522907	0	0.00865904	0.0286807	0.0134854	2.7629	1.6715	6.73722	0	0.219449	0.0210631	0	0	0	0.0453739	0.0863101	0	0	0	0.14984	0.0143312	0.397225	0.0146695	0	0	3.91706	0.310654	0	1.962587	0	0	0	0.203741	0	0.584204
K03305	proton-dependent oligopeptide transporter, POT family	0.7805727	2.3419561	25.017382	0.4307367	0.2856434	1.61525206	7.4329676	2.0552118	0.130523	1.17855452	4.7092283	23.2864214	14.1770084	13.091226	33.8395023	17.573925	1.6992048	2.686229	0.9717796	0.9271678	0.2715028	41.9659558	72.0858809	17.2869324	0.971808	1.9454078	1.261486	16.1508718	63.0601401	5.9173629	2.8210715	2.030976	40.2609625	6.0616979	7.5128676	3.122626	0.8633133	6.895936	7.1378441	1.0369576	0.281177	9.4447859
K03306	inorganic phosphate transporter, PiT family	0.112448	0.2102813	2.433719	0.3373792	0.0962367	0	0.2838625	0.338341	0.9138907	1.0766934	4.9411834	0.363224	2.538375	0	0.1387571	0.811831	0.2314319	0.517457	0.5456015	0.7252268	0.2576778	0.617853	0.2623131	0.1689282	0.0587895	0.0730146	0.0653778	4.539582	2.2102563	1.0325631	0.8796479	1.2945263	1.0268794	0.3432267	0.398587	0.542964	0.295776	1.2980323	1.3300949	0.3811361	0.128165	3.7310316
K03307	solute:Na+ symporter, SSS family	8.4323514	3.9558109	4.400195	15.835061	2.0229974	0.78568458	1.6661328	4.9556314	0.5741082	1.4596437	3.3875767	7.6684655	9.4054251	8.7022463	9.2380287	7.2532394	2.79812629	0.97963383	0.4618916	2.7413882	2.3363078	7.9272161	10.29139	1.0149827	6.7056715	2.3249495	3.8258053	8.3191144	4.778232	9.4166954	21.8525791	3.9336935	14.302944	5.6698708	0.2028794	0.8659858	2.422909	2.4334336	3.8099358	2.0764683	3.319553	6.3815743
K03308	neurotransmitter:Na+ symporter, NSS family	53.7790833	35.5091074	12.0106062	33.6686221	27.712771	22.3861956	32.3673622	31.3484971	35.7020089	29.652279	21.0530027	34.9232224	28.7746071	7.2444142	1.2760827	27.3587461	13.1187596	23.8805976	35.6658024	47.8826551	46.089599	16.546377	17.4755292	7.830825	23.0446819	32.4742735	28.8663393	39.2032013	64.4380402	21.0730317	8.1396544	21.47925	35.5081419	29.5316006	16.7073424	3.762316	43.1613144	52.0983299	55.8971403	88.6843451	81.3937030999999	13.3088012
K03310	alanine or glycine:cation symporter, AGCS family	87.5471138	58.6949249	29.503634	33.6851401	59.6822691	62.4585176	75.1970648	64.0277545	91.7135212	52.8452158	45.7230024	5.9891042	49.4200715	25.3114446	19.9967628	23.4417193	37.169048	50.7822564	67.7021823	97.2679078	115.2999065	22.2671592	23.4099764	19.7264534	61.8528991	56.4001416	68.0028263	41.5373868	6.780058	38.2149086	25.5363709	59.8700968	80.8084259	64.2959206	47.7596617	13.4049898	85.4326072	104.2100911	113.1069587	172.3310589	149.9723221	46.7231282
K03311	branched-chain amino acid:cation transporter, LIVCS family	0.0592791	0.6136688	3.354223	1.0406009	0.316286	0.0860634	0.3623173	0.3415975	0	0.237652	1.164419	0.2808075	5.8596216	6.6706902	18.2558109	2.3527516	0.6772581	0.1503268	2.550165	0.9976037	0.3678423	2.3960463	1.445595	0.7227516	0.1973933	0.1145269	0.4601471	0.3317394	4.185556	0.6887863	1.5831317	0.1271448	27.0588038	0.9473062	0.848151	2.8304869	0.2806564	0.207565	0.0718791	0.13997	0.151722	5.2979894
K03312	glutamate:Na+ symporter, ESS family	0.1927118	1.2924651	3.946376	0.0367558	0	0.368393	3.50985	3.6328865	0.99659	2.8739296	6.7897292	0.870643	11.4906059	4.7025909	20.4553301	4.9225834	1.976519	4.122343	4.320118	1.249401	1.1368324	2.6354782	3.199788	2.2693745	1.187673	3.877014	1.0420516	20.994535	4.5241228	6.025729	0.6350041	0.514635	9.6850919	6.0291137	0.550765	4.967536	2.8182955	1.0414886	0.173651	0.2704863	0.8953374	3.333823
K03313	Na+:H+ antiporter, NhaA family	16.0294927	24.2447411	13.2161918	15.9844923	55.8726386	42.0445992	22.7601819	10.4957327	6.0529803	5.0944047	5.3474304	22.5185086	14.7439023	3.107308	0.2652847	18.9411584	2.6711396	6.7086321	2.1633063	25.749393	2.0676423	19.3649082	43.1928676	0.6682386	3.8179426	21.4318032	18.725176	30.35985	59.1923205	4.4253976	26.4687403	13.6617971	32.6798837	9.1607726	7.2515137	2.610185	38.1234431	17.7388274	15.6768434	2.105493	21.196103	9.7438521
K03314	Na+:H+ antiporter, NhaB family	0	0	3.67352	0	0	0.0105287	1.283004	0	0	0.2061882	0.0648265	0	0	1.89035	0.195101	0.25909	0.494891	0.0561455	0	0	0	0	0.2061433	0	0	0	0.127148	0.176733	3.34279	0.03664	0.449724	0.0123337	12.2538123	1.3455	0.172869	0	0	0	0	0	0	1.4367607
K03315	Na+:H+ antiporter, NhaC family	2.8341531	2.6434984	4.4568577	23.1819908	8.9776668	17.3545401	13.3780802	13.0828412	14.449243	15.2944662	28.127746	13.940701	10.9244946	2.6555392	1.1705402	8.3078073	6.1728936	4.9233109	7.869072	6.3288233	3.8741079	5.7909703	7.554704	5.4285388	2.0649212	3.629418	5.9392171	0.77908	1.78143	10.0105006	10.1798182	10.6857155	10.7146282	3.0745815	2.6563907	6.562748	11.1308677	5.3038807	22.158309	79.0821518	6.817737	12.3901181
K03316	monovalent cation:H+ antiporter, CPA1 family	0.2006974	7.272227	9.7410765	12.2817985	87.8356926	1.241916	2.12909	0.2688688	0.8032096	36.4178312	28.586469	1.8334097	29.586851	7.574126	25.6158607	1.0222316	1.467197	4.4078305	4.8929839	9.950454	0.24003	33.1012369	60.2318252	17.324486	0.6210213	27.69961	25.0332941	0.2302463	2.45099	2.4270843	3.3362895	2.662706	38.1866628	4.5841161	8.5487462	8.221367	0.161429	0.212083	0.106311	0.2489034	6.7529901	19.3951138
K03317	concentrative nucleoside transporter, CNT family	0	0	0	0	0	0	0	0	0	0	0	0	0	0.0806114	0.0249348	0	0	0	0	0	0	0	0	0	0	0	0	0	0	0	0.0869729	0	1.047514	0	0	0	0	0	0	0.0588853	0.0886853	0
K03319	divalent anion:Na+ symporter, DASS family	0.0660891	0.4558827	3.7410031	0.1083396	0.709136	0.0180775	0.2947621	0.0116406	0	1.268874	4.9458962	0.0434159	2.987129	0.958578	4.18849	0	0.114864	0.675059	0.615065	0.9747057	0	1.39376	4.4695502	0.42077	0.651687	0	1.644492	0.8522498	1.8589123	0.815978	0.8932929	0.4435346	2.83074	0.250102	0.286773	1.0110875	0.405364	0	0.576337	0.4063194	0	4.6559255
K03320	ammonium transporter, Amt family	6.926599	7.76438	16.1009747	3.152475	6.979596	13.644565	17.158586	14.1199758	12.4811651	2.29300302	8.231295	0.6402252	14.2030761	6.398481	13.9836035	6.097761	21.7556211	15.81753283	16.0942124	14.029372	15.869661	37.9303569	61.5614272	5.8259784	21.0859601	20.090976	16.6017231	4.711207	0.481795	16.3383097	6.2514049	8.6489349	11.19995	10.3251156	11.6170494	4.6982123	10.1093283	8.249673	16.9985377	8.5413992	16.4237517	19.865744
K03321	sulfate permease, SulP family	0.62053	1.371142	6.7736553	0.4108	0	1.981622	5.6815331	4.2149034	1.5684419	0.9193641	1.7677718	0.544532	6.468619	3.484458	10.6822	5.883673	3.0953511	1.275908	1.714861	1.0320565	1.5261887	3.212996	1.9653421	0	0.0717221	2.140352	0.727088	0.3611388	0.349115	4.3264108	2.438447	1.1484504	2.5093316	1.3965912	5.7999985	2.484375	0.521766	6.708049	7.96089	3.6343864	1.214491	1.6265205
K03322	manganese transport protein	10.1076833	1.012398	8.8273942	6.1488926	9.3194775	20.078895	15.6888341	4.1555292	0.9590095	46.6714392	33.251958	5.5318316	15.171213	9.38141	9.59466	3.2178374	1.97085	3.401443	9.041135	13.8278247	0.2319914	13.948598	13.0112113	20.9765512	0.9182329	1.3870242	3.093368	3.5938272	0.192183	1.5756469	6.1987144	4.66383	31.1409819	3.91436474	6.7607469	24.7119445	8.2898856	3.4879121	0	0.2512955	6.5968768	31.193957
K03324	phosphate:Na+ symporter, PNaS family	49.5417761	37.7355631	25.1189526	51.5614053	43.1766076	56.0373603	73.0933851	54.7254476	71.1313994	34.940172	53.0888464	12.3633322	36.4285973	33.7470636	11.8513417	25.1371521	54.1281043	46.8167698	55.5504548	77.2204268	118.5628959	27.50004	18.1553784	41.5242879	47.1393426	49.2836874	92.306727	32.725598	29.6192715	29.3224761	40.005445	77.7643303	51.6759386	79.2365821	47.4117803	31.3913769	58.6161462	63.4465351	84.1622895	119.4961057	101.8121312	42.8567675
K03325	arsenite transporter, ACR3 family	8.332144	2.6276478	0.224663	2.312977	2.27703	5.43563	5.45475	4.424479	6.496592	0.405416	0.63989	0.2576471	0.817375	0.24522	0.17544	0	0.265919	2.4076459	3.78532	5.95482	10.6691	1.049807	0.768335	10.244	0	0.021154	0	2.312585	0	2.0576829	1.9637607	2.3528093	0.648571	0.882642	0.5531512	0	3.151088	1.778712	0.336474	0.477691	0.261388	1.29924
K03326	C4-dicarboxylate transporter, DcuC family	0	0.791251	4.5086585	0.0117445	0	0.2386212	2.725334	0	0	0.7795924	0.935002	0.2738131	5.998826	4.45652	25.2043	0.3759429	0.181361	0.0632318	2.08639	0	0	0.03353246	0.1514388	0	0.624798	0.483054	0.2637751	1.359494	3.34702	0.0134778	0.4752026	0	13.6317328	2.338474	0.212001	0.740005	0	0.158278	0	0	0.0346935	2.9758757
K03327	multidrug resistance protein, MATE family	0.463717	1.2553264	5.8998	0.8205016	0	0.460742	3.9042593	1.4768973	0.0882837	1.6707729	1.4265233	24.011746	9.3402458	7.1991621	33.5150337	15.1286762	0.7886802	0.4129033	0.3252768	0.5732136	0	3.7400704	1.0382155	0	0.7498363	1.6336	0.4753907	8.7458869	61.651434	4.4852968	1.745503	2.6718402	29.663182	3.156667	3.9737523	2.59123	1.159158	4.1089545	6.7700878	1.11407	0	5.3210197
K03328	polysaccharide transporter, PST family	1.445496	0.385076	0	0.103281	0.0586147	0	0	0	0	0	0	0.0807015	0	0.0643059	0	0	0	0	0.2258397	0	0	0	0	0	0	0.133319	0.7601534	0	0.304374	0.5813424	0.0715136	0.0890151	6.55628	0.0435189	0.3211016	0.373598	0.0624255	0.219319	0.312291	0.2511589	0.0535459	0.582892
K03329	hypothetical protein	0	0	1.30243	0	0	0.0868653	0.265483	0	0	0	0.540529	0	7.61618	0.98416	0.621259	0	0.400178	0.0279898	0	0	0	0.0599409	0.0509717	0	0	0	0.0154845	0	2.1319	0	0.0317986	0	3.44804	0.367427	0	0.708427	0	0.0909363	0	0	0	0.525689
K03330	glutamyl-tRNA(Gln) amidotransferase subunit E [EC:6.3.5.7]	0	0	0.32113	0	0	0	0	6.58269	0.290429	0	0	0	0	0	0	0	5.045311	0	0	0	0	0	0	0	0	0	0	0	0	7.31708	0	0	0	0	0	0	0	0	8.58369	3.59957	0	0
K03332	fructan beta-fructosidase [EC:3.2.1.80]	0.0772591	0.2525592	0	0	0.103791	0.237121	1.8303847	2.642339	2.091155	2.313705	1.9639105	1.160441	3.5607771	0.706079	0.110374	10.1411878	0.4037003	4.3321116	2.9446094	0.561349	0.5759167	1.209939	0.722894	2.0777995	1.801314	3.3488393	0.6082511	19.948626	3.268385	4.306824	0.1062022	0.6436373	2.395017	3.69448	0.157066	0.167778	1.94327	1.07652	0.105843	0.303182	0.9545755	0.727746
K03335	inosose dehydratase [EC:4.2.1.44]	0.1816306	0.4887593	8.526656	0.389828	0.0449869	0.167824	2.04997	3.660023	4.03553	12.223598	8.951684	0	0	3.384945	0	0.7820573	1.8359827	0.127874	2.9004586	0.0407269	0	5.055295	7.287677	1.866939	20.005331	5.12379	2.1812462	3.07601	0	1.61173	0.6626089	0	3.407497	4.07781	0.40365	0	0.101692	0.107738	47.7079	1.79622	101.0059042	1.206347
K03336	3D-(3,5/4)-trihydroxycyclohexane-1,2-dione acylhydrolase (decyclizing) [EC:3.7.1.22]	0	0	0.38491	0.316817	0	0	0	4.27545	3.85526	2.40241	16.18932	0	0	7.4496782	3.71868	2.31067	14.8555	0	0	7.09626	26.424531	0	0	0.1211569	0.140522	0	0	0	0	0	10.7959103	20.3472	0.244866	0.0569079	0	1.2823417	0	0.0591545	0	0.0994775	0	0.0617434
K03337	5-deoxy-glucuronate isomerase [EC:5.3.1.30]	0	0	0	0.513193	0.0518197	0	0.0445625	0	0	0.230833	0.132184	0.26315	0.0690609	0	0	0.1388758	0	0	0	0.0753129	0	0.0936002	0.0267207	0.2357022	0.2796964	0	0	0.5483316	0	0	0.111537	0	0.4800792	0.238051	0.0891207	0.091423	0.242141	1.457716	0	0.0658702	0.119913	2.779428
K03338	5-dehydro-2-deoxygluconokinase [EC:2.7.1.92]	0.126783	0.124247	0.6375342	0.0463674	0	0	0	1.08057	0.70364	6.62506	4.03725	0	0	0.0783241	0	0.0353778	0	0	0.08135	0.0856835	0	2.53492	3.9845377	1.0453357	9.69776	2.19734	0.492642	1.34691	0	1.49034	0.2197716	0.0904355	1.94933	2.3898503	0	0	0	0	22.5788	0.964829	49.3398952	0.126322
K03339	6-phospho-5-dehydro-2-deoxy-D-gluconate aldolase [EC:4.1.2.29]	0	0	0.0927949	0	0	0	0	0	0	0	0	0	0	0	0	0	0	0	0	0	0	0	0	0	0	0	0	0	0	0	0	0	0	0	0	0	0	0	0	0	0	0
K03340	diaminopimelate dehydrogenase [EC:1.4.1.16]	6.5495359	3.867383	0.2195031	6.5930003	0.800426	0.704987	1.8391684	3.2381589	2.9471741	9.1765195	2.6145079	34.9266895	4.7559733	0.2122709	0	24.3169942	2.2214523	1.146182	1.5032924	2.9702815	1.8964018	10.256102	3.2501627	0.1368052	8.1989336	8.796251	3.732749	26.489425	62.756748	6.6678193	1.280281	3.7443775	6.871187	4.638942	4.2384103	0.0590144	2.5315099	9.9416138	7.428959	2.155505	2.256588	3.77192
K03342	para-aminobenzoate synthetase / 4-amino-4-deoxychorismate lyase [EC:2.6.1.85 4.1.3.38]	0.146512	0	0.186145	0	0	0.495313	0	0.084285	0	0.314485	0	0	1.16712	0	0	0.0620689	0	0	0	0.576275	0	0	0.6333689	14.074	0.209875	0	0.268626	0	0	0	0	0	0	0	2.312626	0	0.0823406	0.145847	0	0	0.298444	0.333058
K03346	replication initiation and membrane attachment protein	0.3752538	0	8.6177559	1.0583399	2.2668459	0.909618	8.2680132	0.4502186	0.4635938	50.5169526	34.1118592	2.46535	1.7848	2.6744248	0.9093358	0.853711	0	3.848638	3.2355893	12.6587555	0.2485056	26.2118227	52.7516196	22.2317179	1.280708	0	1.6576379	0.1784852	0	1.0639179	2.43067	1.136868	6.5309269	2.892523	7.355673	11.1496256	0.2577121	0.0940072	0.211272	0.3333201	1.7125888	12.2053782
K03359	anaphase-promoting complex subunit 12	0	0	0	0	0	0	0	0	0	0	0	0	0	0	0	0.041156	0	0	0	0	0	0	0	0	0	0	0	0	0	0	0	0	0	0	0	0	0	0	0	0	0	0
K03363	cell division cycle 20, cofactor of APC complex	0	0	0	0	0	0	0	0	0	0	0	0	0	0	0	0.0124213	0	0	0	0	0	0	0	0	0	0	0	0	0	0	0	0	0	0	0	0	0	0	0	0	0	0
K03366	meso-butanediol dehydrogenase / (S,S)-butanediol dehydrogenase / diacetyl reductase [EC:1.1.1.- 1.1.1.76 1.1.1.304]	0.0835857	2.2171	2.62012	4.2328074	2.934386	0.216833	2.797169	0.114682	0.21102	40.8669	23.3857	0	1.62053	1.546459	1.4993088	1.142096	0	1.7644845	1.92482	6.8963	0	0.439707	0.0934067	56.1216	0.266768	0	0.930812	0.0949194	0	0.194204	1.215026	0.8493285	6.377813	2.07392	15.5645671	6.561181	0.1800988	0.0490966	0	0.213998	4.37459	5.5430431
K03367	D-alanine--poly(phosphoribitol) ligase subunit 1 [EC:6.1.1.13]	0.255236	0	12.8542252	0.7213919	0.512348	0.185672	6.873623	0.213955	0.209965	17.805379	11.579382	3.867639	0	0.2857136	0.3442459	3.456624	0.1606885	2.8380846	1.291722	4.221517	0	38.5846326	72.9835724	1.9415814	1.1167228	0.0613734	0.217681	0.2641571	15.143646	0.5815749	3.7102503	0.9879028	0.00964479	1.6974068	1.778954	16.14801787	0	0.177464	0.20120543	0.3469474	0.4473587	7.1627407
K03376	N-acetylgalactosaminide alpha-2,6-sialyltransferase (sialyltransferase 7F) [EC:2.4.99.-]	0	0	0	0	0	0	0	0	0	0	0	0	0	0	0	0.0162964	0	0	0	0	0	0	0	0	0	0	0	0	0	0	0	0	0	0	0	0	0	0	0	0	0	0
K03381	catechol 1,2-dioxygenase [EC:1.13.11.1]	0	0	0	0	0	0	0	0	0	0	0	0	0	1.74763	0	0	0	0	0	0	0	0	0	0	0	0	0	0	0	0	0	0	0.100657	0.163143	0	0	0	0	0	0	0	0.283209
K03385	nitrite reductase (cytochrome c-552) [EC:1.7.2.2]	3.0413742	3.1404761	1.98672	1.2268575	0.138764	0.3701102	1.721159	0.5071399	0.2618218	6.434049	2.558785	30.6785826	5.554318	1.99183	2.650679	14.248114	0.7456878	0.525742	0.066568	1.030174	0.505933	6.4368719	1.6117047	0.0422405	1.8486407	3.4418929	1.280357	25.7366607	63.2549733	5.2654007	0.4944816	1.5808554	12.119662	3.326784	0.1930665	0.804084	0.0941376	3.6116565	0.3605768	0.217372	0.554439	3.0044882
K03386	peroxiredoxin (alkyl hydroperoxide reductase subunit C) [EC:1.11.1.15]	2.208726	2.0281304	12.8525967	1.063851	0.189708	1.260807	4.1896347	1.1234213	1.31587905	4.3161858	5.3755429	26.709908	7.963931	8.9444568	20.6853433	7.6571052	2.252671	2.6239092	3.3545246	0.678076	1.2406075	4.613207	2.8732818	0.4466312	0.1742273	1.502008	1.3518275	6.917869	54.0217279	2.9194744	2.2596839	3.582874	20.5515816	3.487638	1.59836	2.984609	0.3575462	0.9588306	1.387056	1.490914	1.2192801	3.7563924
K03387	alkyl hydroperoxide reductase subunit F	0.0970251	0.416233	4.1846201	0.4845219	2.30772	0.4780428	10.6467443	0.631312	0.8248634	39.1220441	25.856949	20.08058	6.5944599	7.15685	23.34358	8.470181	0.573259	2.47393	2.33503	10.834	0.238547	3.0549907	0.5564765	0.6236131	0.750151	1.60449	0.357975	5.407297	55.838994	1.747194	1.6575699	1.719406	12.8874446	3.4313141	8.4629213	1.734756	1.0738479	4.342236	0.0784321	0.1777405	1.26199	8.1708894
K03388	heterodisulfide reductase subunit A [EC:1.8.98.1]	1.1948067	1.8952764	0.2648551	2.41002	0.823426	0.464086	0.5563735	3.429568	1.2476364	2.583908	1.454345	12.355186	8.0779036	0.573589	0	5.9568086	1.334346	9.128539	3.8771	13.787764	0.548337	1.875779	1.4691256	0.088619	0.190875	5.406052	1.631076	0	0.0355931	3.9602202	1.722823	2.943981	1.4585176	0.2427203	0.295992	0.4638807	0.120021	0.7020218	2.3496142	0.1233814	0.520222	0.2794226
K03389	heterodisulfide reductase subunit B [EC:1.8.98.1]	0.3551517	0.389541	0.191245	1.195714	0	0.0444815	0.0356703	1.9411	0.2426704	0.4695659	0.100273	6.500752	3.8130132	5.16815	0.772346	6.662839	0.737782	0.0585978	0	0.61443	0.129442	0.975488	0.5111178	0.0530419	0.172432	0.373737	0.0580384	0.0814163	0	4.7703552	0.601052	0.4485162	1.018135	0.142794	0.123406	0	0	0.6556521	1.9914885	0	0.117702	0.0451241
K03390	heterodisulfide reductase subunit C [EC:1.8.98.1]	0.0466117	0.225087	0.4487165	2.075265	0.0403129	0.147964	0	7.517541	0.6571454	0	0.0424237	0.0621382	0.115177	8.2439987	0.805392	1.04518	5.851286	0	0	0.126711	0.0893261	0.392104	0.13218	0.051005	0.287828	0.211933	0.151338	0.0694946	0	7.9008936	0.5166945	0.1604193	0.447138	0.430305	0.221301	0	0	0	7.9146965	2.18346	0.177371	0.347386
K03392	aminocarboxymuconate-semialdehyde decarboxylase [EC:4.1.1.45]	0	0	0	0	0	0	0	0	0	0	0	0	0	0	0	0	0	0	0	0	0	0	0	0	0	0	0	0	0	0	0	0	0	0	0.216783	0	0	0	0	0	0	0
K03394	precorrin-2/cobalt-factor-2 C20-methyltransferase [EC:2.1.1.130 2.1.1.151]	6.749941	7.2102914	5.1580167	24.77488	10.6725965	19.370501	24.6160681	14.4203022	14.5403	7.3735107	22.0923111	18.6701636	5.1039404	10.5409676	4.1475887	12.4770722	7.3980759	9.92637	14.3725471	14.32606	28.474837	10.621706	6.6238373	21.038035	4.0993921	10.0750224	19.845232	5.239596	46.1084	8.786058	13.6264146	28.5892936	15.4425309	24.631796	16.3850703	5.1124848	11.4677903	11.2571944	16.3984269	20.67922	8.9329972	14.6190366
K03399	cobalt-precorrin-7 (C5)-methyltransferase [EC:2.1.1.289]	0.133185	0	0.315982	0	0	0	0	1.93436	0.109516	0	0	0.354178	0.231591	0.1265448	0	0.307434	0.668279	0	0	0	0	0.788159	0.929032	0	0	0	0.288521	0	0	3.775648	0	0	0.045739	0	0	0	0	0	2.863919	0.239121	0	0.141947
K03402	transcriptional regulator of arginine metabolism	54.4934885	63.2131047	42.4670906	31.004298	103.2902472	56.8277374	58.3536827	37.236993	49.1727353	54.5280817	20.5811128	41.7709053	45.3033022	13.7185742	29.0708006	44.3802803	17.1253315	31.2109274	39.3938816	61.2251046	44.2503293	96.2187269	174.8492034	12.5521011	34.5115809	51.4508601	52.0917177	65.0221252	74.56554	27.3614255	52.2957632	35.3168395	62.8611445	33.1841122	29.3440436	15.2466534	74.4681294	58.9858404	59.2793186	81.9919836	82.5034112	38.7412695
K03404	magnesium chelatase subunit D [EC:6.6.1.1]	0	0	0	0	0	0	0	0	0	0	0	0	0	0	0	0	0	0	0	0	0	0	0	0	0	0	0	0	0	0	0	0	0	0	0	0.714656	0.322465	0	0	0.208957	0	0.571497
K03405	magnesium chelatase subunit I [EC:6.6.1.1]	0	0	0	0	0	0	0	0	0	0	0	0.391753	0.522753	0	0	0	0.363004	0	0	0	0	0	0	0	0	0	0	0	0	0	0	0	0	0	0	0.72422	0	0	0.0479745	0.25689	0	0
K03406	methyl-accepting chemotaxis protein	5.7447213	4.6079266	29.9664675	13.5531278	8.2600157	2.9594988	14.732529	44.286517	36.6631438	13.7689278	0.882613	0.848044	13.3485271	3.9768071	0.232505	9.088092	2.7733172	63.7638134	62.2529542	3.616271	8.93483	78.7071836	143.6218553	14.422949	6.0955346	17.7113549	3.6739007	8.5002761	0.499353	11.7524907	7.0918503	9.853837	63.375492	3.7817628	15.1603797	10.151242	15.5254	7.29525	1.2063534	19.1011325	22.539698	9.468894
K03407	two-component system, chemotaxis family, sensor kinase CheA [EC:2.7.13.3]	1.117848	1.3434386	12.1754836	0.395293	0.204545	0.0074084	0.7837214	0.7465583	0.4865333	0.6177853	1.989607	0.1948773	1.7777587	0.6762507	2.6585564	4.691986	0.3598876	2.605808	3.1710943	0.139816	0.229216	36.2866176	66.543329	0.505026	0.726076	11.8039122	0.4834994	0.2201726	2.68636	1.30336807	0.5277152	0.2671018	6.717418	1.9831354	0.748215	0.0363458	0.4689118	0.8313734	0.6366512	0.0798055	0.568454	0.7504478
K03408	purine-binding chemotaxis protein CheW	0.1175964	0.526397	26.3570084	0.9200616	0.140443	0.0716811	1.895028	2.777329	1.300215	0.811417	0.381568	0.0196842	7.152654	3.189135	19.17944	1.311959	0.424832	10.534144	7.668045	0.514307	0.497553	76.635982	151.6641938	1.511039	0.431431	1.787791	0.3077519	0.9063517	0.1970694	1.9402956	2.064501	0.4716206	10.0340155	1.8451227	1.4882289	2.7580096	0	0.231979	0.0447637	0.6384113	2.275658	1.523214
K03409	chemotaxis protein CheX	0	0	0.0724428	0	0	0	0	0	0	0	0	0	0	0	0	0.106976	0	0	0	0	0	0	0	0	0	0	0	0	0	0	0.0440971	0	0.536114	0	0.1238741	0	0	0	0	0	0	0
K03410	chemotaxis protein CheC	1.0899237	2.0554752	12.4166618	0	0.0903488	0.1425254	0.5945432	3.4527073	0.752083	0.7824894	1.8021147	0.9072243	2.6583058	0.1880941	0.0252122	3.575954	0.642409	6.445742	7.598226	0.958187	0.4900251	37.0242613	67.338439	1.315249	0.581583	2.057658	0.1405031	1.814857	0	4.6162005	0.5321008	1.224133	1.7117455	1.334388	0.942066	0.344631	0.8148197	2.5445512	0.048639	0.5752583	1.8921913	4.087331
K03411	chemotaxis protein CheD [EC:3.5.1.44]	1.2575642	0.986798	1.0247465	0	0	0.151193	0.220226	0.3004042	0.267663	0.7652176	2.601691	0.55343	1.1521585	0.0779222	0.043771	3.71608	0.16584	1.241761	3.985122	0.47619	0.783899	0.332189	0.172508	0.3318025	0.616775	0.592405	0.0516608	1.708335	0	1.62203	0.2739416	1.096123	13.7667244	2.0952588	0.888131	0.057249	0.809649	2.69442	0.0826717	0.2885666	0.53371	3.2749516
K03412	two-component system, chemotaxis family, response regulator CheB [EC:3.1.1.61]	0.0574712	0.130663	12.5392721	0.249029	0	0.00878563	0.0286512	1.2808985	0.472776	0.00914838	0.421976	0.00956153	2.8390115	1.069482	6.4728151	0.7752027	0.0186286	5.126583	5.366373	0.390174	0.384955	36.6927867	72.9264712	0.679285	0.217051	0.719118	0.1198526	0.5046227	0.0989207	0.210371	0.2307333	0.1773675	17.7499647	0.0284037	1.259941	0.3274641	0.124267	0.3817061	0	0.134246	0.530367	0.142019
K03413	two-component system, chemotaxis family, response regulator CheY	0.2731163	1.313491	2.275358	0.6582418	0.3533614	0.349633	1.1784752	4.1320656	1.022376	1.1259617	0.8463939	0.9042366	8.787531	4.1981695	11.8027948	0.6986442	0.5092974	3.41776	4.6469716	2.4098874	4.170351	1.5223231	1.6620859	4.5995681	0.233922	2.4738955	0.3737877	1.446056	1.01737	4.5392768	0.987478	1.8555468	31.6891011	4.9075812	1.7121354	2.6295825	1.106002	3.2546702	0.3350817	0.837389	0.9076717	5.3067145
K03414	chemotaxis protein CheZ	0	0.328689	1.93649	0	0	0	0.464971	0.106863	0	0	0.3102495	0.0509553	5.68006	3.37452	12.914	0	0.278912	0	0	0.0315516	0.0294044	0.0690453	0.0322674	0	0	0	0.242174	0.336943	1.785191	0.0201072	0.110266	0.0357905	19.188005	1.483245	0	1.38251	0	0.0147949	0	0	0	1.042783
K03415	two-component system, chemotaxis family, response regulator CheV	2.8098718	2.156834	5.177447	2.689326	5.8772728	1.3079646	11.017614	17.905329	21.361372	12.0322704	2.383792	0.0872387	8.002277	2.057835	0.3363681	5.873664	2.3714962	12.43589	23.5175	1.899103	6.338374	1.2116899	0.1756538	1.352608	0.908263	4.5504092	0.6841767	3.918023	0	4.7091021	2.187392	8.2561168	3.97118	1.8161729	10.6402118	0.3288473	12.588553	7.357613	0.562829	10.7959647	7.840523	5.904418
K03416	methylmalonyl-CoA carboxyltransferase 5S subunit [EC:2.1.3.1]	0	0	0	0	0	0	0	0	0	0	0	0	0	0	0	0	0	0	0	0	0	0	0	0.0576787	0	0	0	0	0	0	0	0	0	0	0	0	0	0	0	0	0	0
K03417	methylisocitrate lyase [EC:4.1.3.30]	0	0.198402	3.5670848	0.0201313	0	0.0721151	0.526401	0	0	0.0283594	1.473192	0.170195	1.70583	0	1.65948	0	0	0	0	0	0	0	0.155184	0	0	0	0.149883	0.0341131	4.46254	0.0622634	0.173706	0	17.787742	1.29364	0	0	0	0.015694	0	0.0464228	0	1.2517709
K03420	proteasome regulatory subunit	0	0	0.377585	0	0	0	0	7.08522	0.263793	0	0	0	0	0	0	0	5.366548	0	0	0	0	0	0	0	0	0	0	0	0	8.54081	0	0	0	0	0	0	0	0	7.71459	3.32052	0	0
K03421	methyl-coenzyme M reductase subunit C	0	0	0.363693	0	0	0	0	1.59587	0.0954945	0	0	0	0	0	0	0	0.609543	0	0	0	0	0	0	0	0	0	0	0	0	2.0777	0	0	0	0	0	0	0	0	2.47139	0	0	0
K03422	methyl-coenzyme M reductase subunit D	0	0	0.301966	0	0	0	0	2.27515	0.116288	0	0	0	0	0	0	0	0.470102	0	0	0	0	0	0	0	0	0	0	0	0	3.17503	0	0	0	0	0	0	0	0	2.19547	0	0	0
K03424	TatD DNase family protein	25.1193919	62.7343011	57.0584134	33.807813	131.6716027	92.0172633	62.4342928	40.296178	31.9982452	54.3240868	47.2943003	28.8650416	60.7993264	22.8382994	69.1449409	29.7221437	23.8438427	29.3930703	26.2309046	59.9096717	13.2980179	78.2877912	148.7000767	43.9617661	15.2495155	54.167219	71.91112	16.9540178	63.6738359	18.5581654	53.2902612	29.0556003	61.2551702	18.0465351	39.3113598	10.4871263	64.0917364	37.3311479	39.6868793	32.7615914	44.5350605	37.2470371
K03425	sec-independent protein translocase protein TatE	0	1.17171	17.346831	0	0	0.4694085	5.8658369	0	0	0.0497647	0	0.0700636	7.53713	17.01198	41.6761	0.327899	2.092618	0	0	0.0566526	0	0.221104	0.39566	0.0140139	0	0.0369846	0.3033489	0.2239266	0.116271	0.0595319	1.512554	0.1240552	18.28822	2.9678633	0.480536	2.764054	0	0	0	0	0	3.334751
K03426	NAD+ diphosphatase [EC:3.6.1.22]	28.4812938	58.1696642	26.293201	20.9105354	97.136	17.9797656	25.4238637	25.7555284	25.4909097	11.3628108	30.8055289	19.1799405	21.988449	17.274961	11.8418063	18.4317138	23.316443	15.612404	10.2236053	40.891723	62.5987266	28.6597675	57.6940846	3.6399477	9.512089	40.4090831	41.7821614	32.6609273	65.008583	11.1395893	21.4639026	27.4854634	33.4425139	35.454816	17.4297534	8.656088	17.1481051	23.6942237	36.132181	59.9698219	56.0868263	4.6344378
K03427	type I restriction enzyme M protein	24.7491605	46.0559712	20.0299548	29.961667	109.2147307	16.466565	24.2723789	23.6757491	40.4920197	73.6029906	60.6091181	11.8086245	33.1711654	37.6378336	7.2629425	21.363965	24.0286567	25.4374722	34.3667717	29.4975846	32.209318	62.3538809	70.1542294	34.2224222	6.6157479	45.0595774	36.2861636	45.15615	2.2073095	34.5203287	35.9614712	26.7698978	22.0471688	19.9347499	49.9252029	31.5827244	42.7707558	32.7239924	28.7921228	22.2653969	42.7232514	43.8337021
K03429	processive 1,2-diacylglycerol beta-glucosyltransferase [EC:2.4.1.315]	5.472468	1.224406	4.3973304	6.36734	6.842568	2.219214	10.650184	15.9214624	21.6530553	10.8713933	0.437019	12.14188	8.804261	2.1872	0.16634	1.0896312	2.2637091	8.6924386	15.893162	3.725351	6.8577	5.55603	2.4783139	0.247453	2.61662	2.8163359	1.6375972	4.5878111	28.25983	3.1132623	3.2664355	8.62448	5.034648	3.0391393	11.626845	0.169409	15.6932457	7.846107	1.3594695	12.800808	7.8106126	7.292317
K03430	2-aminoethylphosphonate-pyruvate transaminase [EC:2.6.1.37]	0.0813435	0	3.39088	0.669988	0.268481	0.330643	1.8353057	0.7036696	0.0737108	1.71966	1.6028	18.685863	4.977887	0.605178	0.147565	12.947474	0.871402	0.462398	0.0793645	0.641942	0.7126486	3.4879483	3.485419	0.6194944	1.03703	1.97058	0.815267	24.152811	53.1948651	6.2131549	0.2774185	0.407393	13.2305042	3.710362	0.4911253	0.131634	2.886096	1.5897471	0.136818	0.0467194	0.9166233	1.0010226
K03431	phosphoglucosamine mutase [EC:5.4.2.10]	68.3619975	89.6324373	51.3975646	78.9818517	143.3132674	92.3155802	95.436028	69.1889953	71.3253	68.3250582	71.9868557	7.5958843	55.4197579	53.5864149	15.5324869	16.5565765	69.1564486	52.1203354	67.3998793	104.7399528	84.6641307	92.1791967	154.8831623	44.8348333	33.3250258	62.1956408	100.6988567	20.2362913	10.3723222	37.4366876	131.7820086	82.3955877	71.2504416	84.1421366	70.9672868	24.5265681	122.235034	95.5130165	122.9444253	123.8338851	81.7007266	53.8117245
K03432	proteasome alpha subunit [EC:3.4.25.1]	0	0	0.172901	0	0	0	0	6.62312	0.2040384	0	0	0	0	0	0	0	3.861357	0	0	0	0	0	0	0	0	0	0	0	0	6.94616	0	0	0	0	0	0	0	0	7.10492	2.60453	0	0
K03433	proteasome beta subunit [EC:3.4.25.1]	0	0	0.272028	0	0	0	0	7.68669	0.3531563	0	0	0	0	0	0	0	5.419676	0	0	0	0	0	0	0	0	0	0	0	0	9.09311	0	0	0	0	0	0	0	0	8.65158	2.96237	0	0
K03435	LacI family transcriptional regulator, fructose operon	0	0.184161	2.9438	0	0	0.278417	3.44689	0.0181888	0	0.277084	0.493951	0.0688344	5.43021	3.88182	6.4188	0.144966	0.0124788	0.0174593	0	0	0	0.0147818	0.086415	0.0154733	0	0	0.112672	0.243841	1.34629	0.0130623	0.419097	0	6.685926	1.6402	0.222564	0.331872	0	0.0509463	0	0	0	1.68938
K03436	DeoR family transcriptional regulator, fructose operon	38.848758	26.1231824	2.7487541	19.5790848	19.0604526	15.404186	11.851511	4.3833905	5.801397	10.193736	8.5930573	0.0391966	1.971202	1.5927302	0.2040182	0.4246656	1.130674	5.5165969	11.45915	26.46849	17.8507413	0.592802	1.520517	9.037803	0.3181564	6.903426	4.709924	0.8949131	0	3.698377	1.5448006	5.2058294	20.4384803	14.2113248	3.935774	6.1341411	23.30009	34.6356196	43.4679744	71.407281	3.2142974	11.9049868
K03437	RNA methyltransferase, TrmH family	9.0188298	13.2652817	11.8805446	18.469371	18.0184643	56.5795644	53.0653073	21.0997426	23.4702602	14.8927887	32.0816361	25.242639	18.0999236	37.5389657	6.5771589	26.0863045	35.8243789	13.9819627	17.3156938	42.8683509	55.8145845	15.4199581	15.2673316	31.7001022	8.231732	22.0875206	35.2569662	10.4212512	64.918647	15.3960007	44.3107875	44.0986051	26.6458284	32.2715259	23.3705231	12.9721068	41.5776055	25.4088282	31.6599488	44.3928233	36.2230452	7.5972803
K03438	S-adenosyl-methyltransferase	66.3885174	72.1999279	46.3141181	84.7761407	142.5795967	73.4908326	84.8381072	78.3852711	87.8170096	105.2018065	81.0083875	29.4313946	65.5924332	53.8660052	19.2487128	38.4723473	51.158346	42.9490239	55.6524822	108.2887843	87.1412708	81.751053	142.0344174	43.1558567	20.7925825	65.9877552	79.486793	66.4280983	50.001726	39.4625214	121.360505	79.3572189	74.6281758	56.9654473	75.0553164	29.0220363	107.0217406	75.0095666	114.6893664	110.2852101	93.3091405	57.3502074
K03439	tRNA (guanine-N7-)-methyltransferase	61.5614301	78.9272004	34.3584123	42.4915873	122.3090891	66.4676979	54.203164	34.7335132	32.003608	70.2166119	52.9299061	39.9849317	33.3490026	14.1562227	9.9293105	26.9580481	14.1346877	28.4449642	25.7216821	65.1627418	41.8858227	77.5225978	129.0097928	55.0778141	20.6893647	64.671581	78.31765123	26.6293804	80.2671924	19.4453857	39.1250778	26.7902021	38.8291812	19.5493455	37.6634535	17.3291628	54.3620566	53.4249218	64.8997659	105.2874913	72.1661441	32.7677049
K03442	small conductance mechanosensitive ion channel, MscS family	2.7676678	2.534827	6.9189	5.9111502	2.047491	6.472726	11.885844	10.7316915	8.084115	5.7524943	18.331164	2.0558177	12.3085666	14.6767027	30.3038054	17.2685281	16.651279	5.0228484	4.3280763	9.3935123	28.2684527	4.2543451	3.338477	4.4160119	1.6691857	7.034778	3.855243	21.3580882	5.24273	9.460467	12.75598	22.421308	25.485647	27.2896248	7.4635786	4.9680198	4.4061051	5.0172697	11.859626	7.3428341	2.600843	3.3458623
K03445	MFS transporter, DHA1 family, purine ribonucleoside efflux pump	0	0	1.41013	0	0	0	0.24419933	0.0729061	0	0.0407485	1.34677	0	0	1.40198	0	0	0.339012	0.01330887	0	0	0	0.0221183	0.100999	0	0	0	0.185242	0	3.952567	0.037215	0.0119376	0.0102664	5.217765	0.329772	0.0795595	0	0	0.02320157	0	0	0	0.3778586
K03446	MFS transporter, DHA2 family, multidrug resistance protein B	0.0750187	0.469959	4.16252	0	0	0.39889	2.806061	0.0191449	0	0.9196445	4.492825	0.47964	1.973778	4.11368	1.28974	0.1999978	0.37785	0.2272255	0.240533	0	0	0	0.0739566	0	0	0	0.283385	0.5270874	4.11047	0.059789	0.887046	0.438809	10.9010761	1.46369	0.117166	0.442607	0	0.4635971	0	0	0	1.55077
K03449	MFS transporter, CP family, cyanate transporter	0.2682178	0.0646215	4.0895535	1.7468917	0.4215955	1.1060512	0.798067	0.0412744	0.0773173	2.7776756	1.9515744	0.857877	4.486172	2.6801109	12.5518914	1.4448962	0.671883	0.0194651	0.400562	0.687903	0.160388	1.4376265	1.9277783	0.789033	0.3185828	0.265485	0.6470907	0.4274462	0.0565454	1.4389791	3.5592375	0.765676	13.579357	1.412661	0.1724997	2.504591	0.2119489	0	0.121563	0.1623011	0.443322	2.9101924
K03451	betaine/carnitine transporter, BCCT family	0.75795	1.707583	4.065934	0.818071	0	2.9842509	8.66184946	10.352526	6.82855	15.401733	19.862854	0	2.489328	10.90626	9.464744	5.403511	5.997105	1.124605	1.395638	7.84119	24.7046191	0.4632661	0.2329249	4.3726138	15.453111	2.68716	2.95688475	2.2180352	0	4.0128831	9.3294808	18.726159	8.534483	33.745417	1.9862608	1.784644	0.7011813	0.8934268	3.0672169	2.68408	24.748922	1.7291137
K03453	bile acid:Na+ symporter, BASS family	49.839177	32.920154	8.8235668	14.389776	24.975	32.8277509	44.105115	21.1623833	25.1989304	19.7683108	45.8062173	4.7579394	10.230253	25.010789	9.224022	17.121195	39.2406346	9.5583269	7.293844	64.891443	101.050642	10.933454	7.9981563	5.437975	36.28157	23.193845	32.257921	24.9137908	0.2441454	17.3690295	29.6391128	60.2550038	37.3879064	72.665064	22.4090969	6.7117766	36.1488985	46.4301674	75.479783	82.6385385	77.182999	11.6836153
K03455	monovalent cation:H+ antiporter-2, CPA2 family	0.44546	2.10001	1.8913686	0.3341725	0	0.742214	5.342777	0.4834599	0.106207	2.5434629	3.3030992	4.5919294	5.382671	2.501786	1.056622	7.412551	0.8053274	0.6849339	0.0508237	0.668286	0.6479821	3.9759551	1.6741514	0.558387	1.390091	2.884906	0.9972136	26.7866414	3.999263	2.2865845	0.6627123	1.681126	11.2090031	5.8295563	0.2999533	0.426299	2.36613	3.6796219	0.2487957	0.1554511	0.0416356	1.9654494
K03457	nucleobase:cation symporter-1, NCS1 family	0	0	1.7108666	0	0	0.0786059	1.714721	0	0	0.328513	0	0	0	5.258836	0	0.451247	0.0928252	0	0	0	0	0	0	0	0	0	0	0	0	0	0.5326486	0	0.1008707	0.0941079	0.25226	0	0	0	0	0.1258242	0.0521918	0.718352
K03458	nucleobase:cation symporter-2, NCS2 family	0.302593	0.224494	0.0801856	0	0	0	0	0.571168	0.211761	0.470381	0.403692	0	0	0	0	6.409607	1.447596	0.424905	0.183673	0.0454417	0	0	0	0	0.211016	0.4331753	0.0605208	0	0.133712	0.949295	0.743508	0.770213	0.0489731	0	0.485973	0.632541	0.0680421	0	0.333248	0	0	0.1444021
K03459	formate transporter	0	0	0.702865	0	0	0.0227149	0.205853	0	0	0	0	0	9.39011	3.95704	28.35422	0	0.174878	0	0	0	0	0.0535495	0.0342534	0	0.0216075	0	0.1553135	0.1359976	0	0	0	0	3.664762	0.349507	0	1.197729	0	0	0	0	0	0.457613
K03462	nicotinamide phosphoribosyltransferase [EC:2.4.2.12]	0	0	0.260273	0.0927172	0.0511163	0.492398	0	1.40669	0.0615057	0.196139	0	0	0	0	0.0200711	0.0718683	0.5282039	0	0	0.0517189	0.0456254	0	0.85809	0.0907328	0.246308	0	0	0.0584259	0	2.41983	0.0509252	0.284057	0	0	0.0649373	0.578511	0	0	1.68164	0	0	0.269014
K03464	muconolactone D-isomerase [EC:5.3.3.4]	0	0	0	0	0	0	0	0	0	0	0	0	0	0	0	0	0	0	0	0	0	0	0	0	0	0	0	0	0	0	0	0	10.3672	0	0	0	0	0	0	0	0	0
K03465	thymidylate synthase (FAD) [EC:2.1.1.148]	18.4970426	13.2166184	14.52175	13.501724	29.7256669	56.186015	50.719724	22.8183026	26.068802	13.400243	16.529834	2.006768	16.643012	20.2999794	3.713877	5.664585	19.782564	31.4695441	55.4761964	19.44366	20.13706	14.50454	10.5486758	30.989841	19.868298	20.981643	8.5183457	10.289931	0.6624443	18.5849802	16.7712154	22.1069459	22.015114	23.297664	36.6711237	26.6684409	57.894945	42.062345	25.9261683	62.4427852	36.975032	35.850524
K03466	DNA segregation ATPase FtsK/SpoIIIE, S-DNA-T family	20.9444168	33.767857	31.24854347	13.5678476	73.5151384	31.63801886	17.98745657	21.7088946	16.5792893	49.754544	34.5903103	4.2899475	31.0629332	3.8727921	3.1434368	12.828662	9.22476885	13.5906357	7.7783823	41.5540721	11.2971081	98.69328983	172.41398309	18.7004615	1.3077301	26.924033	26.7671424	18.30230779	0.1570427	7.3227997	37.50697858	17.7674017	27.8628745	8.02536563	18.3652836	14.15101471	18.16226484	8.5045162	7.2031537	6.9576375	18.9738197	27.01963164
K03468	putative efflux transporter, PET family	0	0.332511	5.15993	0	0	0.0148235	1.272069	0.0116703	0	0.1415769	0.325225	0.0136006	3.80175	3.72125	18.6546	0	0.139607	0.0279457	0	0	0	0.0338136	0.121112	0	0	0	0.188169	0.170733	1.22099	0.0184522	0.174698	0	6.65647	1.4771775	0	1.14305	0	0.00994788	0	0	0	1.604445
K03469	ribonuclease HI [EC:3.1.26.4]	12.68853	4.1426138	9.9607417	5.1707256	3.3429416	20.289275	15.9598119	10.324386	6.2286245	9.4935427	5.1434534	7.102568	22.2452409	7.7131027	24.0633281	20.132397	7.6055383	3.6795901	3.2938826	5.8337871	3.5945784	8.900354	11.840329	2.86242	2.6465189	10.2143464	10.3958808	32.4779732	6.965125	13.6281738	27.0519753	10.3692844	28.4774385	9.4756324	2.2403265	2.7307007	12.2173967	5.0469196	6.9917732	1.9864189	2.672485	11.5335279
K03470	ribonuclease HII [EC:3.1.26.4]	65.0361367	82.0233834	34.0512841	58.424341	132.4967738	38.9731956	33.3635241	43.4474862	32.697996	56.9980247	53.360001	40.7986303	51.47428	62.9324702	12.0649468	45.2839693	32.3180944	20.5831912	17.6616923	68.5626213	50.0638925	56.208011	86.6756872	31.8586495	21.1091545	72.9991294	73.639954	66.5877196	86.9743838	39.1318974	82.2439728	35.6669664	64.2737692	28.0776905	44.6510857	29.7348153	53.4587207	51.4786379	93.4539452	85.8694853	57.4651627	41.4168773
K03471	ribonuclease HIII [EC:3.1.26.4]	0.409834	0.344002	2.1668433	1.4076895	2.101092	0.9817092	9.3209898	1.8501581	1.0037234	55.915711	36.3516896	1.882044	1.5803843	2.2553198	1.2154866	2.1269473	0.3270255	3.36806	2.862484	14.1282849	0.234328	0.6269	1.2878195	22.6478154	1.4485639	0	1.30718	0.196467	3.82235	7.213219	2.880891	2.0188499	0.52998	2.5852695	5.75664	7.4125893	0.4365145	3.0582288	1.91805	0.45721	2.363425	8.3734506
K03472	D-erythrose 4-phosphate dehydrogenase [EC:1.2.1.72]	0	0.280519	5.008249	0	0	0.2925401	2.9891874	0.0429567	0	0.125071	1.278313	0	2.666647	3.639271	13.85015	0.692507	0.3501674	0	0	0	0	0.0610641	0.3604003	0	0	0	0.1041909	0.3045147	3.704031	0	0.874972	0.0151295	9.520758	2.074434	0.363917	0.633127	0	0	0.0340154	0	0	2.320242
K03473	erythronate-4-phosphate dehydrogenase [EC:1.1.1.290]	0.885612	0.966168	4.362753	0	0	0.3422953	3.1944308	1.4454161	0.092644	1.692212	0.226912	20.12624	6.33308	5.71914	18.5329	13.027293	0.733223	0.414771	0	0.1344	0.125824	3.2170052	1.5601009	0	0.693099	1.886884	0.3035655	9.380978	61.223597	3.317529	1.1758222	1.2206285	15.119966	1.2308988	2.728126	1.41207	0.6035313	2.82039	4.958013	0.9093356	0	2.494742
K03474	pyridoxine 5-phosphate synthase [EC:2.6.99.2]	2.0263757	2.828099	4.65796	0.0782037	0	1.2103257	6.985704	2.9091956	0.3323015	9.9822831	3.549596	58.280947	34.0833543	5.789915	14.9217917	30.07149	1.8238643	1.5375188	0.11683	1.460808	1.180239	10.267868	10.302683	1.0966099	2.8812959	8.336367	1.831582	45.4300843	68.986206	9.1131724	1.312715	2.700005	26.5655177	15.9299345	4.7576654	0.860373	5.035017	34.1024455	10.01569	1.0790674	0.153421	3.003637
K03475	PTS system, ascorbate-specific IIC component	37.188678	26.1306574	4.158832	25.6571552	33.4747283	42.143228	39.03867	6.7815051	12.58439	23.453451	16.83113	0	4.546068	7.97517	14.1502	0.72262	1.3416909	5.758035	14.3581074	70.3881692	49.6489439	6.044994	9.178679	1.533558	11.53707393	12.51626	6.5000406	2.575012	5.69116	4.7925331	2.2073089	8.4065352	31.8674	25.3406269	6.0724494	2.3873214	50.83989	67.5111078	107.8343	196.1837	177.7625585	2.9091364
K03476	L-ascorbate 6-phosphate lactonase [EC:3.1.1.-]	36.329989	26.377615	10.787128	47.418	47.5799	16.368924	17.69457173	7.1764499	10.7222587	8.6395266	7.327985	0.6629	11.114877	12.81196	32.53409	1.174604	14.638812	10.7665309	8.776446	44.20704	61.72126	4.3031045	5.2489201	0.878178	10.7877	9.10707	24.6489668	2.1991653	1.159266	13.505901	7.101733	17.5534601	22.935171	24.45271	4.154683	16.33935	23.7553	29.0152249	58.7123	110.257	56.821807	7.9751681
K03477	DeoR family transcriptional regulator, ulaG and ulaABCDEF operon	0	0.551882	4.68357	0	0	0.0240372	0.904322	0.116386	0	0.368068	0.481502	0	7.5491	4.03408	22.6735	0	0.470836	0.0367994	0	0.037696	0	0	0.121878	0.0157365	0	0.0361702	0.126614	0.0512836	0.70223	0.0456804	0.30053	0.0181128	10.6529	2.17546	0.0368244	0.798755	0	0	0	0	0	2.14457
K03478	hypothetical protein	0	0.0890536	5.9170109	1.26522	0	0.3177495	1.2658225	0.0947979	0	0.701118	0.630434	1.03944	8.82114	4.648026	30.1383	0.494272	0.529198	0.124504	0	0	0	0.2306077	0.5069647	0	0	0	0.241167	0	1.32881	0.1740011	0.3371546	0	6.352417	0.962135	0.213046	5.404477	0	0.1800768	0	0	0	2.1428187
K03480	transcriptional antiterminator	0	0	0.0430389	0	0	0	0	0	0	0	0	0	0	0	0	0	0	0	0	0	0	0	0	0	0	0	0	0	0	0	0	0	0	0	0	0	0.0214833	0	0	0.163881	0	0.0486413
K03481	RpiR family transcriptional regulator, glv operon transcriptional	0	0	0.2698818	0	0	0	0.110607	0.275959	0.0451202	0.255295	0.665716	0	0	0.0956822	0	0	0.2710909	0	0	0.0386152	0	0	0	0.033765	0	0.106265	0	0	0	0	0.4051005	0	0.0815826	0.23102	0.0338171	1.147267	0	0.281553	0	0.0573458	0	0.217015
K03482	GntR family transcriptional regulator, glv operon transcriptional	0	0.126198	2.0604	0	0	0.0591971	0.4971	0	0	0	0	0	11.7182	2.41006	7.18973	0	0.16233	0	0	0	0	0	0	0	0	0	0.0984803	0.0735393	0	0	0	0	3.2835289	0.5323013	0	0.382691	0	0	0	0	0	0.745599
K03483	mannitol operon transcriptional antiterminator	0	0.0622507	0.923709	0	0	0	0	1.28011	0.351205	2.825841	4.5271249	0	0	0.689142	0	0.1220076	0.747254	0	0	0	0	1.00731	0	0.916495	0	1.15958	0.248444	0	0	0.95804	0.0264087	0	0	0.2790653	3.2077513	0.371351	0.1463536	0.3718359	0	0	0	4.9051597
K03484	LacI family transcriptional regulator, sucrose operon repressor	84.855445	102.473744	35.428874	49.7621144	143.4886618	67.4332165	63.2354843	41.51382	49.249062	31.8070595	47.9298683	1.8378533	17.1565017	29.0386389	8.1839947	6.4086035	38.774915	31.9146628	48.4197536	103.9808324	105.9368065	83.2145841	151.246423	33.3402897	30.4050688	81.124269	115.6054836	5.3485448	5.17236	17.217422	27.5078227	47.601506	43.8515293	61.9931356	41.7101775	21.9577482	56.7556519	64.8702777	99.5494761	147.311901	118.280261	6.8536604
K03485	LacI family transcriptional regulator, trehalose operon repressor	0	0.3566647	1.34197	0	0	0.179521	1.564402	0.0994309	0	0.0313458	0.941241	0	0	3.7868	0	0	0.407887	0	0	0	0	0.027019	0.3440779	0.0211903	0	0	0.355702	0.0930212	3.4619	0.0693792	0.2217051	0	11.53758	2.3298	0	1.00398	0	0.132097	0	0	0	1.58029
K03486	GntR family transcriptional regulator, trehalose operon	0.532122	4.5666	2.2967409	7.8803371	6.11721	19.9437	25.2719982	2.90812	6.7442	4.498328	7.61031	2.00397	2.4072937	7.98691	1.7811471	1.08148	5.3146192	4.5696188	7.61908	0.663587	0	2.986915	1.55296	13.788696	4.807816	6.18913	22.5642	0.0494734	12.6273	2.02764	20.616679	9.272714	0.65659	1.1178642	5.839096	1.6690471	9.8044113	4.8955	4.560018	21.6207606	1.71458	2.8816474
K03487	LacI family transcriptional regulator, asc operon repressor	0	0	3.89389	0	0	0.0412271	1.193821	0.0321552	0	0.0280133	0.2816161	0	6.95456	4.15529	24.3293	0	0.373272	0	0	0	0	0.0172219	0.1616016	0	0	0	0.139585	0.145285	0	0	0.0677265	0	3.94177	1.188667	0	0.659119	0	0	0	0	0	0.566726
K03488	beta-glucoside operon transcriptional antiterminator	27.357133	58.69971	18.156078	51.4711101	143.6430597	82.1975144	50.1655965	20.2166971	21.254582	8.4314348	13.220979	3.595374	22.198421	7.8204372	4.5498271	4.3017995	13.770787	16.1547612	14.3606993	37.660721	28.622175	29.7337858	66.865539	4.871361	0.842568	74.072876	109.6829268	11.34537	3.623514	13.4103829	71.652406	26.6153046	21.600697	1.0393694	25.979481	3.9910819	55.6140003	26.3476859	21.933787	24.9472384	26.590891	16.3662538
K03489	GntR family transcriptional regulator, transcriptional regulator of	0	0	20.9802353	0	0	0	0	0	0	0	0	0	0	0	0	0	0	3.60935	2.980559	0	0	70.7408	134.7	0	0	0	0	0	0	0	0.601202	0.0388565	0	0	0	0	0.0464648	0	0	0	0	0
K03490	AraC family transcriptional regulator, cel operon repressor	0	0	2.55853	0	0	0	0.0595782	0	0	0	0.0428608	0	6.28458	3.0755	23.3758	0	0.268948	0	0	0	0	0	0.013662	0	0	0	0.145638	0.0254746	1.22741	0	0	0	4.6579404	0.508625	0	0.713611	0	0	0	0	0	0.147193
K03491	lichenan operon transcriptional antiterminator	1.26204	0.0648766	0.389356	0	0	2.07147	9.1629627	0.227579	0.184494	0.6387222	3.0192953	0	0	7.28634	3.88717	2.540824	14.8302	0	1.79137	0	0	0	0	0.059535	0	0	0	0	0	0.793445	10.2059337	21.3177141	3.97735	22.9612359	0.6229775	1.399634	0	0.655057	4.21217	0.181972	0	0.160817
K03492	GntR family transcriptional regulator	0	0	29.2863635	0	0	0	0	0	0	0	0.260294	0	0	0	0	0	0	5.2413416	0.85855	0.3398086	0	87.4203499	170.3875	2.14595	0.197977	0.0510361	0.257894	0	0	0.0488224	0.817457	0.434792	0	0.0194919	0.0457653	0.588756	0	0	0	0	0	0.5571398
K03493	transcriptional antiterminator	0	0	0	0	0	0	0	0	0	0	0	0	0	0	0.0727834	0	0	0.0455332	0	0	0	0	0.0491818	0	0	0	0	0	0	0	0	0.452129	0.0490281	0.122962	0	0.525117	0	0.0925897	0	0	0	0
K03495	glucose inhibited division protein A	47.1969837	34.3848386	14.0162027	19.4355394	22.1494296	24.502674	41.5635728	18.12417204	17.0173937	85.7689384	83.200905	34.8091633	16.5805435	28.3450661	21.1072561	38.1079223	22.5190365	13.87956752	18.7210367	65.2104717	67.3638032	14.9281097	13.2997069	35.4874392	25.3694053	31.6249367	25.8900596	50.0101873	72.9061492	21.91933801	39.1269687	36.7160651	49.5350362	54.5028826	16.8507367	14.094778	31.4357705	41.8085758	61.2920049	75.5025971	71.3870274	24.0769385
K03496	chromosome partitioning protein	126.3501194	119.6138204	108.2323571	285.5389028	245.7518145	177.9489764	147.5409405	116.4270994	127.0193934	66.1368384	81.5302221	25.6046973	87.6735353	105.0739905	18.9188446	61.9795946	151.3292173	92.7568073	99.9785475	180.3393295	199.8268637	132.9699529	167.4792025	88.534827	131.641349	137.3197453	174.8145867	79.5637014	4.1502477	147.6711432	166.5899575	141.4251949	117.2028877	183.0747321	120.2413591	109.0312033	130.141166	121.6081813	282.1821584	432.1997529	155.5068516	105.5511075
K03497	chromosome partitioning protein, ParB family	78.3555324	58.4921079	70.7454832	61.6414135	79.5104847	143.9668085	122.8965518	70.1215488	71.3566046	65.8181865	69.9812743	53.9490353	53.9155319	75.3051219	17.8817342	53.3245717	56.2201948	86.8196466	98.4931058	133.2747655	147.4193476	128.6028036	195.9379451	69.6680453	78.2150084	90.2882917	100.2521336	85.7619086	68.0238501	48.1053941	69.7715402	88.6012527	106.2262373	104.7017064	72.7080623999999	89.5426068	110.6291288	116.482091	104.288919	187.9054911	155.7019676	91.0260852
K03498	trk system potassium uptake protein TrkH	61.1166829	65.85938	24.8816589	35.5714219	35.5299099	79.0512311	76.9371757	57.6047916	49.3473486	81.765611	76.8719728	26.9857127	32.0888722	39.5830737	30.7451767	26.2969048	42.108848	39.4662605	45.3531149	79.9928056999999	80.5187866	32.0574093	14.2695251	51.1558573	48.8570272	32.5080317	46.2070368	30.6322687	50.893799	36.6399622	29.6489605	42.4111748	43.8832894	55.1043491	36.9670312	23.8608134	47.3111985	55.808025	86.4535109	130.3497785	107.0509218	35.8005024
K03499	trk system potassium uptake protein TrkA	73.8837364	64.8915801	37.116527	49.7659465	43.8015935	116.9692334	120.5365566	88.24245155	84.5461	59.2974683	41.3330854	21.99193905	37.9577291	34.4702247	7.774951	30.8261894	47.7961353	48.7385737	67.7987157	74.8238323	88.6996737	59.6186648	79.086686	61.5532872	49.7354876	47.68205	60.8099334	52.9875991	30.9794967	39.90611107	31.3934135	61.3644439	67.1937026	62.0237971	48.0984951	25.0325408	83.5070069	67.2444612	90.4648239	168.152466	120.3300278	33.8593764
K03500	ribosomal RNA small subunit methyltransferase B	11.0361145	9.9022728	15.3292454	26.8075715	16.118972	1.9479933	2.8776239	13.8229201	13.672285	31.5525132	31.5394053	2.12922	31.1885241	12.760735	22.7302192	4.9814928	22.3510868	4.639127	6.2046016	28.3666411	21.0527236	12.7784076	14.0652709	21.3038478	0.7480176	9.844664	20.614627	9.46351	3.729203	13.1592851	49.5409269	16.1988482	23.481547	6.7506744	23.1140678	14.1608669	15.1137274	9.8777492	37.7308574	22.1567913	13.039501	20.9277083
K03501	glucose inhibited division protein B	66.5031802	83.6937458	34.7948722	39.7704991	156.5133756	87.4415646	57.0833932	28.6402611	27.4402674	40.012211	35.2334342	31.7093635	41.4793158	10.5791914	3.7316448	23.9141072	12.3480253	22.6630093	17.7790336	97.5329041	50.6595606	41.957339	89.5958264	33.5314429	17.4080687	54.173331	64.3705036	46.0057343	63.1558334	18.168056	66.7258113	29.174559	77.691231	26.331064	23.9626206	15.1553543	80.8213186	63.5105002	81.3512763	91.0237661	119.8879099	25.5299401
K03502	DNA polymerase V	15.6783151	27.5662263	17.6467921	10.7044702	56.983298	37.8692002	44.0239652	44.593669	49.152576	49.0481891	60.57173	1.5620975	32.349195	25.935664	12.2173251	13.818538	46.3579718	33.4094782	56.7786551	31.262434	47.0851377	25.803467	19.8781992	30.5323062	24.6214094	20.2508107	8.9601764	4.4830039	3.55709	19.1871118	37.5064083	52.1040702	24.5471552	48.7184174	32.998507	31.146672	32.0033326	25.4621487	30.4014547	68.884688	45.339835	38.8737967
K03503	DNA polymerase V	0.694735	0.27116	1.8149936	2.51015	4.6014	0.0304028	0.9992984	0.1287568	0	0.8527279	0.588673	0.345066	9.9807613	4.3385	12.6529	1.207727	0.306803	0.093773	0	0.245034	0	12.3714765	6.708025	0	0	0.142533	0.318575	0.154432	1.26606	0.0417972	0.0247112	0	6.7384	1.2607926	0.192214	0.9582	0	0	0	0	5.26055	7.094099
K03516	flagellar protein FlhE	0	0.371973	4.23271	0	0	0.20719	0.805697	0	0	0.567633	1.35334	0.138397	7.93595	7.58016	35.6396	0	0.530277	0	0	0	0	0.210972	0.235576	0	0	0	1.09213	0.377501	3.07197	0	0	0.139933	12.1	0.764671	0	3.74351	0	0.0723	0	0	0	1.299258
K03517	quinolinate synthase [EC:2.5.1.72]	11.670903	1.617467	18.010133	5.3510038	6.6314178	20.4413437	19.9913539	12.2268177	7.7555555	5.0710269	21.823338	4.1447175	14.7039784	15.6023561	12.3144844	5.842347	20.7749075	6.266849	4.131196	12.3261918	32.5798156	42.0006527	72.9223022	0.8197296	0.3383988	3.142522	2.380318	2.670237	4.584356	9.077026	17.4091633	30.7145376	29.131827	29.2664225	5.7666697	7.5852867	8.1544935	3.5450544	9.1039092	1.108178	6.9139201	13.1018368
K03518	carbon-monoxide dehydrogenase small subunit [EC:1.2.7.4]	45.1241041	33.202989	2.2660903	16.286124	21.0934	19.500921	17.38271	6.5670911	9.7530951	10.893042	7.757206	1.6552798	4.3128986	3.5104	0.324888	1.3347162	4.660617	9.2877197	10.639251	45.6928462	39.104505	6.709201	10.1180556	2.0124349	13.345995	15.8202105	22.0158749	2.699346	0	8.581746	3.0945998	6.2015292	18.8528273	14.0839449	5.6546856	3.101931	27.816148	39.3555295	58.142378	83.955505	79.364962	1.1624303
K03519	carbon-monoxide dehydrogenase medium subunit [EC:1.2.7.4]	1.25689	0.583919	0	0	0	0	0	0.0872283	0	0	0	0.65881	1.236575	0	0	0	0.414998	0	0	0	0	0	1.404541	0	0	0	0	0	0	1.710738	0	0	0	0	0	0	0	0	0	0	0	0
K03521	electron transfer flavoprotein beta subunit	72.6364013	52.6312387	16.0134459	24.4728686	30.687968	46.275085	42.2689049	26.8758909	31.24982	22.661735	19.1832558	1.1436811	22.2016353	14.799801	36.4084436	4.819193	18.319674	18.5342842	50.0541567	69.122768	56.6420973	24.6851431	17.1518246	25.7993286	37.2330897	19.9649242	22.426687	4.6077031	2.390615	14.4065858	9.0148883	20.546082	58.425762	45.198824	31.5167429	4.240125	43.359769	46.9325149	120.9129915	158.6401189	162.30518	4.2676586
K03522	electron transfer flavoprotein alpha subunit	81.0097071	53.9920136	11.308705	28.4757895	41.089779	32.5141059	39.1210039	26.7552354	39.1627911	35.9936542	16.0510541	4.18167897	16.0152381	15.4395332	12.708036	2.0032928	7.993323	20.816431	31.221859	76.0371122	64.424954	15.2994586	18.5933872	2.8058941	26.45113	23.616177	25.1612485	10.2080005	4.402516	14.2698472	5.894555	20.0039272	60.6304733	26.70695	19.2574233	4.43083	58.8822612	70.5570634	121.9927028	149.9194805	184.3282438	7.3409749
K03523	biotin transport system substrate-specific component	3.3010224	6.909561	4.3866472	1.7152267	2.3693316	1.7832372	10.5970577	9.6481828	5.0296857	47.0091001	37.092859	12.8337206	7.8818458	2.0938247	1.0451205	3.0227195	3.730804	14.3907206	13.723801	16.2023431	2.0845666	8.7938119	4.1345759	34.1392535	1.1591532	4.9760728	2.4559674	2.9742919	28.49115	9.2529527	9.5836568	4.5140569	6.499284	5.833073	10.2760554	11.4377589	5.072795	9.1882412	2.8926477	3.4650066	7.8739822	21.7333694
K03524	BirA family transcriptional regulator, biotin operon repressor / biotin-[acetyl-CoA-carboxylase] ligase [EC:6.3.4.15]	44.1527527	20.479743	41.1737585	27.1924479	12.3622841	38.5144878	37.3107338	48.9214998	42.218308	46.922404	40.853898	27.727498	15.4835774	33.3972977	1.7616194	21.0244761	31.3763355	29.1468615	68.2955056	21.2069319	23.0275935	17.1506219	12.6925456	72.8590556	43.6616389	30.4313266	17.8066828	29.7179143	60.261481	27.6176474	11.0724002	15.1927592	43.2382185	39.1274562	22.6271972	26.5850551	44.6992669	45.1380534	13.4745843	26.799267	54.1002682	51.4841289
K03525	type III pantothenate kinase [EC:2.7.1.33]	59.7387867	70.974095	20.1266436	39.7085287	124.8573065	91.9640567	70.2632786	48.1161402	56.3668291	26.6164466	13.1835766	44.5324085	57.4124772	11.2588307	2.0156203	22.2484676	17.1913792	34.9920954	38.7451613	80.498377	58.7616812	42.1938879	76.5009959	17.5412768	38.2502636	57.6700717	78.0384674	40.9423722	42.591385	23.912372	39.923769	40.8522728	57.766675	34.243843	40.0327208	8.5173149	94.179894	99.9290968	81.2985451	107.1739742	110.7862304	26.9298383
K03526	(E)-4-hydroxy-3-methylbut-2-enyl-diphosphate synthase [EC:1.17.7.1 1.17.7.3]	41.0354062	33.6272727	18.8204259	22.427255	70.757199	59.1866316	36.0151478	21.3735293	20.5538741	17.2783234	14.4517635	51.6921326	58.5488061	19.172047	27.3878594	27.1851658	12.4813609	17.550744	16.798422	53.1082541	24.2500115	43.6156561	61.9605679	15.9066559	14.5607225	32.1920976	41.0614049	47.0885191	60.0890264	18.802696	32.019625	19.1003058	54.1313574	24.2974368	13.8673139	5.4824375	62.4089778	70.1012733	53.928386	68.0602382	70.9049442	25.0882482
K03527	4-hydroxy-3-methylbut-2-en-1-yl diphosphate reductase [EC:1.17.7.4]	8.0870191	5.6159295	12.5977698	11.7763501	8.252216	7.3865626	18.9316146	20.9838123	27.2150636	25.7588396	11.1077411	21.8575866	17.526963	11.1030364	10.3075037	27.3706185	6.9948354	15.0816906	21.9092114	6.9546957	10.8997501	8.9077314	7.4375749	4.4798873	4.5625837	12.166921	6.7488368	36.7589498	66.5826114	8.7998305	7.5373287	12.1848556	29.6780481	9.624044	15.8814741	4.5939493	19.4417359	16.0228903	11.1540864	20.134374	9.7519654	11.0880489
K03528	cell division protein ZipA	0	0.147695	6.583087	0	0	0.165615	1.962633	0	0	0.4418086	0.266048	0	7.10557	3.86705	21.5398	0.303877	0.5743959	0	0	0	0	0	0	0	0	0	0.152987	0.0996338	0.875158	0	0.6394663	0.0291593	14.242136	0.4901907	0.189685	1.60531	0	0	0	0	0	0.7613388
K03529	chromosome segregation protein	43.5793717	27.6583641	10.156831	20.0417886	18.630531	21.495857	27.7963655	16.321265	16.7274479	16.4115646	26.6550387	1.688147	6.7850581	11.038915	3.5721104	8.170694	18.2440385	10.7435416	14.5364449	41.8680846	57.6813632	6.8325539	7.5464258	11.2191864	5.4892939	9.8804008	7.5605038	5.208478	4.084466	11.2801256	14.0527901	24.3522265	25.6887708	36.1712371	8.4015143	8.8431222	26.0686691	35.8928992	47.420781	69.0901181	64.6756526	16.0341197
K03530	DNA-binding protein HU-beta	83.9250454	92.1799937	47.0871678	43.9774065	175.5870222	110.102121	100.7542304	65.7794668	76.7490372	76.0429425	50.24561665	96.3983635	89.04108136	61.4873708	51.4311018	41.4112032	21.5817087	55.9523331	63.2754515	111.11202296	81.5089531	75.7092385	106.29107038	12.2527098	37.964227	74.3556539	62.1414393	73.1255267	191.20775	30.7315892	90.88089497	54.7294103	108.8012106	40.4082763	48.6972389	44.29018834	128.8915457	96.1802229	104.87433676	129.5822853	149.8943773	78.3161185
K03531	cell division protein FtsZ	10.296211	6.1125779	9.5690541	13.3285966	19.0891124	55.5676624	28.4474097	12.2916506	12.7912243	18.86585	13.4134037	19.9847507	14.4987147	14.4673685	1.3996872	9.0433422	10.6889475	8.5165258	4.3858338	36.9166463	12.6238875	16.9860863	15.8305902	8.5847894	18.9664931	9.496002	15.8798837	5.579577	29.4532897	17.4722219	28.5975032	16.7730916	41.978636	13.8150836	14.259161	10.5063569	37.3999975	25.097135	28.0262487	7.7697361	32.0136604	21.4209887
K03532	trimethylamine-N-oxide reductase (cytochrome c), cytochrome c-type subunit TorC	0	0	2.06435	0	0	0.0761224	0.551327	0	0	0.0296309	0.28523	0	4.11075	3.12817	14.2934	0	0.359886	0.0154804	0	0	0	0.0253888	0.0994281	0.0192497	0	0	0.214801	0.0556601	0.730738	0.1001691	0.186779	0	7.57721	1.33209	0	1.33791	0	0.029621	0	0	0	1.54127
K03533	TorA specific chaperone	3.76795	0.885169	2.596771	6.66172	0.753315	0.252842	0.7193034	0	0.081467	0.204682	0.680236	0.459174	5.856507	2.380293	8.1766	0.450167	0.1684817	0.1620316	0	1.36222	1.4715	1.04592	1.159531	0.357659	2.56932	0.271742	1.7641065	0.8595019	4.722044	0.13902	0.588473	0.208121	10.499878	3.320177	0	0.0745567	0.95511	0.821399	0.380197	0.446131	1.15441	0.169524
K03534	L-rhamnose mutarotase	9.000404	4.054559	15.863517	18.1751243	5.03721	7.963811	12.9390099	6.888961	8.775493	11.764132	15.6846989	30.4046	23.6865277	13.998974	49.371739	26.60388	6.151576	3.2754269	2.453183	9.305173	11.214034	7.662046	5.5431797	5.728399	5.217002	10.3992715	4.8977754	59.629068	71.2939447	13.719409	20.3898869	5.314926	22.508951	12.651943	3.623153	8.515761	6.601111	8.142615	3.669456	7.657948	2.6290513	5.08424
K03535	MFS transporter, ACS family, glucarate transporter	0	0	5.624967	0.0261855	0	0.2463837	2.1484988	0.4236139	0.0884546	0	0.16324	0.01046	3.70973	4.7981	13.503	0.851112	0.5659044	0.02016579	0	0	0	0.0303676	0.214238	0	0	0.347333	0.0309851	0.0665085	0.7309823	0.02108518	1.028506	0.0292933	4.0405534	1.6700409	0.370245	1.304138	0	0.0171025	0	0	0	1.821
K03536	ribonuclease P protein component	49.6991892	89.5657996	43.6486015	104.2065636	213.655376	106.262818	52.5163651	45.4328418	38.5420494	74.957888	66.7479473	44.249169	88.606805	31.9627057	41.8954597	26.7939906	53.4306244	35.027033	27.1647929	123.3820453	51.473815	74.6039762	133.132778	47.0803721	33.6077897	75.914403	112.8937234	29.9108849	79.916916	47.1388969	195.2736338	70.5903895	90.6188751	31.6204754	86.2651391	34.6836331	101.146389	69.2464305	110.0563106	48.7371332	57.1446155	94.1287945
K03537	ribonuclease P/MRP protein subunit POP5 [EC:3.1.26.5]	0	0	0.312032	0	0	0	0	6.5058	0.0812376	0	0	0	0	0	0	0	5.261626	0	0	0	0	0	0	0	0	0	0	0	0	7.0716	0	0	0	0	0	0	0	0	7.72772	2.47152	0	0
K03538	ribonuclease P protein subunit POP4 [EC:3.1.26.5]	0	0	0.170199	0	0	0	0	7.40897	0.4679529	0	0	0	0	0	0	0	4.631232	0	0	0	0	0	0	0	0	0	0	0	0	9.73196	0	0	0	0	0	0	0	0	8.48945	3.12868	0	0
K03539	ribonuclease P/MRP protein subunit RPP1 [EC:3.1.26.5]	0	0	0.289621	0	0	0	0	1.7535	0.0796667	0	0	0	0	0	0	0	0.355959	0	0	0	0	0	0	0	0	0	0	0	0	2.65098	0	0	0	0	0	0	0	0	1.67307	0	0	0
K03540	ribonuclease P protein subunit RPR2 [EC:3.1.26.5]	0	0	0.453864	0	0	0	0	8.8906	0.357578	0	0	0	0	0	0	0	6.411879	0	0	0	0	0	0	0	0	0	0	0	0	8.96665	0	0	0	0	0	0	0	0	10.03783	3.53413	0	0
K03543	multidrug resistance protein A	0	0.1208075	4.117071	0.480413	0	0.0151401	0.6542681	0.7249551	0	0.2987855	1.296586	0.5742042	9.385616	5.25494	34.3771	8.8791534	0.4646079	0.2793117	0	0.0639898	0.175112	0.4427538	0.2923201	0	0.714988	0.225264	0.174274	4.24813	6.09703	0.2436246	0.4389165	0.1906257	13.811917	1.321169	0.0812174	2.1106669	0	0.250459	0	0	0	1.451434
K03544	ATP-dependent Clp protease ATP-binding subunit ClpX	60.7992676	72.1211029	35.8907313	50.3687804	112.4159509	83.6166293	79.476528	50.4563922	56.9876595	84.5606813	66.0285171	42.9499351	41.5700625	43.0049061	14.0230353	41.0619905	30.8186079	42.6881004	48.2033019	87.8966626	65.4907327	76.1179703	127.8736075	38.7643796	27.9362758	55.2411934	77.4348486	57.1955173	74.2953612	30.6236985	67.4323605	56.54053	66.6180365	45.4467069	46.5513803	26.8392019	86.9302455	67.0463916	80.5298824	103.9923574	95.2084676	40.8789301
K03545	trigger factor	37.9332361	41.6624219	50.952301	26.80063	72.5033166	55.291904	59.8642202	57.7009907	63.3479308	115.9295622	105.0378225	48.1085272	73.1806218	29.0231795	21.0297381	30.1631851	40.4891462	36.7636559	94.0301046	61.2162465	63.333848	68.7577292	115.5551603	52.5331003	16.7480064	52.7380803	36.0276258	35.2254015	10.5450793	28.0351337	65.1274947	50.2504969	65.2234298	60.7418886	48.2953102	31.3939395	63.596729	67.3811616	37.8551997	43.8462709	65.0913021	51.7531117
K03546	exonuclease SbcC	3.4905434	2.4202226	4.9715576	6.3930623	3.6302616	4.554519	6.7270381	11.6793855	7.1489799	4.2861428	4.9417341	3.0507607	9.030418	2.99421	6.520628	1.0002938	9.8796389	3.6497036	4.0269354	5.504892	12.567815	2.2063151	1.4965032	19.779702	0.6355941	2.4383281	3.1024628	1.8944167	2.574302	10.0108834	2.4563849	3.2010506	9.88689	1.879495	3.7829666	6.0527826	0.8315272	0.256704	11.73781	14.883899	11.148386	1.8767226
K03547	exonuclease SbcD	7.1157077	5.7407414	23.1388088	12.20665412	4.711929	27.6461649	28.9453541	18.2458966	18.3913797	4.6816304	23.077329	5.7299133	16.5822784	24.0190333	21.54952439	6.3369303	29.8716334	15.2431903	15.7082432	14.9713569	45.4930902	45.1883787	76.5471331	8.5211825	1.4607789	8.448732	10.9348726	4.1795973	2.189381	12.4748179	18.0098872	33.0948632	8.607905	28.6558275	9.8785081	8.6383641	10.4276279	9.8156369	20.7197019	21.0675555	13.5461048	5.3959133
K03548	putative permease	0.0598714	0.231768	3.49366	0	0	0.146791	1.141949	0.015574	0	1.1083166	5.45363	0.023991	7.9783	3.92774	33.2727	0	0.100922	0.445325	0.507714	0.337429	0	0	0.089983	0.0427102	0	0	0.122609	0.9350018	1.80354	0	0.1499135	0	2.153459	0.249024	0	1.24841	0	0	0	0	0	0.398777
K03549	KUP system potassium uptake protein	13.6241157	36.882689	19.1559143	39.743745	68.00262	21.154221	19.2976985	24.2690302	18.582184	4.776267	7.8599474	5.5877968	28.134703	8.6327548	6.269285	7.3272049	21.6662319	6.0264025	3.673224	27.6619618	12.809172	30.7513627	53.9397198	5.8459411	0.7807224	34.25536	46.5404819	11.242457	3.595796	15.3617846	79.6566239	23.4078439	19.674302	5.361489	27.4710456	9.3803237	27.7270181	15.7001785	41.8949	16.9941	0.6535778	29.5425568
K03550	holliday junction DNA helicase RuvA [EC:3.6.4.12]	16.4784611	36.6529914	28.4223146	17.7009059	72.6899872	20.1370379	21.7932266	21.014015	14.5456264	62.2299624	45.8466824	33.7766428	34.4937583	70.1553393	28.302911	36.3814434	7.5730955	15.149644	14.2020866	23.3401733	11.9523716	72.5928486	119.591437	32.8776843	5.3823683	29.4247741	26.6496574	48.7261013	69.0156642	18.0296385	32.4517836	13.6463859	33.0982651	13.122564	20.0466	20.234016	13.0578993	11.5691677	9.857107	11.3372913	20.6237963	34.7307033
K03551	holliday junction DNA helicase RuvB [EC:3.6.4.12]	87.2532528	78.6657327	62.6919716	107.867981	135.3587169	81.4067026	77.0424332	71.6651899	75.315438	132.328881	108.2593338	74.6194992	89.6495186	37.6728935	11.0740312	61.0639018	72.1606195	56.3173699	75.2972175	127.5059176	82.4657588	111.0376958	153.0569549	122.2195458	92.9934114	93.4629719	117.0829197	87.0060892	77.8243674	52.9637041	117.851251	69.7253472	100.40778522	101.0409774	84.4072572	52.7435413	110.3342781	124.8611535	109.8026174	97.2994038	136.7940191	108.1639005
K03552	holliday junction resolvase, archaea type	0	0	0.315618	0	0	0	0	2.06049	0	0	0	0	0	0	0	0.0763214	0.811089	0	0	0	0	0.171573	0	0	0	0	0	0	0	3.0051	0	0	0	0	0	0	0	0	1.47669	0	0	0
K03553	recombination protein RecA	18.5629147	13.5020201	27.1787754	34.0831481	21.1039915	8.1749258	19.1886483	25.5351668	16.4990538	93.8111712	76.2440019	49.1177304	31.7478831	32.0303072	20.7554004	36.1796783	35.5332267	19.1910172	17.7302806	50.0235308	45.9466964	58.8694466	78.48787304	28.8196337	8.160462	27.2071349	25.2552433	31.6714645	92.0139886	31.37975461	83.7044658	39.9057563	36.6542304	32.6966065	41.6696996	26.209565	24.1116305	21.2556543	50.12414565	19.0801448	5.7469532	42.2743747
K03554	recombination associated protein RdgC	0	0.533795	6.5987152	0.0409939	0	0.462506	4.028243	0.0648078	0	0.9578235	0.869983	0.103712	4.27204	7.28474	13.55722	0.395028	0.8214312	0.6000831	0.369465	0	0	0.0515964	0.2885464	0	0	0	0.174108	0.925484	2.150806	0	0.8400193	0	24.212163	2.245634	0.0681075	2.111796	0	0.0636554	0.0131598	0	0	2.867627
K03555	DNA mismatch repair protein MutS	36.3271297	25.805934	16.9092786	14.0090429	16.4194597	14.5268773	23.7872273	7.8127583	7.4568047	65.0755467	48.4582269	38.45939783	13.374996	8.6319936	2.49927	43.2090862	4.2409801	11.80951472	11.7735855	45.3191107	25.2490096	46.7147754	70.8657661	28.7676962	15.5745753	17.439958	20.0102736	41.82486072	69.5423489	20.47044079	22.3693008	11.0234294	40.1537035	19.8746262	14.7597367	5.977521	22.5868031	38.97070875	48.1236551	60.6384139	53.515557	19.1945152
K03556	LuxR family transcriptional regulator, maltose regulon positive	0.904753	1.13237	5.6111799	5.39218	2.26879	4.1876652	4.852256	3.7748377	3.832354	0.470729	0.718353	0.7123497	6.341387	6.42836	20.2690646	0.890632	1.6174409	1.03717	0.458766	1.52514	2.47602	0.4415128	0.51753349	3.0657	0.356845	1.13713	2.30468	0	0	2.190033	0.852423	0.887927	10.7912586	2.2992949	0.954419	3.06532	0.0624595	0	3.05815	6.164821	0.514232	2.38981
K03557	Fis family transcriptional regulator, factor for inversion	0	0.854702	11.76398	0	0	0.285414	4.4062119	0.1787227	0.0353135	1.98659	8.32068	0.171584	7.55147	10.59379096	32.2596	0.963623	0.751355	0.756143	0.386417	0.4423506	0	0.1511249	0.44661	0	0	0	0.409596	0.504899	6.31217	0.125543	1.11503	0.115659	25.783284	2.70196	0.882617	3.57669	0	0.0597582	0	0	0	2.87877
K03558	membrane protein required for colicin V production	48.793913	33.06122	0.735331	16.2700466	23.1795	18.1217158	15.8293072	3.7843116	7.390011	10.201041	6.5837243	22.933007	1.8411568	7.271616	7.226345	8.923528	1.247236	4.681664	5.45605	43.297513	33.7418183	7.1819898	7.129932	0.1649852	0.951874	8.7776576	3.9906072	20.471639	64.4412822	6.165481	0.9526057	4.2982036	32.332154	16.600043	2.8553391	0.935497	31.016343	42.609293	48.7996	81.0285	78.2522	2.872903
K03559	biopolymer transport protein ExbD	4.5878418	2.302391	5.974233	0.0238248	0	0.7370759	3.4852302	2.6296377	0.8754148	17.78342	7.585555	32.6152794	17.45662	8.493993	42.564554	29.8093004	1.984836	1.136489	1.46124	2.676361	0.6800648	8.204047	3.5338581	0.8670195	6.293327	9.101281	2.0559562	28.9971652	53.6631168	8.604923	2.0348268	4.1009873	19.8365129	7.4833989	4.1024449	4.363393	4.6355827	8.163024	6.2871033	1.733453	0.421854	5.930044
K03560	biopolymer transport protein TolR	0	0.462206	7.11678	0.776052	0	0.2072593	1.024994	0.0631986	0	0.4517156	4.127016	0.704832	9.41628	6.41448	38.9799	1.232274	1.58401	0.7054967	0.429466	0.186789	0	0.5279983	0.8189396	0.0228678	0	0	0.442	1.595976	6.42705	1.6212496	0.582598	0	35.61479	1.672843	0	3.41779	0	0.062971	0.0449282	0	0	2.170953
K03561	biopolymer transport protein ExbB	1.416878	2.320585	3.2091192	0	0	1.0755717	5.865674	4.941791	1.0406968	9.5095788	4.7533357	17.526585	22.982672	6.315723	20.319132	27.8495264	2.107973	1.1486923	0.7847465	1.9557015	1.4834441	4.9137077	3.731646	1.04243	2.315291	8.3668764	2.4834347	26.762769	9.9023898	10.9793267	2.194271	3.9128133	16.5340424	10.4246128	4.4726776	1.7018622	8.106955	6.8740991	7.1973645	1.2042275	0.0854934	4.8850119
K03562	biopolymer transport protein TolQ	0.1065421	0.65835	8.87585	0.4406981	0	0.321815	3.51664	0.132078	0	1.4700122	3.327688	0	4.74932	5.26152	18.3684	1.819235	0.364791	0.452788	0.277554	0.13175	0	0.423914	0.351413	0.0321789	0	0	0.0309004	0.928908	2.291303	0.254816	1.520725	0.0787124	12.7273329	1.7659	0.6612514	0.843939	0	0	0	0	0	1.9648
K03563	carbon storage regulator	5.105291	4.911049	33.7745884	2.2877072	10.361046	3.757788	28.8934026	39.7680365	48.645869	23.279138	10.614664	0.999778	35.273343	21.1671825	85.286231	10.4479912	4.7864682	27.8849953	39.132001	3.0459086	9.795525	1.397976	0.7944456	3.246565	2.233679	7.4382429	1.8996435	10.427262	8.72032	8.6771193	6.366732	16.138689	58.23959381	9.4911266	21.5786866	10.1242665	24.6410458	14.6813637	0.9511479	28.2354413	15.028306	20.4071994
K03564	peroxiredoxin Q/BCP	5.2585615	0.626416	1.7255808	0.5019019	0.4439904	5.0345029	8.4032963	1.8053731	0.945839	2.8432308	7.6696982	10.7124651	10.1957525	3.465829	5.3732609	15.56614	2.4169414	3.465238	3.84498	1.3323036	0.647526	3.3295693	2.6460285	1.6778933	1.090259	2.787077	0.9950767	12.240041	2.6538625	2.648407	5.66047	2.9870971	8.928714	12.9855865	1.04587	2.0517428	4.870043	5.8063239	0.9053693	0.8129807	0.166937	9.000232
K03565	regulatory protein	53.1165576	72.041674	31.6057516	67.3503871	108.2257805	81.3158146	60.5472801	34.2418761	31.6829676	34.956196	41.3748638	28.332338	45.3619041	13.8547732	3.4833833	24.4388534	28.6180864	26.4359391	29.9266613	79.7420507	50.3382733	36.6575903	60.9670166	40.7192884	12.1477071	58.6476144	60.2914797	40.4341357	69.162608	26.6388	74.3844348	38.5806125	74.4452878	29.9287945	43.0796581	33.6182612	86.2538486	67.0020048	104.9418173	94.9138165	85.2065955	47.4414422
K03566	LysR family transcriptional regulator, glycine cleavage system	0	0.294236	5.6850235	0.0181627	0	0.263841	4.6521594	0	0	1.85665	0.589899	0.0323451	5.9504	4.99587	20.4721	0.414998	0.119845	0.0849294	0	0	0.0170261	0.0336513	0.3620309	0	0	0	0.226909	0.179209	1.23538	0.0426087	0.902096	0	5.72481	1.9982537	0.102514	0.749801	0	0.0325459	0.0476598	0	0	2.1760479
K03567	glycine cleavage system transcriptional repressor	0	0.235055	1.43402	0.596615	0	0.0214591	0.271649	0.0197312	0	0	0.599046	0.0201615	0.114932	0.983287	0	0.898159	0.217591	0	0	0.023378	0	0.28894	0.2124587	0	0	0	0.2448992	0.157718	4.23853	0.156019	0.284535	0.061601	6.684705	0.737752	0.104464	0.46417	0	0.0196709	0.0358459	0.111221	0	0.960408
K03568	TldD protein	0	0.5312639	3.874183	0.0221393	0	0.2896908	3.317897	1.7086568	0.09189	0.60761	1.3095826	0.7922189	0.503672	3.22899	0.408192	3.997927	1.1562474	0.2307261	0	0.204145	0.0116227	0.0628078	0.248162	0	0.527272	0.225614	0.2045303	3.5404921	9.44529	2.929256	0.7135104	0.06107	14.963149	2.2039239	0.11346	2.335156	0	0.331894	2.0960021	0.0567279	0	2.368108
K03569	rod shape-determining protein MreB and related proteins	41.6387282	29.0259929	20.0018138	17.02893	23.4307274	27.9689599	28.773857	20.0129617	20.9680375	10.4220556	21.302536	14.7680962	12.7600998	22.1486655	10.5192543	5.7090655	18.7774143	24.3829648	15.7393925	47.892616	59.8348744	43.1031585	67.1786029	6.9096717	20.7983397	13.167942	16.7115969	5.4187665	29.7541308	18.3815903	32.0690757	31.34749799	41.488469	35.5274982	15.8140642	13.8029484	26.9539344	34.5083537	56.8730654	72.4737836	67.0214696	22.5031097
K03570	rod shape-determining protein MreC	7.4702068	13.7481725	22.1727886	25.494477	18.037363	25.1658859	29.7173453	16.8985054	18.8417353	12.9865289	14.3375266	26.2912275	21.2111942	11.7485319	16.3921447	21.1962713	19.5699279	14.2897441	13.2062166	18.9144746	21.7062553	45.3981465	71.11457083	12.6735163	18.3617908	15.5174211	33.3400955	26.5601368	61.3428042	16.2529236	31.41755363	21.586341	19.1885354	11.3586968	21.6355037	16.4036624	15.7730442	22.4704853	39.4836516	36.4052503	12.9131814	24.5468954
K03571	rod shape-determining protein MreD	39.0440555	28.264716	23.4558247	23.3787142	21.3060841	17.7143126	27.1591755	10.4102632	12.1240282	54.7415516	43.6279991	2.44161	11.4928567	17.1667254	31.8438859	3.8154075	3.9053025	18.925009	17.3878247	52.3537886	29.4161048	35.0549239	72.9681158	31.2265082	7.9553252	15.3816492	24.8108504	2.8843767	1.99616	5.3355176	5.291041	5.6828361	33.7232751	18.6080334	13.6057794	28.3870351	25.536043	33.9598119	45.7277122	69.594671	64.9258694	28.2753305
K03572	DNA mismatch repair protein MutL	9.7277062	8.2230857	30.5945292	6.5006919	10.7288142	7.9516765	30.9333511	28.4203316	34.3149379	69.8590513	61.5179043	51.9227601	45.2641039	15.74571	19.2311737	33.658841	19.5701158	17.5239936	26.6109197	25.3676422	36.5633819	47.9583484	73.2713165	30.5764019	3.9995146	20.9311657	6.5202154	46.3739069	62.6606016	18.1147318	25.084522	33.5566602	38.9736536	37.0726489	24.4738518	11.058515	20.5843523	40.139663	17.2650457	24.0950293	20.6195255	28.2908608
K03573	DNA mismatch repair protein MutH	0	0.183109	11.702492	0	0	0.2465789	2.778626	0.172464	0	0.858334	5.48194	0	8.82291	6.68813	0.564428	0.616163	0.517303	0.800887	0.574968	0.22209	0	0	0.1809036	0.0270543	0	0	0.190782	1.3032261	0	0	0.6905805	0	7.4470177	1.981613	0.348521	0.185458	0	0	0	0	0	2.4813724
K03574	7,8-dihydro-8-oxoguanine triphosphatase	22.2673602	14.3451667	26.3781744	27.3960662	50.6639047	83.637267	66.5026652	31.4272637	33.3267729	38.1074713	47.0294891	5.8059802	36.4381863	45.0450922	51.3872361	8.7660164	40.3936521	24.3940275	26.6185866	52.883428	77.2474464	76.48555	155.7815727	33.7449767	28.5192139	30.5083174	61.4660979	6.5479768	4.5068874	24.3108426	48.5181638	46.342747	30.506084	34.8424149	35.5358667	61.8206245	52.8034445	41.5047474	38.9343894	34.5150618	145.5515875	25.1875095
K03575	A/G-specific adenine glycosylase [EC:3.2.2.-]	2.165735	4.3982452	3.9098571	4.860713	2.286821	5.036061	2.4304506	3.1775703	2.836366	1.8500149	2.9508035	2.2404195	1.5021433	0.6529452	0.2153901	5.784622	2.6214398	1.869854	1.032622	3.7614325	2.8772451	3.664803	5.0739841	2.2981775	1.174668	1.845431	4.2888163	3.43795	6.243457	2.4397518	5.6389066	3.6256093	2.7769072	0.4425385	2.0162253	2.9274602	0.2685249	0.4254804	2.9690634	6.823183	1.571891	1.9385292
K03576	LysR family transcriptional regulator, regulator for metE and metH	0	0.6079539	5.2222106	0	0	0.0310418	1.59835	0	0	0.26706	0.362923	0	12.6336	9.97704	42.5115	0.165173	0.789904	0.1792439	0.0849268	0	0	0.0850185	0.171939	0.0150988	0	0	0.299556	0.321089	2.640247	0	0.328452	0.0093839	7.176687	2.60672	0.215165	3.7057	0	0	0	0	0	2.39503
K03577	TetR/AcrR family transcriptional regulator, acrAB operon repressor	0	0.358688	2.16162	0	0	0.0128187	0.654488	0.114496	0	0.05972192	0.0353602	0.44666494	3.494967	2.86355	14.1812	0	0.536268	0	0	0	0	0	0.8206486	0	0	0	0.103633	0.235185	0.0749694	0.878804	0.2417798	0.00760233	3.92832	0.441208	0	0.603297	0	0.00957542	0	0	0	0.5258382
K03578	ATP-dependent helicase HrpA	0	2.418018	2.40736	0	0.0667893	0.135892	1.9330469	0.00780582	0	0.0966725	0.0823112	0.00932445	0.766178	3.01492	8.0368898	0.181642	0.1852719	0.28232339	0.165079	0.5222393	0	0.0134668	0.0599979	0.3002294	0	0	0.8144988	0.45836342	0.477216	0.00856507	0.6068851	0	2.9776	1.14095	0.059923	0.2438596	0	0	0	0	0	1.2267533
K03579	ATP-dependent helicase HrpB	0	0.268252	0.0774712	0.369717	0	0	0	0	0	0	0.289635	0	0.242332	3.358123	0.491511	0.447346	1.07172	0	0	0.0281448	0	0.1283185	0.113836	0.0641101	0	0	0.0984678	0.157277	3.46671	0.0795157	0.2162996	0	3.1471967	0.678549	0.0948649	0.689964	0	0	0	0.178807	0	0.553856
K03580	ATP-dependent helicase HepA	0.0591177	0.472075	3.318895	0	0	0.365296	3.113367	0	0	0.0391421	0	0	3.5238	4.63983	9.27094	0.102758	0.5226882	0	0	0	0	0	0.0922742	0	0.118396	0	0.1310351	0	0.156884	0.417213	0.477913	0.0387801	14.5705578	2.03194	0.10667	0.9504339	0	0	0.183465	0	0	1.937081
K03581	exodeoxyribonuclease V alpha subunit [EC:3.1.11.5]	2.134856	4.13239695	9.1378487	2.0184379	0.7004148	24.6889846	22.438389	5.1142461	5.5227482	21.01037286	16.8878323	14.519772	11.9213536	4.569804	2.9497467	4.7006377	11.049604	10.2075405	11.322736	5.3417173	1.4011703	7.5046186	5.7105044	4.4323021	1.5648569	2.6899713	5.00459154	1.5238884	6.22943	4.3300921	7.8753427	10.3334757	17.2894838	3.3861061	5.8759287	11.1384508	12.067133	6.485184	4.252799	4.7816992	2.4395773	9.0535509
K03582	exodeoxyribonuclease V beta subunit [EC:3.1.11.5]	0.0340202	0.2696272	2.897585	0	0	0.0959528	0.110526	0.044172	0	0.26368	2.693508	0	0.050184	0.13009	0.227743	0	0.216598	0.1673525	0.0894156	0.0951776	0	0.0191452	0.0171986	0	0	0	0.0671083	0.1691015	3.5913793	0	0.0375729	0	2.695422	0.1394244	0	0.0401032	0	0	0	0	0	0.175688
K03583	exodeoxyribonuclease V gamma subunit [EC:3.1.11.5]	0.0823498	0.157689	2.3198615	0	0	0.0133455	0.558082	0.0147029	0	1.0583724	6.68955	0.0100037	0.167609	4.40255	1.11075	0	0.0259877	0.4428935	0.278592	0.200418	0	0.0140383	0.095347	0	0	0	0.2677123	0.794019	3.46095	0.0102884	0.0114772	0	3.4862643	0.6074437	0	1.01379	0	0.00929152	0	0	0	0.856006
K03584	DNA repair protein RecO (recombination protein O)	62.0916744	73.4935554	24.6666311	34.1137405	118.5718169	61.8655508	46.3011085	25.286583	24.1547491	71.1730129	56.2961017	41.5564027	40.2118774	9.5613276	11.9389996	32.0718683	9.445176	20.8737025	19.7284462	80.0826541	40.428845	41.6608459	74.4896623	35.8918973	17.597472	58.9653805	52.0449485	56.2588092	28.9703129	19.7201386	53.722457	25.5380327	70.136718	28.7295838	27.3659689	17.2370563	66.1882697	63.0912347	64.6309605	73.5452754	90.7082476	36.9256088
K03585	membrane fusion protein, multidrug efflux system	3.7184654	3.488182	4.79832	0.8485336	0	1.4308574	7.6589953	3.2363633	0.7531236	10.9910486	12.6467088	46.1241011	19.0043367	4.113922	9.695059	40.1781828	2.5717726	2.7858966	0.811915	2.602372	1.7396275	11.518734	7.4153577	1.867815	2.921118	12.2648628	2.9543512	74.8287759	110.2224021	12.8906519	1.5297964	6.8304882	30.4760633	14.1861249	4.1687886	0.591547	9.364526	10.6537026	8.0496187	1.1701664	0.0880547	3.0038783
K03586	cell division protein FtsL	0	0.746637	13.76605	0.0750748	0	0.1942402	4.64379	0.0816316	0	1.6668182	5.303027	0.0177376	7.80257	8.17399	21.1770544	0.839164	0.5494647	0.679218	0.387385	0.0959171	0	0	0.3039426	0.035601	0	0	0.318575	1.660149	3.649615	0	1.24698	0.0787124	26.832381	3.12582	0.623853	2.43414	0	0.284681	0	0	0	3.87915
K03587	cell division protein FtsI (penicillin-binding protein 3)	4.49816	1.708141	3.489604	5.8352306	0.840381	0.769026	2.6733675	1.2584647	0.1253374	1.82142976	0.804478	2.1361634	3.158523	3.01319	7.7196229	5.0896164	0.5673755	0.2576157	0.0364544	1.249423	0.8612831	3.2288779	1.9735738	0.7904914	2.07997	2.161242	1.3389736	0.7338172	0.8902439	1.1573223	4.8634626	1.87527684	26.1151188	3.8277417	3.262938	1.1443018	1.517021	3.3137037	5.5709959	1.31602	1.14588	1.9218475
K03588	cell division protein FtsW	13.8428386	7.4557553	13.0570424	19.3448193	12.8256313	19.802557	24.9731436	15.1071094	12.7909261	57.4994859	51.7386801	7.7517283	22.8224135	13.1499023	35.3876021	22.3345111	12.6563344	12.5500311	14.4159368	32.6654089	26.6922137	10.0258334	9.7462635	44.7285968	11.230581	25.3375248	9.0786117	30.3258865	6.9961111	14.0053146	32.6746279	19.811157	30.7815572	26.5085812	15.1568957	10.4093127	20.4292013	18.1627021	19.7269196	16.3835928	18.3062527	25.4847287
K03589	cell division protein FtsQ	12.5097265	5.2856075	24.0000243	22.8118214	14.8214171	20.7610696	19.7842562	15.4663133	11.3164837	15.3057762	12.0913405	41.526652	32.642742	9.1754612	19.334124	23.9197252	15.8368339	9.5765576	7.819084	16.1805183	27.1352161	53.1231159	73.1206931	9.7336167	4.841714	7.7877753	6.9408717	49.5491693	96.371167	14.0872422	47.8458722	14.392499	34.7975822	11.230309	4.4067215	16.4006682	17.8600217	10.9747024	26.5937012	21.5523662	15.9577666	21.4015778
K03590	cell division protein FtsA	0.6846319	0.773031	13.0763189	0.9394206	0.1215988	1.894348	5.6875143	1.7320396	0.3026997	4.477627	8.5773033	23.7848152	6.416428	4.8430037	4.060305	14.3228929	1.112738	2.7023127	0.9252793	1.813434	0.9062838	32.734136	56.5865669	2.3286286	1.794406	5.9371654	1.2474588	32.8895396	60.9930073	7.4937027	1.4382213	2.5393522	13.8969122	6.9641048	3.629752	0.9760365	3.5809196	6.8513155	4.8184659	0.829341	0.0395326	3.6475941
K03591	cell division protein FtsN	0	0	5.65363	0	0	0.114166	0.450241	0.0218286	0	0.191486	1.593081	0.0409907	8.68322	4.20405	32.9396	0	0	0.047259	0	0	0	0	0.0987278	0	0	0	0.274143	0.0527778	2.495677	0.0502173	0.0288777	0.0346977	5.959533	0.2324009	0	2.16679	0	0	0	0.0350593	0	0.2677876
K03592	PmbA protein	0	0.4226723	1.948044	0.0655053	0	0.1202	3.063198	1.7793049	0.0521642	0.472464	0.0328149	0.974985	1.2966807	4.2408874	1.41696	4.049239	1.261996	0.2602925	0	0.15456	0.126147	0.0742658	0.913017	0.0146518	0.656839	0.275677	0.119569	3.7031704	7.73894	3.7473114	0.54584	0.2172205	15.5531731	2.204323	0	2.0437553	0	0.3729324	2.0670141	0.0602583	0	2.201157
K03593	ATP-binding protein involved in chromosome partitioning	0	0	0.8921686	0.204322	0.231413	0.316723	1.8295704	0	0.0554893	0.6824835	1.440194	0.015225	0.6273089	2.3962	0.7355081	0.0802412	0.1287868	0.1088608	0	0.225469	0.0874306	0.0649424	0.4009076	0.7337766	0.213615	0	0.146289	0.1104278	3.8022345	0.1486342	0.7203157	0.1183899	4.2169553	0.579764	0.0729957	0.2751721	0	0.0640533	0	0.0680148	0	0.8764592
K03594	bacterioferritin [EC:1.16.3.1]	1.077241	3.194995	5.0553653	0.814281	0.0540372	0.9483268	4.643908	0.9113847	0.1860201	9.5511627	3.671757	4.787934	19.582751	9.1604189	49.679333	16.588722	0.98037	1.1370937	0.1647705	1.448462	1.0222018	4.816189	3.0870304	0.583339	2.27409	3.9003207	3.2590893	25.748549	5.9707003	2.3403	1.283064	3.336659	27.674349	5.545483	0.3576603	0.0361674	2.2568455	4.171197	0.7878415	0.5305682	0.7408116	2.916621
K03595	GTP-binding protein Era	45.1688662	29.575285	20.1881215	15.821713	21.4886328	22.3012389	31.5206605	10.227619	12.4670161	34.4182139	35.3097599	7.6911064	22.3569357	22.2144403	30.296258	21.9656795	6.85579	11.886386	13.37759	47.0119428	36.0601313	37.4182564	58.0389266	28.6827486	27.6143057	19.137057	31.040509	30.8087122	15.9020124	19.8818364	23.9258303	16.1425108	49.9721742	27.5754222	16.7650999	28.3488829	28.0773098	41.4130033	58.4934857	68.9318883	64.9300177	28.7503617
K03596	GTP-binding protein LepA	74.6062967	67.367389	51.6501327	32.0651531	101.2762783	59.9261957	66.6662206	64.3990659	77.0282516	112.3792209	81.1217118	36.3329177	46.8084562	31.3299426	19.117613	52.3243189	35.5173688	52.7204695	79.2989693	77.6455967	41.5380128	54.8037551	63.4200276	83.7771295	73.2487705	76.7425404	55.8380071	68.5114195	61.7488631	31.484949	55.4933077	40.9605988	85.9539112	63.874761	54.5034752	39.193916	105.1718312	88.0107363	62.9274449	74.400749	114.4628846	94.603546
K03597	sigma-E factor negative regulatory protein RseA	0	0	2.631008	0	0	0.1172421	1.034608	0	0	0.023732	2.08446	0.0701805	4.22115	4.8795443	16.436166	0	0.65283	0	0	0	0	0	0.2091285	0	0	0	0.309036	0.267756	2.673535	0	0.344209	0	17.03084	1.806924	0	2.012878	0	0	0	0	0	1.669019
K03598	sigma-E factor negative regulatory protein RseB	0	0	1.59974	0	0	0.117286	0.420561	0.0600591	0	0.0222986	0.493171	0	3.6447	2.95771	13.115	0	0.432919	0.0645638	0	0	0	0.0423512	0.203382	0	0	0	0.426346	0.113671	0.20287	0.0173221	0.3082797	0.028493	15.718859	0.798793	0	1.45816	0	0.0163305	0	0	0	1.5420704
K03599	stringent starvation protein A	0	0.351206	5.0924718	0	0	0.274558	3.65582	0.144232	0	0.539779	1.6645	0	1.3753	3.6106	5.14683	0.651776	0.188223	0	0	0	0	0	0.394306	0	0	0	0.219848	0.0430396	4.78211	0.129595	0.800737	0	7.075733	2.276579	0.619095	0.426667	0	0.179641	0	0	0	2.05965
K03600	stringent starvation protein B	0	0	5.0753382	0	0	0	0.361526	0.0901582	0	0.0680144	0	0	11.2692	7.22007	42.444	0	0.317383	0	0	0	0	0	0.259399	0	0	0	0.222453	0	1.18276	0	0	0	18.86118	0.461396	0.0497106	0.815376	0	0	0	0	0	0.559375
K03601	exodeoxyribonuclease VII large subunit [EC:3.1.11.6]	3.4576282	3.4919656	10.1319523	7.7669769	4.3857812	5.7667186	14.647748	8.5822073	6.7165642	55.0491641	42.2381344	6.9299035	12.5487551	5.7985427	1.4263099	13.3686097	7.5539917	4.7014115	6.7500905	16.6144229	12.4438065	6.6546116	5.19646687	22.8549592	2.0076447	6.5625761	5.349466	23.6861878	8.1674075	12.8291646	21.5972916	7.1855035	23.2213837	9.9419129	12.3314621	14.6101454	5.3459336	8.2121873	11.0567365	12.3990124	11.8486849	16.5168698
K03602	exodeoxyribonuclease VII small subunit [EC:3.1.11.6]	79.3854062	54.261681	42.0644871	69.7731521	58.0496884	50.7564582	45.752287	35.899104	33.9233455	90.5329085	74.5942718	74.0704289	80.8565091	24.8747865	26.9348479	37.1140455	38.9742676	29.9115365	28.8984081	90.1752867	61.9258706	71.4652557	121.2318592	51.8413373	11.8414538	49.641679	48.9396167	63.0802995	105.972257	44.1029021	106.8593481	42.1162888	86.8609053	48.5990296	42.1044138	30.0854239	69.5033364	101.0603538	117.738288	121.4986733	88.5973906	68.5467789
K03603	GntR family transcriptional regulator, negative regulator for fad	0	0.459876	4.9349	0	0	0.161935	3.035167	0	0	0.179164	0.87564	0	5.24541	6.32908	21.9678	0.248513	0.484426	0.0584989	0	0	0	0	0.259003	0	0.0323161	0	0.316898	0.190196	2.27646	0.129508	0.738622	0	8.7772168	2.3284243	0.303496	1.93267	0	0	0	0	0	2.5262292
K03604	LacI family transcriptional regulator, purine nucleotide synthesis	0.978615	1.234226	5.6533711	0	0	0.258632	3.250895	0.1372429	0	0.672498	2.345498	0.0483197	5.449826	5.7022641	17.6002882	4.281042	0.420278	0.3245751	1.97967	0	0	0.255349	0.332804	0.2542828	0.44663	0.478057	0.21602	0.096008	1.48922	1.0919079	0.636519	0.185653	7.36382	3.00788	0.314536	1.48622	0.484142	0.9332024	0.0379001	0	0.352295	1.783018
K03605	hydrogenase 1 maturation protease	1.54132	1.0126257	9.78118	0.5454819	0.0385107	0.2075502	1.850128	0.1114935	0	0.5970135	2.581501	0.14622	12.55684	11.5757976	48.721987	1.4322489	1.653461	0	0	0.0188232	0	0.3152167	0.8339819	0.0701835	0.0702021	0	0.6281456	1.0612606	6.338744	0.29779	0.7457721	0	21.713446	3.246756	0	5.3933898	0	0.2791977	0.0420945	0	0.114713	3.284119
K03606	putative colanic acid biosysnthesis UDP-glucose lipid carrier	0	0	2.315893	0	0	0.2819787	2.2346298	0.0492133	0	1.67487842	1.880848	0.12247258	6.52524	3.128908	13.408745	4.49725	0.903436	0.4350918	0.0462221	0.0618028	0.06231	0.9982008	0.4732294	0.647104	1.01911	2.42996	0.720669	18.335833	0.906411	1.63357	0.0739717	0.352511	4.66175	3.9273682	0	0.502849	2.28267	0.94131516	0.10245	0.0769641	0	0.345568
K03607	ProP effector	0	0.454472	5.20402	0	0	0.238386	3.049275	0.0500921	0	0.679469	0.12588	0	4.07347	5.09788	12.5501	0.402422	0.4097	0	0	0	0	0.06473	0.1665274	0.0275691	0	0	0.1237712	0	1.2167	0	0.753663	0	6.806699	1.7744414	0.278492	1.30733	0	0	0	0	0	1.858761
K03608	cell division topological specificity factor	57.227306	35.4405697	26.727917	18.32118	30.54763	25.2763755	40.4804647	39.9118655	51.2108272	27.3392044	12.323941	0.4584281	29.6868179	19.3876879	43.5953131	7.6293441	10.5688878	29.251102	39.42539882	53.8697079	52.0864893	6.7500526	6.7953772	5.3733487	20.6248573	27.4030522	23.0374929	12.439491	4.47196	14.6975007	7.2379711	22.6650856	58.4884682	23.799874	22.3277949	8.8377408	64.555519	49.5362058	63.4968034	110.2761772	99.6763639	23.4749563
K03609	septum site-determining protein MinD	5.0129857	4.7420411	13.5871562	7.987074	6.932309	11.48205	6.5112181	12.532666	11.207815	2.0411616	5.5824119	3.1762664	13.9254588	6.7302179	16.8125378	3.0275992	8.6086576	12.9424809	9.031121	9.1628608	13.6365324	40.3676934	66.8240193	5.5286693	13.195723	17.0745691	14.106673	2.8000832	3.73623	10.1500598	20.9245966	8.8516095	21.6126529	6.0687336	7.7411342	12.5326664	5.4448512	6.9189165	15.5916489	11.8565728	12.2260695	16.756646
K03610	septum site-determining protein MinC	2.066623	0.406438	11.32476	1.744934	7.5264245	2.627736	15.817508	18.5740679	25.6487	13.479392	1.465587	2.275887	9.079108	5.0328532	1.289968	1.2375179	3.870068	9.53069	20.106604	1.52681	7.09634	0.0477338	2.5052222	0	0.115793	2.709553	0.400547	4.722612	6.09575	2.635997	2.399862	9.0895368	15.179145	1.7140865	12.475843	3.390141	14.9973	6.8863249	1.0088	15.1085701	8.457164	8.3342964
K03611	disulfide bond formation protein DsbB	0.0705821	0.164772	5.1062532	0	0	0.0880964	0.517908	0.0675572	0.0358253	0.9257066	5.196019	0.161066	7.67734	5.77031	21.6506	0	0.338208	0.6064089	0.409705	0.178508	0	0	0.1374055	0.0537297	0	0	0.3307278	1.3109462	5.6003293	0.0382089	0.1912034	0	42.0452101	1.4783276	0.0358535	0	0	0	0.0498726	0	0	0.964274
K03612	electron transport complex protein RnfG	31.3199125	27.4022067	8.737677	16.3554583	16.621124	24.9281751	25.8883785	10.8317433	10.9826564	9.1876346	10.2740156	17.6384707	15.2512564	10.1295628	26.8079767	13.0581637	7.4889814	12.7935707	14.5971598	33.2458473	24.474841	16.5762001	10.0456828	11.0005247	10.8701706	26.3359017	32.3818026	3.7843588	31.3588996	12.4405016	7.4548741	14.4529395	29.1745334	10.8286708	15.5485656	3.5461889	28.189224	35.375208	49.5787456	70.9800322	46.2091759	7.0941621
K03613	electron transport complex protein RnfE	33.9467709	27.756637	7.7607612	15.5397932	19.6509499	29.913318	28.633163	14.7982309	18.3836287	6.9352856	9.7195292	1.1837739	14.9150535	21.9846789	11.683188	9.171508	11.247081	14.1755047	16.6467125	34.4844808	32.724667	9.3373316	6.951246	13.634052	25.1195777	18.3698017	38.9631189	4.295637	3.014489	16.3123734	9.1122089	16.3142649	30.7499033	15.7596785	18.1536275	7.8592227	29.072729	38.5109677	52.9193653	73.2236319	56.506693	15.948804
K03614	electron transport complex protein RnfD	32.9432178	23.375506	7.692595	31.2267713	18.770944	15.7347418	15.9417264	14.2010598	9.8127482	13.0436539	13.676823	30.9176858	14.1856621	5.336127	7.4359224	26.598479	4.9520829	6.3346714	6.3503436	29.1357186	21.163545	9.5592595	8.9349344	4.6093161	10.0971782	16.6318147	21.16798	25.9144043	54.69713	12.920341	4.256747	7.6642498	34.433553	13.3580592	7.5128914	5.201376	20.7556062	28.3873568	45.9515559	57.0287744	46.8703041	2.9578042
K03615	electron transport complex protein RnfC	8.879888	5.8733561	3.6651574	1.357334	0	2.9394106	5.1892487	5.4251268	2.5748491	14.277359	9.7169176	29.1683636	14.3807109	7.8646427	9.5006325	26.687689	3.8042769	2.202775	1.657202	3.877989	2.4763934	11.04299565	4.86003	1.0285594	7.0513805	9.5848492	3.0490982	45.1246283	56.482502	11.063565	2.0682119	5.2368767	17.45798	8.4079094	3.83162	2.7212835	3.935259	8.1478565	8.1412123	3.1072523	1.7339863	5.82033108
K03616	electron transport complex protein RnfB	3.998855	7.7046069	9.1927626	10.8383614	5.7008908	18.1960258	18.4830477	9.7884525	12.6841736	2.9294784	5.531299	2.0377181	10.8132424	11.9570258	12.951023	7.084232	10.07357	9.4438891	12.436902	7.6661991	8.188962	7.293038	6.6810513	13.358041	4.982657	8.549346	20.370322	1.01296	3.19026	11.4193313	5.6741485	9.930738	22.9444541	3.7526709	8.856714	6.1005437	8.4489616	4.0331251	8.8215321	24.101244	6.7720411	3.22227013
K03617	electron transport complex protein RnfA	44.9655835	33.638585	15.5887693	15.7611312	23.550031	35.6383537	37.120194	23.7667893	25.460107	23.266321	31.05583	18.5685329	29.1536688	21.7966791	26.343432	29.501901	18.2855995	27.203594	29.7720356	44.780924	36.564731	14.7927877	10.7238663	25.8363328	30.1087699	34.6531418	49.3468589	33.5977721	7.83496	24.5457906	12.281404	22.426475	51.229362	29.268062	20.4563387	12.0323117	40.9691639	48.684563	58.9789442	82.0701195	64.4027292	33.5137139
K03618	hydrogenase-1 operon protein HyaF	0	0	1.34332	0	0	0.0225483	0.24001	0.0127613	0	0	0.847593	0	0.675223	0.548302	2.3495	0	0.239874	0	0	0	0	0	0.0463641	0	0	0	0.0576531	0	3.81331	0.01147	0.0338935	0.031589	2.23778	0.455889	0	0.0612216	0	0.124074	0	0	0	0.334076
K03619	hydrogenase-1 operon protein HyaE	0	0.0216329	0.962411	0.0253853	0	0.0359976	0.165096	0	0	0	0	0	11.0313	2.65901	28.1126	0	0.184821	0	0	0	0	0	0.131831	0	0	0	0.103633	0	1.17672	0	0	0	5.66625	0.271512	0	0	0	0	0.0264074	0	0	0.271923
K03620	Ni/Fe-hydrogenase 1 B-type cytochrome subunit	3.2112	0.988043	0.993133	6.619681	0.822398	0.4110343	0.716188	0	0.158285	0.3410212	1.018868	0.4017214	8.027782	0	0	1.231294	0.265809	0.0790878	0.0754131	0.988687	0.822846	1.305929	1.3091689	0.125793	2.09187	0.356022	1.778873	0.4303818	3.518589	0.9096062	0.7041261	0.1388574	12.44832	2.534254	0.1718255	0.209063	0.485384	0.7370138	0.7357377	1.061252	1.3648	0.487608
K03621	glycerol-3-phosphate acyltransferase PlsX [EC:2.3.1.15]	4.5899073	4.5006682	10.8555164	21.2819489	9.4192688	7.5684982	15.2099657	6.0070714	7.1845523	63.950875	53.119036	30.2067923	29.6976599	11.1470864	5.3495273	9.0181299	5.3418025	7.3956182	10.9615653	21.6641401	5.1539983	12.4310484	17.8115896	25.6053415	1.7208408	4.1641659	10.3012979	1.9823659	10.329883	15.126657	23.2204861	7.5808469	29.4312518	14.3319945	11.4887111	13.6986029	3.085008	26.9752589	12.7884078	8.9597371	7.8433543	22.9141307
K03622	archaea-specific DNA-binding protein	0	0	0.42619	0	0	0	0	2.00694	0.0703398	0	0	0	0	0	0	0	0.89796	0	0	0	0	0	0	0	0	0	0	0	0	3.37589	0	0	0	0	0	0	0	0	1.93976	0	0	0
K03623	ribonuclease inhibitor	2.45447	1.30291	5.28212	0	0.012665	0.068221	0.0668438	1.2312723	3.3516	0.2448679	3.197347	0.1085826	11.2184	5.07326	19.436433	0	2.799644	0.234698	0	3.41345	11.8105	0.2234183	0.0185666	0.0195307	0	0.688212	1.3872811	2.8664469	1.3045	0.49878	1.23055	1.30195	5.6153036	1.713929	0.4599463	6.24592	0.154883	0.301115	1.40542	6.36532	16.4147	0.481668
K03624	transcription elongation factor GreA	82.0281209	49.797062	37.0134293	90.3021663	77.8015445	72.6692634	76.9554556	66.6308754	80.1850555	100.1964889	90.618291	21.5144931	67.3083749	39.9237927	39.4570393	31.7268427	64.3787751	46.337157	48.272971	124.0578618	112.8487345	47.8017547	38.8825953	52.553048	57.5569938	55.8046336	92.1502343	55.9410902	43.1956025	50.6491888	100.7545597	71.0026896	89.97298698	66.4916268	79.0218885	39.2196851	93.6147128	84.4269724	138.7259184	136.1711371	120.0534034	73.6372771
K03625	N utilization substance protein B	17.3579708	7.683735	17.526734	12.5617671	17.4383327	34.264493	32.3244892	30.7635591	37.316984	61.0785793	41.5874244	37.100261	47.735641	16.228032	14.0869357	17.6484684	13.4221842	19.3124057	26.5042733	24.771317	20.9612048	13.2636882	16.8187608	24.7025504	13.5501053	21.7737577	16.411572	31.1570155	5.8804738	24.1583092	33.6937575	25.181036	37.0794769	23.6584076	24.6404338	15.5043217	31.7394406	43.5284029	12.496148	27.9587188	22.6770289	37.5978325
K03626	nascent polypeptide-associated complex subunit alpha	0	0	0.197073	0	0	0	0	1.58537	0.075893	0	0	0	0	0	0	0.0395941	0.484426	0	0	0	0	0	0	0	0	0	0	0	0	2.14497	0	0	0	0	0	0	0	0	1.77092	0	0	0
K03627	putative transcription factor	0	0	0.130239	0	0	0	0	1.8399	0.125388	0	0	0	0	0	0	0	0.480214	0	0	0	0	0	0	0	0	0	0	0	0	2.54097	0	0	0	0	0	0	0	0	2.39389	0	0	0
K03628	transcription termination factor Rho	40.8094197	31.7193561	22.4487534	19.109409	20.952552	24.790169	27.829495	7.102949	12.2310526	10.950967	15.035155	42.5571376	39.6545263	45.4314175	13.4099736	7.9058636	10.2741904	13.5730765	16.1083802	38.5219076	38.6144324	42.9739839	81.2010061	3.3272367	11.096756	14.6136022	24.3446713	4.710329	6.849577	14.4399296	7.0370362	11.2309037	43.9280016	29.985651	8.7582951	9.9473422	33.8632301	77.2274162	57.1170076	73.790552	74.1687905	5.2636747
K03629	DNA replication and repair protein RecF	74.120944	92.028283	44.6126946	43.7463857	146.8814859	55.3014054	55.3704482	58.9278682	59.8531506	93.3805556	63.7378278	40.2803654	40.2144748	17.681691	7.9200729	39.2630047	17.188592	38.7376725	50.8789762	71.1407221	45.5201061	48.1556449	85.3372246	47.0219726	23.1311193	70.078114	69.937348	53.1818074	71.2366662	29.085221	42.454408	33.0205113	61.3173342	37.4325698	46.2305486	20.4565981	61.7553004	67.1066017	65.454478	106.577452	89.277144	49.1095279
K03630	DNA repair protein RadC	41.15786	30.8149075	29.6792647	19.2892092	20.6857628	27.95350579	37.8515112	12.6711086	21.0540669	60.19129289	45.62198671	7.7042469	30.0949282	22.3106	37.4469694	15.1368062	11.6493256	22.0802665	25.5351072	47.6333831	37.2311464	44.8876532	70.5855856	37.7981286	11.7228875	15.050014	10.11298008	32.11179043	20.42835433	16.6489332	24.3960473	19.3668866	62.1965093	27.32620266	15.5783083	19.2101461	31.6073528	33.9048307	51.0780093	87.4488419	67.7754915	17.362883
K03631	DNA repair protein RecN (Recombination protein N)	5.4370217	3.1877377	7.8872105	13.0750856	18.8987554	27.4808125	26.0476773	11.3527352	11.2888992	7.2920044	17.7096773	17.5769794	26.0906888	14.301736	16.5090124	12.0238904	18.4911418	6.7678976	6.9044037	30.3636775	34.254258	24.7023307	23.4225475	4.189696	2.206668	14.397267	9.2344331	20.0467221	27.9875861	9.1993326	29.133797	27.322258	28.3622467	23.9683435	9.2723315	10.6003924	28.6142011	12.71660835	18.9057201	12.9604622	31.6824789	13.4245411
K03632	chromosome partition protein MukB	0.0446448	0.430863	3.809509	0	0	0.157973	2.2910196	0.0511719	0	0.681317	2.0848	0	1.01717	3.244643	2.80189	0.319026	0.126923	0.437373	0.274875	0.0672507	0	0	0.11243	0	0	0	0.137767	0.79612	3.17176	0	0.4216981	0	4.1288493	1.0801383	0.0855035	0.394815	0	0.0570551	0	0	0	0.8376453
K03633	chromosome partition protein MukF	0.0652408	0.2690021	4.2118901	0.01759618	0	0.221768	1.91572	0.0901914	0	0.4543426	2.714391	0	5.130024	3.343256	3.41558	0.173594	0.133393	0.3634308	0.251555	0.0883393	0	0.0287041	0.14227268	0.0227825	0	0	0.2021277	0.6626222	3.089486	0.0338666	0.584611	0.01703517	11.485431	1.5515618	0.184349	0	0	0	0	0	0	1.4214427
K03634	outer membrane lipoproteins carrier protein	0.0592018	0.556383	8.72775	0.200486	0	0.290604	2.0324715	0.133579	0	0.6471886	5.181147	0.226012	2.06951	3.95022	7.3428	1.065939	0.298835	0.4751055	0.22567	0.23946	0	0.242737	0.0744349	0	0	0	0.195489	1.0837932	2.0947801	0.1672722	1.064345	0	18.8424652	1.627973	0.7582486	0.758692	0	0.0570419	0	0	0	1.53884
K03635	molybdopterin synthase catalytic subunit [EC:2.8.1.12]	0	0.357978	3.586012	0	0	0.0902634	0.4743992	0.0897416	0	1.0164882	5.226578	0	0.0411826	1.62484	10.796628	0.421585	0.300337	0.63051	0.5020852	0.1152582	0	0.3370122	0.189588	0.1122231	0	0	0.227103	0.853201	6.863485	0.0836524	0.1403301	0	23.3056	1.317649	0	0.140262	0.0868282	0.2386865	0	0	0	1.1611631
K03636	molybdopterin synthase sulfur carrier subunit	0.0873226	0.9415556	3.965029	0.0295985	0	0.3416862	3.9615389	0.543572	0.1807674	1.554573	4.46102	0	0.0844028	0.707365	3.83827	0	1.24639	0.452985	0.431269	0.242546	0	0	0.0854839	0.2911875	0.0146312	0.0394788	0.179198	0.868682	6.83092	0.0470788	0.6299328	0.0364847	4.8658192	1.6698909	0	0	0	0.0915047	0.2569197	0.0794019	0	1.9721393
K03637	cyclic pyranopterin phosphate synthase [EC:4.1.99.18]	11.0628126	9.8138891	17.8677847	14.522167	7.467881	49.128691	54.4678541	9.3369134	16.785309	6.2682446	29.712569	0.7567317	11.0694009	30.859536	22.480114	5.4316633	32.273898	11.4778013	17.277409	26.029249	50.84806	11.18075	7.5729713	5.4146801	3.462819	14.6578899	55.2101239	3.8526739	5.605984	7.655553	20.639232	30.9163228	21.8424257	25.7608086	17.4668657	8.5924262	15.4693938	6.67393	11.5222591	11.9176764	17.5918215	2.880629
K03638	molybdenum cofactor biosynthesis protein B	0	0	3.525511	0	0	0.115581	1.525679	0.0971483	0	0.4902139	0.338454	0	6.18303	4.53649	25.3079	0	0.40569	0	0	0	0	0.0206867	0.216788	0.0475624	0.0202916	0	0.213261	0.0150552	0	0	0.401369	0.117093	19.9654456	1.69948	0	2.02318	0.0481568	0	0	0	0	1.635546
K03639	cyclic pyranopterin phosphate synthase [EC:4.1.99.18]	11.7347826	5.4039453	15.0037739	13.055118	5.113312	7.2162597	17.6209005	18.0489392	19.448561	9.6150673	26.7460206	12.330856	5.44491	13.2795625	4.4623898	9.8599075	20.7048893	11.863121	14.5840029	15.19568	38.1154092	7.1380992	3.5376693	12.5204028	3.369848	5.1905044	4.4095615	4.268002	23.990025	6.3831117	16.17922	22.958774	38.2813587	30.2374706	10.259063	6.6278291	9.41967	9.7547833	9.4637794	16.6143185	15.7785358	14.654353
K03640	peptidoglycan-associated lipoprotein	0.083063	0.406722	7.54207	0.5149637	0	0.179553	3.03537	0.165138	0	1.132728	2.2125	0.1278168	2.74445	4.22612	8.7977	1.239014	0.394291	0.436923	0.338505	0.0836554	0	0.2045217	0.286785	0	0	0	0	1.6144928	2.163327	0.145085	1.359262	0	16.1127676	1.89168	0.622836	0.964681	0	0	0	0	0	1.98646
K03641	TolB protein	1.4072038	1.119082	2.857123	0.384522	0	0.293655	2.07886	0.1553495	0	0.673951	4.48267	0.3538172	1.3383701	2.886464	2.78376	0.506983	0.765498	0.550511	0.343189	0.188787	0	0.3428745	0.9136074	0	0	0	0.15047	0.933949	3.21042	0.9148716	0.332032	0.0508603	14.3372217	1.803949	0	0.356746	0	0.0768543	0	0	0	1.63644
K03642	rare lipoprotein A	0.436613	0.296407	0.0870111	0.54453	0	0.0537896	0	0.0845004	0	0.223941	2.592303	27.7381728	22.660452	0	0.177891	2.102969	0.4946682	0.0369918	0.0465843	0	0.0834794	4.9725646	9.7180864	0	0	1.57789	0.194071	1.0634185	5.1321019	4.3445088	0.4777429	0.16348	17.981768	9.093218	0.0762756	0	2.16114	28.9408307	2.48856	0.173495	0	0.270749
K03643	LPS-assembly lipoprotein	0	0	3.5215019	0	0	0.213664	1.251601	0	0	0.868749	1.15536	0.155697	5.53307	8.29189	23.0818	0	0.596562	0	0	0	0	0.217565	0.4192096	0	0	0	0.278753	0.0965203	2.35772	0	0	0	18.730667	0.544065	0	1.97049	0	0	0	0	0	1.337271
K03644	lipoyl synthase [EC:2.8.1.8]	1.712912	3.040491	7.2285779	0.6835434	0.117	1.1892609	7.0759685	2.4690579	0.4810075	9.9858304	6.3589407	32.074473	18.698467	5.3548154	16.3119422	32.6994001	2.2689199	1.9265241	0.574387	2.7548854	1.4172687	8.1884282	3.5376914	1.0336646	2.804379	7.543242	1.8012041	44.8903948	62.9637917	4.7377144	2.8276427	3.483354	21.535932	7.5151597	4.5918043	1.5483227	3.5205987	7.640244	6.3713338	1.1761009	0.085733	2.5742232
K03645	negative modulator of initiation of replication	0.0576243	0.599032	4.35046	0.017857	0	0	0.477528	0	0	0.8175745	4.70496	0	4.01041	4.67289	12.9649	0	0.836736	0.582452	0.4880019	0.338312	0	0.0121004	0.103617	0.0584764	0	0	0.130326	1.156185	0.7871826	0	0.0184333	0	6.9621626	0.533512	0	1.66491	0	0	0.0247493	0	0	0.557162
K03646	colicin import membrane protein	0	0	1.239001	1.64596	4.31362	22.6387602	8.891547	0	0	0	0.120533	0	10.8883	0.462854	0	0.520781	0.306661	0	0	1.117427	4.90126	8.58908	5.470983	3.20494	0	0	0.0469493	0.0817709	0.766551	0	2.00869	0.645905	8.514489	0.3114489	0	0	7.07939	2.31466	3.35102	0	7.31806	5.86013
K03647	protein involved in ribonucleotide reduction	0.111294	4.032435	12.8240006	11.5181911	81.4413386	27.5471294	19.3559413	0.135114	0.141369	3.1159202	4.118097	1.3682397	18.928534	6.5992771	17.6107091	2.7663171	1.4292893	0.660727	3.032168	18.8955449	0.2674987	13.095932	21.2797598	1.751903	1.0033759	12.2677	16.656718	0.9508035	5.823767	0.5897143	43.1080784	10.5180425	34.2249514	4.3717271	3.4160015	3.9512654	29.0862558	13.0750488	12.6020279	1.0358274	21.5700881	14.7244225
K03648	uracil-DNA glycosylase [EC:3.2.2.27]	50.7516268	30.1965794	22.2464726	17.5156168	24.3052771	29.9594323	43.0431834	28.7994777	35.1017104	67.5261657	42.9936677	61.3757619	37.041075	15.32658	19.3312129	40.7901991	9.8212555	18.2375167	28.2168432	53.0362358	44.742935	15.2215492	13.9479396	21.71623198	14.3102176	20.7585343	23.4670238	56.2597061	130.1208304	19.4919674	18.1557067	20.3913499	39.1308241	23.9643566	23.5444753	28.8483718	42.8373717	51.6413375	55.1166593	83.8529363	77.7739206	27.7871087
K03649	TDG/mug DNA glycosylase family protein [EC:3.2.2.-]	0	0.405106	9.775248	0	0	0.4230849	2.194845	0.1030865	0	0.424002	0.516214	0	7.12672	3.70921	24.4731	0.793572	0.4640725	0.0972979	0	0	0	0	0.126134	0	0	0	0.12047	0	0.566699	0	0.8073853	0	4.42054	0.1554648	0.605718	0.8649521	0	0	0	0	0	0.4742181
K03650	tRNA modification GTPase	49.8926778	36.9572115	36.213181	18.709934	23.7256723	20.4848326	35.7359343	18.2790783	18.9606976	76.00083312	53.5618644	59.3392672	34.7688545	9.9415163	4.0020046	34.1891161	5.0965606	22.4280654	31.0208762	57.6204679	34.4119519	62.7002777	105.3812603	41.8297024	24.4582639	25.9908602	23.1055957	39.9010632	67.0913506	24.1144285	27.6065006	12.9759631	57.447999	38.4540612	17.2087539	8.2837432	48.3524511	85.4729424	63.9507745	79.4846312	76.5708312	37.6571805
K03651	Icc protein	0	0.0242669	2.52142	0.505189	0	0.0507071	0.230503	0.0221512	0	0.0300041	0.283137	0	5.73642	3.98127	22.285	5.962704	0.534316	0.00932183	0	0	0	0.138015	0.3428777	0	0	0	0.22022	0.122999	0	0.108399	0.160459	0.0164252	6.710256	0.498068	0.1399401	1.50172	0	0	0.1756241	0	0	0.505023
K03652	DNA-3-methyladenine glycosylase [EC:3.2.2.21]	0	0.135198	0	0.8012641	0.1685211	0.190709	0	0.345734	0.0328342	1.612062	0.8962827	2.79742	0.0519402	0.820614	0.1389676	0.971833	0.731916	0.0567571	1.9787	0.3985513	0	0.8006763	2.2083553	7.2842268	0	0.420957	0.0699311	0.04033	0	3.0702992	0.78733	0	9.808237	0.1754692	0.0418531	3.183829	0.0936382	0	0.0344014	0.0596865	0.0556457	2.7292535
K03653	N-glycosylase/DNA lyase	0	0	0	0	0	0	0	0	0	0	0	0	0	2.71666	0.284601	0.0735323	0	0	0	0	0	0	0	0	0	0	0	0	0.872032	0.421393	0	0	0	0	0	0	0	0	0	0	0	0
K03654	ATP-dependent DNA helicase RecQ [EC:3.6.4.12]	0.5901458	1.461433	12.7272601	0.8698396	0.3642191	2.4327395	10.425373	1.4268456	0.3014355	9.1605036	5.9363839	24.9036043	15.3884599	9.1512402	21.7083799	22.9786248	3.0848652	2.7347274	0.6608759	1.6603285	1.496037	34.3462904	57.2587233	1.4483791	2.5971662	5.6082539	2.5745879	52.382125	104.4010832	8.3789677	15.9449583	4.7668448	17.616403	10.6417522	0.5841535	5.9943389	5.736476	2.9388379	0.6409077	0.3782119	0.6523474	9.4389205
K03655	ATP-dependent DNA helicase RecG [EC:3.6.4.12]	61.6422601	73.8514056	46.2013102	102.1963321	144.0995523	76.2209599	82.1199647	74.9484673	66.4400892	66.4745032	68.8811389	31.0339913	47.2062326	34.5213621	39.044018	55.6219252	45.1230197	54.0560899	81.1077031	55.5657776	61.9616737	74.9215133	123.7506829	48.4690371	36.8453846	91.0024663	61.9526949	67.6914628	60.9941787	47.376111	54.7443493	74.5939817000001	56.0801485	85.8241957	35.571957	45.2778793	54.812665	40.8772915	28.4831773	35.9932875	34.6805166	52.7255572
K03656	ATP-dependent DNA helicase Rep	0	0.594677	5.06679	0	0	0.255128	3.2713	0	0	0.359986	0.836667	0	4.50149	3.35091	12.7848	0.0709474	0.270419	0.703845	0.435574	0.0480132	0	0	0.153531	0	0	0	0.105688	0.88618	0.450923	0	0.389132	0	11.67508	1.7592354	0.267991	0.793475	0	0	0	0	0	1.80361
K03657	DNA helicase II / ATP-dependent DNA helicase PcrA [EC:3.6.4.12]	33.5569993	47.7115753	55.983228	53.116751	95.4560165	75.1305437	62.0146914	48.1298005	40.6645025	45.0821414	71.8507695	26.1244224	45.2034993	46.1955465	34.8887341	24.0774433	52.8878806	34.3601009	23.4588568	72.7430669	91.2176048	124.3159684	213.6851633	49.3834575	25.8157938	41.2925132	61.7125307	9.7541212	29.0636715	23.6845367	81.1928252	78.0644369	78.3553521	71.8683098	43.8591259	20.1280843	79.2973939	57.8708179	51.047202	41.1346915	57.5438093	46.3479702
K03658	DNA helicase IV	1.348746	2.016053	0.698502	4.97637	2.31228	3.9471544	1.2345142	3.9409529	2.5575691	2.4111797	3.371016	0.510272	2.75018	3.2517065	0.1081216	3.924745	3.5654494	0.901362	0.489947	2.362475	2.14299	0.1764051	0.332288	2.52185	0.195274	2.296797	3.169251	0.0235665	3.4862775	4.599998	0.6801183	1.22574	6.3157142	0.598058	0.900344	1.6328736	0.2385893	1.2385686	4.584445	7.292703	0.443098	1.911099
K03660	N-glycosylase/DNA lyase [EC:3.2.2.- 4.2.99.18]	4.4728858	3.8292952	3.476081	5.643684	3.360488	4.24969	2.206522	7.427326	5.494784	2.5695702	4.393208	0.942103	1.818351	1.1273349	0.1567931	1.0880086	3.3013775	4.845073	6.624656	3.375833	2.905641	1.5918578	1.37478	8.7931784	0.3349605	3.7094145	2.6484328	0.7834349	2.33585	4.8887475	1.920442	1.538724	6.019	4.3097	2.592816	1.8055098	3.3192529	5.2804664	2.038376	7.8726648	4.202507	10.52639
K03663	4-galactosyl-N-acetylglucosaminide 3-alpha-L-fucosyltransferase [EC:2.4.1.152]	0	0	0	0	0	0	0	0	0	0	0	0	0	0	0	0.0717344	0	0	0	0	0	0	0	0	0	0	0	0	0	0	0	0	0	0	0	0	0	0	0	0	0	0
K03664	SsrA-binding protein	30.8487973	57.1220964	33.1209094	16.9111103	96.2367766	40.8967551	37.4530179	38.1283675	40.1508238	100.8712415	70.7059886	35.7688153	27.488097	36.3181505	10.3264721	49.9980676	23.9133285	31.549342	50.5081689	41.7560903	5.8118716	39.8291915	62.0545709	65.1072806	42.4170211	56.8869894	41.0382864	58.1073922	34.4500289	20.8851593	48.5363873	23.0218415	67.5032969	43.2552737	35.8803624	42.8293353	51.5073892	43.7859121	18.2085926	8.4186471	53.0301653	64.7424753
K03665	GTP-binding protein HflX	12.2108759	44.620088	40.3813468	24.0949826	91.1892086	50.7735467	43.7855787	26.7238723	25.9396243	30.4056858	23.0804977	32.6299174	49.0753342	10.4836229	6.075385	10.6130412	22.8703937	26.59374	24.2798592	35.0526012	9.5648883	86.7614761	150.7379833	36.7499869	27.4989351	41.5866674	53.2877772	6.5630812	4.079376	12.8095111	33.5411177	18.7951931	53.1874757	37.855061	27.8617544	10.6289157	51.5441363	64.4192221	30.9083287	29.078236	49.7758225	38.0150051
K03666	host factor-I protein	0.2916181	1.806781342	13.9704635	0	0	0.7297474	4.73582667	2.615045166	0.353388	1.57127139	3.87547156	0.4385494	12.6965895	9.395946	38.06723	1.104022	2.4674428	1.187224	0.837554	0.18833773	0.199583	1.71501	1.30233654	0.119897	0.297754	0.195125	0.213581127	2.249353	6.18923	3.0093134	1.467172	2.10130937	28.6273892	4.6368646	0.652804	2.601106223	0.395218	3.3740781	0.152107	0.309753	0	8.332692
K03667	ATP-dependent HslUV protease ATP-binding subunit HslU	0	0.700314	6.2586229	0.733375	0.112044	0.4344104	4.3178451	0.259035	0	1.9500409	2.955171	0.6131037	8.011492	3.59701	3.46507	1.9795638	1.602844	0.520595	0.251555	0.186749	0	0.4372796	1.644504	3.4527342	0	0.284285	0.383029	1.176268	8.4917089	2.5310121	16.471027	1.8439	14.693994	1.72199	0.6602481	4.180405	0	0.0743185	0	0.2196004	0.0339465	5.4930968
K03668	heat shock protein HslJ	0	0	2.85286	0	0	0	0.5844775	0	0	0	0.819703	0	5.69858	4.16669	20.7515	0	0.303432	0	0	0	0	0.0594184	0.1787841	0	0	0	0.377494	0.198556	0	0.0331624	0.0490233	0	20.829044	0.588153	0	2.72073	0	0.0473555	0	0.0313848	0	0.700412
K03669	membrane glycosyltransferase	0	0.155778	2.418	0	0	0.144749	2.27328	0.011592	0	0.375275	0.396277	0	3.78056	5.00063	9.34883	0.178629	0.237377	0.0178943	0	0	0	0.0137669	0.152388	0	0	0	0.170682	0.0200967	0.873509	0.0224908	0.321525	0	11.69299	1.74928	0.0430502	1.561	0	0	0	0	0	1.59043
K03670	periplasmic glucans biosynthesis protein	0	0.249007	1.79925	0	0	0.155843	2.52734	0.0642137	0	0.523972	0.686712	0	0.437173	2.76297	1.87782	0.283759	0.0794088	0	0	0	0	0	0.188662	0	0	0	0	0	2.98025	0	0.578773	0	15.94021	1.53542	0.203304	0.171869	0	0	0	0	0	1.81482
K03671	thioredoxin 1	21.9080528	16.2221864	47.0695187	86.4850866	76.6708352	112.3842354	95.2954354	82.9955084	90.2574844	69.3253655	75.5501725	32.802055	55.0123229	64.1438581	23.7181447	26.7721929	94.6845497	57.0781396	56.0885351	93.8233990000001	153.5241629	76.9144094	108.9087538	86.7415729	78.0098645	53.6200312	85.3152321	67.8507612	44.4067405	44.2034174	120.2992514	119.2384116	79.3163054	54.0213655	69.1158748	33.9133079	87.8934791	52.1040634	54.6505853	69.500784	156.4338467	57.686021
K03672	thioredoxin 2	0	0.301298	2.10795	0	0	0.133673	0.8221792	0.091684	0	0.287529	0.511912	0	4.98164	3.55254	17.9871	0	0.374982	0.0373146	0	0	0	0.126583	0.140455	0	0	0.0115325	0.0136347	0.308865	2.09288	0	0.183048	0	9.1310404	1.65887	0.013695	1.02002	0	0.0198708	0	0	0	1.7867633
K03673	thiol:disulfide interchange protein DsbA	0	0	3.155301	0.045998	0	0.0291741	0.430911	0.186856	0	0	1.283585	0.2219885	6.31907	3.77265	25.5687	0	0.578874	0.0143407	0	0	0	0.0716508	0.248318	0	0	0	0.314409	1.338302	7.2016721	0	0.165633	0	30.93711	0.840361	0	1.66212	0	0.203109	0.0445945	0	0	0.741941
K03674	glutaredoxin 1	0	0.0792889	8.77851	0	0	0.3893447	3.0278521	0.0773352	0	0.919039	4.712645	0	0	3.27622	0	0.310642	0.170446	0.7659719	0.653713	0.0406188	0	0	0.295944	0	0	0	0.238931	0.65837	3.35894	0.11432	0.833011	0	6.2688018	2.158667	0.303496	0	0	0	0	0	0	1.34873
K03675	glutaredoxin 2	0	0	4.10529	0	0	0.0375366	0.148587	0	0	0.0410221	0.585924	0.0211483	8.41184	4.34653	23.2799	0	0.462053	0.021835	0	0	0	0.051472	0.217977	0	0	0	0.207266	0.167457	1.73706	0	0.0914263	0	4.62932	0.610903	0	1.74286	0	0.0881973	0	0	0	0.475865
K03676	glutaredoxin 3	0	0.088617	5.6891114	0.0219437	0	0.0822665	0.56424	0	0	0.00965584	0.225844	0	1.90651	1.99727	8.30289	0.131465	0.812126	0	0	0	0.0217046	0	0.0941328	0.0215814	0	0	0.168657	0	0.547157	0	0.267825	0	27.8554	1.40847	0	0.818198	0	0.0861221	0	0	0	2.9944952
K03679	exosome complex component RRP4	0	0	0.115434	0	0	0	0	6.28454	0.290422	0	0	0	0	0	0	0	4.270833	0	0	0	0	0	0	0	0	0	0	0	0	6.74948	0	0	0	0	0	0	0	0	7.65521	2.45483	0	0
K03681	exosome complex component RRP40	0	0	0	0	0	0	0	0	0	0	0	0	0	0	0	0.0209332	0	0	0	0	0	0	0	0	0	0	0	0	0	0	0	0	0	0	0	0	0	0	0	0	0	0
K03683	ribonuclease T	0.0399925	0.48018	6.31368	0	0	0.0505493	2.9244553	0	0	0.681997	3.10242	0	4.65337	6.08505	12.1444	0.444442	0.96107	0.7612407	0.30668	0.107882	0	0.0857867	0.0252436	0	0	0	0.24181	0.813468	3.53683	0.074116	0.76465	0	22.072577	1.374671	0.243163	1.57528	0	0	0	0	0	1.862931
K03684	ribonuclease D	0	0.117272	4.8578755	0.9501893	2.2027033	0	1.3656135	0.0493708	0	1.2154646	4.537449	0	10.37531	7.59066	25.5758887	0.233603	0.476402	0.4575953	0.437983	0.2975413	0	8.05589	5.2317033	0.0478554	0	0	0.178085	0.7521447	0.931612	0	3.2175277	0.453681	14.9074279	1.251373	0	2.621575	0.0526439	0	0.0552805	0	2.12658	4.591035
K03685	ribonuclease III [EC:3.1.26.3]	49.8657384	34.972002	29.2768276	30.6564209	49.0648608	91.7858713	76.3423088	39.0104234	47.4294434	68.9275147	50.0447412	27.610499	32.5184085	17.0392842	9.9282211	25.9212407	18.409262	30.5053833	38.264008	85.9204304	47.3772705	46.9857851	81.6207396	38.2503986	29.537807	29.3486698	47.4176133	54.5210068	71.56405	25.4952344	62.7842223	40.6986591	58.9147936	26.0672812	37.1097373	17.7132249	92.1700268	67.2109256	74.814457	101.9668359	102.0658583	36.9642551
K03686	molecular chaperone DnaJ	109.8416166	70.2852273	42.6797041	56.1620187	80.9379059	155.2099947	113.0609236	49.473835	56.0316318	78.7052557	76.3856465	31.4844224	44.7856989	42.5404129	42.0397912	28.1911065	39.5483707	39.425818	52.6573844	154.3649738	107.9865081	60.0052773	101.2339666	59.8972955	27.3713735	47.7563986	58.3522945	33.0314648	61.7382488	30.6534206	71.9694372	69.5306013	106.016746	61.894299	39.0928784	18.0624849	148.1578217	117.5129367	145.593652	188.7211539	197.7866498	39.9382823
K03687	molecular chaperone GrpE	63.8130485	75.8233706	41.3749161	73.0847984	122.9458144	69.5758435	46.6224787	46.9446447	38.6121689	79.730968	70.137631	41.7677578	62.4819814	61.3041824	32.3069556	24.2524748	43.880653	30.6360348	20.4411762	118.3507062	51.0263259	86.5245625	142.4234898	37.3715335	30.3641002	66.6979332	83.5579274	33.7745766	95.0095974	41.8931575	113.7547477	46.0296194	78.2637451	30.6332232	62.9983041	27.8920784	90.1821715	77.0132982	126.7043171	92.8674628	86.6777035	69.6558981
K03688	ubiquinone biosynthesis protein	34.5060223	24.336924	30.82491	24.504098	28.9400552	30.8571025	48.518058	27.168952	41.2060631	20.6887411	18.790005	0.5775192	20.065559	20.07723	8.70964	3.5643393	24.2145175	19.4619972	28.200502	38.43378	55.90489	60.9246435	99.0338988	14.7717869	6.71224	13.915933	26.0498248	5.8203867	4.113895	9.7466498	17.921852	36.261434	33.548469	30.0292063	22.8557043	3.878845	36.9294142	31.704396	45.3593706	84.4057584	53.015631	16.6303646
K03690	hypothetical protein	0	0	4.76259	0	0	0.0736069	2.0837488	0.0580014	0	0.1131706	0.892479	0.245028	9.50642	6.0126	37.3755	0	0.706455	0.0952175	0	0	0	0.112426	0.2159588	0	0	0	0.404217	0.419462	1.34629	0	0.179725	0	14.984489	2.65015	0	3.33093	0	0	0	0	0	0.7981021
K03693	penicillin-binding protein	0	0	0.304499	0.3607058	0.111748	0	0.0923664	0.1556449	0.124592	12.302059	7.6024171	2.29887	0	0.464925	0.2247712	0.1177773	0	0.456076	1.608785	2.68396	0	0	0	0.52204	0.122301	0	0.0429004	0.0812389	0	0	0.5206207	0.537187	0.1950048	0.9884427	0.9616483	6.84174	0	0.306123	0	0.0891884	0.310117	3.1269606
K03694	ATP-dependent Clp protease ATP-binding subunit ClpA	0	0.089242	1.46617	0.44689	0	0.62532	4.99706	0.42814574	0.174786	2.286331	2.819471	0.24231003	4.17021	3.472488	3.862076	5.624698	0.7383068	0.570827	0.115503	0.803546	0.618045	1.35442423	0.68247	0.7509876	0.900726	3.00488	1.15098	22.5714731	3.672281	2.1434278	0.6286632	0.429058	15.690955	5.80415	0.2293692	0.980534	2.6834	0.9660735	0.136832	0.3324473	0.038938	1.39996
K03695	ATP-dependent Clp protease ATP-binding subunit ClpB	52.6909599	33.5474502	25.8808329	29.9081711	49.726375	96.5286418	77.3061882	33.41284735	39.4156308	32.3341444	16.2180431	31.7780293	44.3359657	26.9423283	10.3310852	39.7200644	16.9191463	25.3921333	31.9867182	76.4538348	48.2005852	59.32640061	83.2191722	8.66967935	32.0739532	40.438888	44.2024144	53.5628732	58.3204234	24.80350874	47.2932558	37.4938663	57.596578	25.5734365	28.7972091	18.2101153	90.4942736	69.9057308	79.1408489	90.4909456	102.961379	33.8850671
K03696	ATP-dependent Clp protease ATP-binding subunit ClpC	7.9301485	6.09797	22.8668647	7.0998969	2.1459255	8.17183	10.4784974	14.6523549	15.7042621	6.4795739	20.8706989	14.3978113	14.7554042	11.7856776	5.0688288	5.6614094	24.5066064	8.3453063	7.200917	17.1684721	51.5377286	48.6217095	81.5452959	4.4228429	1.5861838	3.5300086	6.200579	6.3246224	29.02983	10.0184743	17.9097794	25.5265314	11.58455	25.1680993	7.4443383	13.3049613	3.3445923	2.7287972	10.8391912	17.5728592	23.6484305	6.1165791
K03697	ATP-dependent Clp protease ATP-binding subunit ClpE	0.0613748	0	0.8776913	0.501976	0.335531	0.122414	7.78613	0.1460607	0.114522	12.137401	8.8165889	0	0	0.2722621	0.2534244	1.1220791	0.139654	0.5011399	2.192507	2.5659461	0	1.67155	0.6199785	1.1057797	0.6237834	0	0.0493567	0.130129	0.12239	0.5935072	1.8447452	0.7281095	6.4106182	1.2185359	0.723872	4.5868261	0	0	0	0.1113621	0.22945	1.7911837
K03698	CMP-binding protein	45.668036	31.035911	8.499696	16.911344	29.5380009	32.5173785	41.0871336	19.7227987	29.4855791	65.764409	65.045615	0.5866637	8.8389762	17.59089	6.8026065	7.8557915	29.638394	16.4926791	14.230735	74.1477787	80.7776961	9.4087078	8.9196632	25.8001057	32.6262617	19.395714	38.7109014	5.4658624	0	13.1439716	21.9442996	37.655012	28.7964005	51.7802115	22.167424	12.100235	31.786431	44.3891945	65.13176	81.5868247	87.1509618	18.3071685
K03699	putative hemolysin	33.2540979	23.042366	3.9340078	15.4785894	14.120147	14.2669519	12.7108214	10.1396879	10.4459113	19.4707599	14.8452812	4.4043287	13.6829889	4.2361912	0.8365416	7.9164254	6.2337214	6.060551	8.222726	30.6638464	29.82813	8.0559628	7.641892	4.8689353	10.3443498	20.5073999	17.136372	27.7948044	2.333417	9.4461636	3.7785328	7.2733989	15.4807489	14.4108033	4.8358887	11.984607	20.5154949	26.5454148	39.4111376	61.3304049	50.4121287	2.3589526
K03700	recombination protein U	0.4499824	0.80525	9.4578814	1.8243582	2.1084852	2.487766	9.7265988	3.0288699	2.7010809	43.5186283	34.2416277	2.2321335	3.561067	7.4741198	1.3202377	2.2945515	4.7542533	8.0975809	8.623759	18.9570491	7.0741584	29.2792504	57.521673	27.253473	1.6995121	1.312212	3.2343803	0.805639	0	5.0897666	19.4999203	3.3033332	6.8919887	2.5546919	11.1595592	8.1231674	0.4167146	3.46059	5.3543377	1.713655	3.8009256	17.1959114
K03701	excinuclease ABC subunit A	53.8644579	36.8048826	22.3877447	27.5699944	21.7580685	36.12624	37.0707636	14.2955271	11.1973038	31.9904926	19.4839018	29.94561922	15.8900136	13.6047069	11.4847382	23.5181231	6.9283864	12.8282076	12.6232656	46.140561	34.8831711	46.7132058	73.9576761	4.9895979	15.4564874	18.0436521	22.2961636	42.2344713	62.8177001	17.20078453	8.3951675	12.3428838	43.6667267	24.2190129	7.5620324	12.4424138	34.1995102	39.992972	52.4371118	71.8275194	70.815268	14.8084693
K03702	excinuclease ABC subunit B	18.7526237	37.9893508	23.9192864	24.9627586	91.8128692	54.1079755	49.0788068	48.1318093	44.1324148	97.2382097	69.8889048	31.19936087	45.2269439	12.3602292	8.9346655	32.3849932	16.6959662	32.6383357	42.4833823	47.9716442	17.8695173	43.9105843	62.0209164	27.2390093	23.1298007	43.492267	39.4775045	43.5025063	56.9958973	30.7178965	35.917412	30.2185908	54.2159916	21.5578221	38.0330973	15.1814507	61.17794	37.6994982	36.7589463	23.9644545	42.9581506	47.4112659
K03703	excinuclease ABC subunit C	58.377099	38.2889313	26.3713048	25.6435997	34.1764611	54.8149346	66.8502428	36.6589437	44.6388427	74.5779939	56.0919704	30.718871	20.0827774	21.056712	6.9083125	30.6948586	25.2884592	27.5215163	38.7535586	63.7242135	65.688962	44.0063616	63.7819243	41.3624811	25.9207915	31.7048799	43.2473594	37.8453913	73.36626	20.6589893	39.2604466	46.0407678	46.1544356	40.3817531	35.2833853	11.6683378	56.6148675	61.1535706	69.8502833	107.2359837	79.3111042	23.3942372
K03704	cold shock protein (beta-ribbon, CspA family)	98.4156	100.3283527	69.3070324	83.03742	146.447218	115.9283229	92.584507	45.243247	49.7385082	29.45656501	40.8047929	27.6348943	119.4390978	220.6011817	293.7955079	21.1557633	31.9000777	42.6491316	43.7954567	105.4638399	74.763531	72.8611163	105.5531694	8.2360004	13.9166697	66.2720852	95.2182936	20.065529	26.8856223	26.1009946	57.7573561	42.7315057	194.5730214	43.376097	27.8308153	77.9274852	106.4103362	97.9101028	118.8911545	148.4515104	170.7395733	62.2891248
K03705	heat-inducible transcriptional repressor	14.7770171	37.3418118	21.7832541	21.7452668	83.4011641	59.078816	42.6248748	21.0767506	22.7084476	61.7008667	52.7562293	5.144088	26.4578585	9.3442072	3.0991388	8.8570988	13.9716176	21.591174	20.9600709	49.4143453	17.5398881	61.0975059	107.3221845	37.6934701	18.7868899	30.3463826	50.91422	5.440694	4.657126	14.3198254	45.6369512	23.9276771	26.9330013	12.0505601	28.0389262	15.7006897	44.448321	26.2903409	18.7679795	26.874455	35.0248479	33.026057
K03706	transcriptional pleiotropic repressor	0.327935	0.8786955	2.4219002	0.8544007	2.0074078	0.9630696	9.76669	1.341482	1.8979852	39.942588	33.2051409	0.0572415	2.164793	2.0937275	1.0866315	1.5523115	2.063777	6.0097335	6.0929829	11.7222329	1.8300516	1.9605192	1.4544031	21.02371	1.110621	1.038612	0.997299	0.6314498	0	2.3378535	2.912523	1.3598211	0.8218066	2.197266	7.3576654	1.5806689	0.108126	0.3226142	1.4613854	1.987126	3.6409601	7.49385
K03707	thiaminase (transcriptional activator TenA) [EC:3.5.99.2]	0.436873	2.5256589	0.724127	0.0537889	0.172985	2.453776	1.2224578	0.8362724	0.797356	1.0391181	1.524322	0.115399	0.301864	0.4414485	0.0304033	0.329828	1.97689	1.3045104	3.669902	1.0769631	1.271161	2.985883	2.1721648	0	0.215044	0.52155	1.1774641	0.163628	0	0.6500931	0.749911	0.9491046	6.63693	0.1760473	1.0406799	0.8484586	0.0843434	0	1.27756	1.2292838	0.684442	1.224248
K03708	transcriptional regulator CtsR	0.175575	0.4877353	0.3480514	0.5157961	0.1825241	0.079916	0.075638	0.33803	0.0856614	2.5880167	1.231809	10.6635189	0.102891	0.1842609	0.237122	1.1043212	0.4770181	0.849588	3.606969	1.4725363	0	3.904715	1.431619	0.4179933	0.0838335	0	0	0.0539764	28.035908	2.1298066	1.4176189	0.0630219	7.51274	0.5000601	2.7934657	0.927821	0.5738528	0.697179	0.2653207	0.111415	0.0979343	2.5130463
K03709	DtxR family transcriptional regulator, Mn-dependent transcriptional	0.236499	0	15.6960992	2.574639	1.8441619	0.133193	5.37271	1.44604	0.675896	32.8682136	28.59494	0.390227	0.547016	9.853374	0.746783	0.426736	0.723497	4.4007613	2.566634	7.5051294	1.0923196	43.5333694	85.156442	1.0964054	0.599888	0.143256	0.523926	0.633368	0	2.9640023	1.2621499	1.419203	1.029385	3.596455	1.925861	3.8767692	0.3401951	1.1648784	2.15253	0.7104022	4.7802266	7.9596229
K03710	GntR family transcriptional regulator	47.7042323	37.8366326	11.1914954	49.920985	40.396023	19.8452641	41.1789074	25.9530509	26.35643	39.9725688	16.8485284	3.9133573	36.071644	42.9564958	12.9782038	5.9034048	35.4091833	26.6007417	45.4026069	59.391142	43.3701304	24.5437413	29.4210665	1.6379921	0.6367978	26.65705	47.4334268	19.3252536	0.264775	18.7855546	111.8180819	29.2235803	31.240864	16.8845208	50.234967	12.7485937	58.4487713	57.9889772	96.26228	88.0229352	59.5019391	32.6723588
K03711	Fur family transcriptional regulator, ferric uptake regulator	10.746268	19.4833591	7.5716705	9.2070708	7.017703	14.8413153	11.3881374	17.3779898	16.320945	3.9035947	8.76066	29.000036	17.108195	4.2558422	1.1222333	19.8554217	14.5031164	12.104634	8.130571	18.3171214	24.7601161	22.580494	7.139912	7.5142041	16.9533266	13.6929491	18.5088569	24.674542	55.5083123	18.8182854	13.0679628	10.9504528	18.288361	12.9342922	21.5306656	10.747463	9.410387	14.265011	25.6822177	24.2119905	20.060531	11.1732752
K03712	MarR family transcriptional regulator	0	0.317156	1.62913	0	0.0420289	0	0.255776	0	0	0.0936247	0	0	6.48214	5.41218	6.54751	0	0.387541	0	0	0	0	0.0501808	0	0	0	0	0.218596	0	0.0489562	0.0971309	0	0	3.1698586	0.266868	0	1.731221	0	0	0	0	0	0.720002
K03713	MerR family transcriptional regulator, glutamine synthetase	0	0	0.290607	0	0.2086	1.03762	0	0	0	0.500858	0	0	0	0.416097	0	0.261489	0	0	0.16236	0	0	0.0505588	1.0589	0.0770026	0.278544	0	0	0	0	0.226163	19.151156	2.64505	8.23504	0.0607973	0.0848005	0.894739	0	0.197848	0	0.068815	0	4.54555
K03716	spore photoproduct lyase	0	0	0	0.347522	0	0	0	0	0	0	0.136043	0	0	0.2948	0	0	0.263577	0	0	0	0.064349	0	0	0	0.0914128	0	0	0.0706444	0.645357	0	0	0	0.210054	0.0626461	0.112424	0	0	0	0	0	0.1555842	0.1188578
K03717	LysR family transcriptional regulator, transcriptional activator of	0	0.242006	2.37508	0	0	0.179641	3.22365	0.152909	0	0.193477	1.81217	0	0.613179	3.13504	3.07546	0.260739	0	0.0694707	0	0	0	0.0270138	0.186013	0	0	0	0.203643	0.0324564	4.30668	0.0738195	0.484132	0	6.64985	1.65645	0.532642	0.289315	0	0	0	0	0	1.76106
K03718	Lrp/AsnC family transcriptional regulator, regulator for asnA, asnC	0.031502	0.530594	10.338591	0	0	0.42482	4.2160096	1.791209	0.0856614	0.8700855	4.458169	0	8.83689	7.38956	25.3019	0.429771	1.201495	0.504914	0.464575	0.320845	0	0.24213	0.229858	0	0	0	0.16702	1.180269	2.335024	3.3077866	1.23772	0	6.348404	3.08226	0.279924	2.48478	0	0.0305589	2.36228	0	0	2.89312
K03719	Lrp/AsnC family transcriptional regulator, leucine-responsive	15.6425225	3.8884407	26.099066	3.9100776	2.7995648	28.091229	13.306138	6.4807562	1.73123	1.44534669	2.805861	2.0354069	12.995657	4.9117717	15.9492	2.136045	3.3561071	4.522706	4.714547	5.013117	0.964651	32.5362495	70.9223749	0	0.147211	1.8230589	3.7765389	5.4706754	2.891609	8.562985	6.9053981	4.7515681	13.333897	2.4410912	0.7698607	2.4407803	11.5518	4.4757365	1.787305	1.013182	2.078399	11.4475346
K03720	TrpR family transcriptional regulator, trp operon repressor	0.165513	0.692606	15.999548	0	0	0.533725	3.9976547	0.306529	0	0.7846183	6.508248	0.104695	13.61843	13.19822	49.673	0.688589	1.35762	0.504913	0.260389	0.200266	0	0.2013353	0.371859	0	0	0	0.4671183	1.234279	7.75691	0	1.300517	0.0578295	14.5559152	2.4192202	0.3471631	3.93753	0	0	0	0	0	2.1160348
K03721	transcriptional regulator of aroF, aroG, tyrA and aromatic amino	0	0.14935	2.93689	0	0	0.0167009	0.508681	0.0846475	0	0	0.209619	0	4.61596	2.92345	6.80708	0	0.581876	0	0	0	0	0.0797964	0.117088	0.0180557	0	0	0.108177	0.0187588	0.385301	0	0.208983	0.0175882	7.7755371	1.24273	0	1.70074	0	0	0	0	0	1.32442
K03722	ATP-dependent DNA helicase DinG	21.6949105	17.6293067	13.5684847	40.1897014	25.2663638	1.7906101	11.949287	10.8089984	9.4635786	20.7175987	19.9881547	3.7280704	19.0643894	14.0775011	6.7963188	4.6371531	21.6672565	7.3542259	5.884925	25.7279743	20.270267	36.5498935	58.3768953	2.759771	1.4539765	15.504791	28.9697668	8.9181845	2.894092	19.9167999	64.7503282	17.0058489	22.8683455	11.5225945	21.5172374	14.2621885	17.5433637	10.1057181	51.3691454	20.3588743	3.000836	29.7060639
K03723	transcription-repair coupling factor (superfamily II helicase) [EC:3.6.4.-]	27.37831	41.6564676	44.9022671	19.5628894	68.8513439	31.7763937	30.8853702	43.22741802	43.1096513	45.80715071	50.7164068	9.4083154	13.095327	15.3008507	4.9590381	18.167273	34.2750187	28.1280512	49.7161674	39.3005925	31.1970042	65.40968977	114.993034	58.3884607	37.0044509	46.0840043	38.608965	14.2783751	20.6727366	16.1061627	36.1253799	32.5289593	49.1292341	49.4704144	34.5681163	18.1584137	46.7202419	43.83561132	24.7114806	13.9891389	46.8991046	42.0916539
K03724	ATP-dependent helicase Lhr and Lhr-like helicase	2.27274	0.56627	0.9950936	3.9154	0.588517	0.31199632	0.517185	0	0	0.375548	0.4390453	0.427338	2.104735	0.86461	5.2055605	0.1957916	0.3314108	0.0547444	0.0701449	0.547954	0.636259	0.64270982	0.65716231	0.5741607	1.39661	0.210694	0.87551272	0.430014	0.375201	0.2357586	0.5540373	0.3045561	3.24676	0.728058	0	0.343112	0.765443	0.44303	0.144627	0.369901	0.885595	0.4838548
K03726	helicase	0	0	0.251561	0	0	0	0	1.51265	0.0402409	0	0	0	0	0	0	0	0.461394	0	0	0	0	0	0	0	0	0	0	0	0	2.4988	0	0	0	0	0	0	0	0	1.83057	0	0	0
K03727	ATP-dependent RNA helicase HelY	7.27975	0.325727	2.0267	1.95068	1.71472	14.2842978	5.867337	2.7767914	0.3823727	0.628608	0.4760722	0.151489	0.948962	0.0591639	0.0364361	0.8605502	0.606822	0.739655	0.695118	1.3001461	0.0605359	0.657797	2.0422258	0.3665649	0.0443323	1.11921	1.28565	2.2205214	0	0.559239	2.8243417	2.28711	0.553937	0.1034699	0.1271423	1.292498	7.019	2.61519	0.0426445	0	0.4329913	3.3737523
K03731	trehalose 6-phosphate phosphorylase	0	0	0.0485383	0.122519	0	0	6.68782	0	0	0	0	0	0	0	0	0	0	0	0	0	0	0	0	0	0.375776	0	0	0	0	0.26059	0.160199	0	0	0	0	0.0425008	0	0	0	0	0	0.195917
K03732	ATP-dependent RNA helicase RhlB [EC:3.6.4.13]	0.0775044	0.555699	10.4454525	0	0	0.4436198	4.775431	0.0454526	0	2.0643328	5.41844	0.0392249	5.7688	6.66295	25.70291	0.721907	0.494844	0.5177451	0.283472	0.391871	0	0.0439027	0.2775544	0.0985389	0	0.0209752	0.295623	1.1637137	3.092602	0.0876668	1.0350605	0	15.9699947	2.1759143	0.651049	1.86203	0	0.0636634	0	0	0	2.692714
K03733	integrase/recombinase XerC	14.5609793	34.0541809	16.0304021	14.7614764	83.1276411	43.2852144	19.9711285	14.1016969	8.777861	5.4840019	10.5319257	42.2811671	43.6757098	0.9021728	0.0817451	14.4178575	2.3996036	8.4195793	6.057859	24.1840538	0.502811	38.929169	69.679585	3.576217	0.6547718	26.423149	24.9931646	4.6963198	23.2436568	5.9658551	44.508045	15.6425699	41.339017	11.7181801	12.6811988	5.6304636	39.2747612	44.6350111	21.64115568	2.0930855	26.098071	19.5393394
K03734	thiamine biosynthesis lipoprotein	10.4123775	5.953637	42.1784465	28.089954	96.3392902	8.8701243	27.6833124	26.4009697	25.5146035	13.6289471	37.9431489	32.6990167	26.3793107	47.1820224	19.7891353	21.3081127	33.9925399	13.9622081	9.1432951	25.2328273	59.1207954	76.1981277	145.419774	14.7997108	4.025031	36.8944409	45.4622011	34.2931647	85.1751788	12.3654937	33.1012269	45.7306335	20.0973591	49.3393059	23.0631046	16.0432507	4.8659183	7.323241	13.3519167	14.0020828	19.7358912	6.6777523
K03735	ethanolamine ammonia-lyase large subunit [EC:4.3.1.7]	0.3486219	0.826846	1.3952946	0.612647	0.212855	0.26241435	1.200827	0.261889	0.1805377	0.488393	0.5925081	0.8074765	1.348823	0.254441	0.221644	0.709474	0.7363557	0.4046699	0.2921539	1.1508165	0.529368	0.97658	1.165322	0.350103	0.398905	0.5730386	0.764644	1.303416	2.704066	1.217636	1.092741	2.59087	15.343603	2.625377	0.6511706	0.2870474	0.641293	2.65818	0.6940991	0.419545	0.626804	7.3127821
K03736	ethanolamine ammonia-lyase small subunit [EC:4.3.1.7]	0.880845	1.742918	5.82787	1.246241	0	1.5136785	2.438782	0.683664	1.0937596	0.3174213	0.915399	1.1275224	4.664671	2.9372885	14.0625	1.257587	2.387652	0.924668	0.967959	1.7808837	1.317638	2.8303324	2.7036354	0.101072	0.102796	0.6576557	1.061714	0.167981	0.945292	5.0810585	0.889114	0.846158	14.205397	1.7180283	1.59328	1.11953	0.238278	0	1.5535249	1.56387	1.909506	1.1641063
K03737	pyruvate-ferredoxin/flavodoxin oxidoreductase [EC:1.2.7.1 1.2.7.-]	43.1791094	29.1668247	3.6657328	16.770818	18.641467	21.770737	27.409509	9.129536	13.289444	11.1896906	23.243573	3.3777188	3.6404498	14.511193	4.7342147	4.6486501	18.6834291	4.8642947	6.0069136	47.431726	60.7244253	6.4984266	8.3053235	2.126282	16.1549263	12.954696	24.2153834	2.3408577	4.1424613	10.8291882	13.2419838	26.251112	25.494239	38.237727	7.9128065	3.7897589	24.676086	38.5824772	55.2560753	75.8615993	65.87737	3.5165036
K03738	aldehyde:ferredoxin oxidoreductase [EC:1.2.7.5]	3.6288883	1.052499	0.3067824	6.457864	0.827258	0.288128	0.325744	0.349056	0.3545588	0.237861	0.170367	1.3280848	0.7499782	0	0	0.972618	0.129412	1.318328	0.080061	1.26006	1.0365	2.96331	3.067946	0.209772	1.8109	0.358709	1.979204	0.5566916	0.420123	0.6984387	0.490914	0.220268	4.2533242	2.3408879	0.0761604	0.0407889	0.731093	0.575421	1.76184	1.968536	1.3311	0.616665
K03739	membrane protein involved in D-alanine export	0.0499352	0.0353429	12.4159234	2.1900773	0.231297	0.783605	6.0527214	0.396428	0.0676583	1.7779938	0.0489534	10.5198674	0.205933	0	0.1834907	2.6820422	0.0411411	2.676785	0.379615	1.47308	0.0464546	44.76299	74.9479534	0.3649232	0.8380502	0.165942	0.4688711	0.1208309	23.6225	1.5698543	4.1606576	0.289805	0.5376181	0.4490643	1.64876	0.9566299	0.411734	0.8264946	0.403661	0.317336	0.066579	2.3578809
K03740	D-alanine transfer protein	3.030249	1.0176329	12.2970455	6.2098459	0.8279118	0.378174	6.98343	0.0550031	0.0514988	1.069104	0.8260571	2.8943934	0.3130266	0.355574	0.2819602	0.5086997	0.1192826	2.6332245	0.6577009	1.0366425	0.9091028	41.861744	76.255322	7.6127055	2.2068158	0.2635686	1.194798	0.6011948	0.332203	0.632284	0.8558571	0.464212	3.7463778	2.342242	0.179713	4.0316142	0.8770609	0.600259	0.6461671	0.6805437	1.4178095	3.353631
K03741	arsenate reductase	5.058624	3.46269	4.523832	0	1.13478	9.56722	11.3363	5.3137151	7.5242298	2.1691231	4.059702	0.0966394	0.610302	0.921718	0.670585	0.777386	2.385514	7.164024	15.425565	20.7127083	33.18737	2.3767509	1.3339423	18.390035	23.425957	1.534837	1.371875	4.07491	0	4.233563	1.78801	2.462652	6.575344	2.6805065	2.892628	27.972861	1.4839441	1.320017	1.2406132	1.2397691	0.0360417	9.4436065
K03742	nicotinamide-nucleotide amidase [EC:3.5.1.42]	3.5890293	3.7740151	3.928328	2.5982241	2.908337	0.6907557	1.0722798	3.3815134	4.1025828	47.1765086	35.4582103	35.9852293	27.3320712	3.939434	1.414657	13.9259445	3.7422622	3.7373964	3.7711597	13.960131	9.1036066	7.3225956	11.2201518	16.8556449	1.879598	2.022967	1.7968999	16.1621393	23.6142192	10.8502594	4.0119747	4.3209985	7.9252319	12.5144658	7.1267466	6.6274842	2.1252826	29.2901457	3.7518128	6.1575147	12.062556	9.6503108
K03743	nicotinamide-nucleotide amidase [EC:3.5.1.42]	3.7114503	39.3433265	8.655255	16.3447446	89.443928	29.264134	14.1950245	13.504031	12.535869	3.2245321	3.740858	2.9497957	23.510356	4.1255256	4.4093839	13.1077382	4.556358	9.0040163	2.734693	26.329747	3.495068	25.4320543	59.346095	4.1681344	1.55616	39.5964634	30.314369	21.798594	2.8298515	6.2303223	24.372796	9.4306747	39.8144406	8.10797	9.5599144	4.08304	32.9241614	15.365825	13.9975304	6.8025008	20.451176	6.335369
K03744	LemA protein	15.3199304	23.8242112	11.6024115	75.9365734	132.3773719	61.2326216	39.5608069	17.9056618	14.6813777	20.3792809	16.7201557	46.6890686	47.72907	8.7349228	3.2729499	38.9439399	35.1394346	14.7267222	16.6042089	60.9558636	18.6807332	34.4016222	37.3232898	4.3123529	7.5870952	23.508855	36.3467961	61.4009028	128.8209043	21.8146966	101.7219846	40.7761746	51.44673	16.6583499	42.2532159	16.5821476	76.502861	50.0318905	81.1785761	27.8370024	29.8329357	36.0479598
K03745	SlyX protein	0	0.654995	14.696496	0.565473	0	0.243222	4.6954535	0.255542	0	0	4.11756	0.243699	15.2659	18.69904	75.0992	2.28982	2.000893	0	0	0	0	0.809666	0.580947	0.0100925	0	0	0.858234	0.846021	7.27957	0.473202	1.537983	0.217973	31.682799	1.224757	1.37893	6.04755	0	0.509243	0	0	0	1.594591
K03746	DNA-binding protein H-NS	0	0.308146	2.8135	0	0	0	1.56802	0	0	0.521266	0.290859	0	4.75725	5.71214	19.5738	0	0.279713	0	0	0	0	0	0.093978	0	0	0	0.164423	0.0947654	0.475654	0	0.518985	0	7.29003	1.38167	0	2.05479	0	0	0	0	0	2.31645
K03747	Smg protein	0	0.474265	9.40718	0	0	0.517974	4.39003	0.136053	0	0.694863	1.44568	0	14.1797	8.06928	34.6746	0.983698	0.710192	0	0	0	0	0	0.405257	0	0	0	0.345123	0.41182	3.33741	0.0569595	1.18042	0	11.24544	2.47787	0.266964	3.73492	0	0	0	0	0	2.55998
K03748	SanA protein	0	0.364729	3.1224	0.0120937	0	0.19191	2.92211	0	0	0.0782938	0.619683	0.0178258	4.00874	4.65799	15.1349	0.343514	0.161732	0	0	0	0	0	0.128762	0	0	0	0.136295	0.146304	1.13823	0.01773	0.68416	0.0120897	6.68716	1.67225	0.183061	1.39141	0	0.0278107	0	0	0	1.52039
K03749	DedD protein	0	0	2.70324	0	0	0	0.0190225	0.0687424	0	0.0411763	0.254459	0	5.81244	2.894538	9.5508	0.238817	0.161475	0	0	0	0	0	0.0292251	0	0	0	0.0322307	0.15709	1.221076	0.0163818	0.1214426	0	2.204731	0.181207	0.216658	1.05744	0	0.014421	0	0	0	0.542712
K03750	molybdopterin biosynthesis protein MoeA	4.9203301	1.7440909	2.9545688	9.3289883	1.39532	2.3015101	2.3267021	0.5199316	0.9364247	1.5735809	2.5159858	1.2939046	5.8751403	2.813206	9.669352	2.891298	2.9216967	0.7894924	0.736813	3.7583234	2.7608122	3.3606018	4.390775	0.4969984	2.865852	0.808162	2.575118	1.0296012	1.8965955	3.4840171	2.173853	1.4432928	13.8536457	4.4878887	1.4498703	1.2557891	1.03276	1.1859769	2.389552	2.471306	3.500793	2.216902
K03752	molybdopterin-guanine dinucleotide biosynthesis protein A	0.1572474	0.2308675	6.3328517	9.7348688	4.7983467	0.2631634	2.2869003	3.0883302	0.872769	2.0044746	7.14855	14.0445851	7.7437607	1.7926238	5.77496	3.2132683	6.2034677	6.917787	4.7964497	7.556107	2.871347	12.3328254	8.0487068	1.2760848	0.492338	1.340199	0.4443296	2.696671	30.8577653	7.4558601	17.7096553	2.777398	14.0277166	0.8985658	12.40539	2.0136061	5.9083698	4.91549	19.926254	9.1290624	2.016425	2.4045316
K03753	molybdopterin-guanine dinucleotide biosynthesis protein B	0.100263	0.301298	6.75711	0	0	0.0545276	0.696299	0.1836836	0	0.819827	8.03521	0.4368984	7.5279841	4.351008	30.9869	0.0412741	1.288159	0.8921068	0.575025	0.168882	0	0.0873656	0.6993094	0.0339197	0	0	0.347913	1.1926504	3.92054	1.9806709	0.126271	0	6.591508	0.4990966	0.0457653	2.67695	0	0.145198	0.0397685	0	0	0.789217
K03755	AraC family transcriptional regulator, transcriptional activator of	0	0	1.94561	0	0	0.0548443	0.228383	0.0175721	0	0	0.113303	0	3.30992	2.14983	14.3698	0	0.511339	0	0	0	0	0.128604	0.0874546	0	0	0	0.140548	0.0329517	0.0202996	0.0123399	0.015815	0	6.17319	0.400591	0.0565336	1.26821	0	0	0	0	0	0.52934
K03756	putrescine:ornithine antiporter	0.0269676	0.448481	3.342589	0.0123614	0	0.0430317	0.598761	0	0	1.04145	6.139357	0	0.308324	0.551382	1.06503	0.0768514	0.416506	0.6891507	0.276722	0.250883	0	0.1666541	0.152969	0.0813696	0	0	0.139123	1.176182	7.00081	0.0309222	0.0938769	0	1.8619	0.173611	0.329147	0.399632	0	0.0157012	0	0	0	0.75724
K03757	cadaverine:lysine antiporter	0	0.0125416	2.20554	0	0	0.167845	1.33107	0.0152497	0	0.00677536	0.93163	0	1.16925	2.6449	5.3177	0.32873	0.010479	0.0586251	0	0	0	0.0286787	0.1758126	0.00806859	0	0	0.224785	0.0268593	2.69461	0.00973687	0.315744	0	3.26476	0.550205	0.0948907	0.0145824	0	0.148261	0	0	0	0.44219
K03758	arginine:ornithine antiporter	0.378482	2.3555995	3.467923	2.9755149	0.6068959	0.1498988	16.3269226	0	0.2533911	1.1464483	0.581397	0.6728931	4.4160234	2.2140718	11.4058	0.6094514	0.868859	0.1244265	0.2623985	2.2849641	0.4380143	2.0298421	1.3103999	1.9331805	1.396128	0.7613987	3.8126528	1.1686323	0.445524	1.8621203	1.5618783	1.037394	23.208017	3.6016432	0.1568138	1.3877237	1.380863	2.2496832	0.4164478	0.6164969	1.3479166	6.772075
K03759	arginine:agmatine antiporter	0	0	3.26973	0.0174927	0	0.0528153	0.600552	0	0	0.0142566	0.0450169	0.0267504	4.99854	3.3327	13.6187	0	0.411785	0	0	0.0152855	0	0.05345	0.169036	0	0	0	0.190942	0	0.421901	0.0166221	0.237616	0.0113436	5.89633	1.5829	0	1.75549	0	0	0	0	0	1.68386
K03760	lipid A ethanolaminephosphotransferase [EC:2.7.8.-]	0.796842	0.488064	3.490412	0.0119121	0	0.1257946	0.2393884	0.0135653	0.0498304	0.8623009	0.264935	0.4468242	5.188489	3.05673	19.0492	0.8716	0.9387375	0.137541	0	0	0	0.9520702	0.7958529	0	0	0.537758	0.245901	0	0.395719	0.00923098	0.7146813	0.556411	2.716126	0.5444897	0.26014	1.22665	0	0.0184834	0	0	0	0.347855
K03761	MFS transporter, MHS family, alpha-ketoglutarate permease	0.1528881	0.489159	1.9016518	0.0653675	0	0.6317599	0.8227752	0	0	0.8425839	0	0.0154246	4.56965	3.25794	10.7604	0	0.272358	0	4.425027	0	0	0.0149737	0.843599	4.82923	0.263069	0	0.319635	0.0387347	0	0.0111059	0.1983585	0.510136	15.7660441	1.040942	0	2.4971048	0	0	0	0	0.0456504	1.623162
K03762	MFS transporter, MHS family, proline/betaine transporter	6.6665582	0.9974806	8.7667091	10.279562	11.702364	41.434191	20.3263164	1.2830866	0.2163523	1.464647	0.2381633	1.9142695	7.228123	3.08041	23.5029801	1.267138	0.7987644	1.335377	0.4449933	20.61698	1.311179	3.9072722	10.9139813	0.12739	2.20442	1.341148	3.483084	2.1897171	0.918225	0.5499916	19.706328	6.2758478	20.432546	4.729268	1.6476876	1.2806634	31.6231757	13.6209204	11.5124895	1.210187	19.593379	3.748532
K03763	DNA polymerase III subunit alpha, Gram-positive type [EC:2.7.7.7]	2.0396274	3.1332527	16.013201	3.5193034	9.7686575	4.835399	20.9325015	23.2820234	28.6826779	58.8196291	33.9965404	2.502178	13.1173124	14.6911406	4.9789161	3.704131	6.5388367	21.048508	27.9948353	15.9957514	9.6899158	28.8833026	53.1638562	17.8141715	1.9086819	6.6115211	7.2890233	5.7519582	3.608182	5.2301957	21.2767596	12.3755816	9.0584175	4.2964607	20.8156888	6.7115567	16.2211048	10.6288679	2.4995696	17.4839722	12.8766323	23.6205757
K03764	transcriptional repressor of met regulon (beta-ribbon, MetJ family)	0.0607434	0.699442	14.576341	0	0	0.2996851	3.328447	0.104955	0	0.6313961	4.1852229	0	10.36949	10.45889	38.50555	0.84317	1.588803	0.723653	0.44359	0.3158666	0	0.0353337	0.5373278	0.2259525	0	0	0.204798	1.240975	4.318643	0	0.921446	0	10.8884106	3.018155	1.0622375	2.930897	0	0.0548343	0	0	0	4.181424
K03765	transcriptional activator of cad operon	0	0	2.63406	0	0	0.0136378	0.233624	0.0090305	0	0.00779088	0.032329	0.0112304	4.7951	1.65001	18.0538	0	0.193347	0	0	0	0	0	0.0664137	0	0	0	0.0866964	0.0222868	0.177627	0	0	0.0134299	2.306143	0	0	0.164722	0	0	0	0	0	0.246112
K03766	beta-1,3-N-acetylglucosaminyltransferase 5 [EC:2.4.1.206]	0	0	0	0	0	0	0	0	0	0	0	0	0	0	0	0.0815896	0	0	0	0	0	0	0	0	0	0	0	0	0	0	0	0	0	0	0	0	0	0	0	0	0	0
K03767	peptidyl-prolyl cis-trans isomerase A (cyclophilin A) [EC:5.2.1.8]	37.808959	34.072438	8.1483869	17.2580486	50.6219715	22.0090977	21.4005321	8.7636048	8.9858668	22.1931065	14.6729327	0.93712245	17.5425349	8.067634	19.5542732	1.1210102	1.220841	5.8763462	6.7603431	38.4489923	24.2625156	21.1155856	32.5210631	1.3040729	0.5352481	14.2124037	12.5181764	1.8141856	1.8568282	5.8139807	6.9192903	6.1136901	43.4621788	13.2974096	5.9696421	7.0755609	30.5156512	33.243546	53.65933	64.6703431	70.345476	12.338864
K03768	peptidyl-prolyl cis-trans isomerase B (cyclophilin B)	63.2311531	51.1567606	28.5466263	61.7789525	43.936512	39.5763271	37.1079144	26.9410694	23.8025969	21.1890317	25.8759317	18.15608826	36.4097448	15.0892071	5.0688862	17.6656048	29.6762146	21.2040407	24.2550381	70.3547775	52.331232	69.0208502	102.7234787	6.6125096	16.96953	36.2862423	53.1332367	34.2467147	25.987848	29.2918339	62.5173559	29.8242322	43.0298877	27.9945377	32.4236896	17.0609579	55.7246557	58.3195099	105.6648374	111.1046201	82.6039255	26.68675952
K03769	peptidyl-prolyl cis-trans isomerase C	0	0.463615	3.81732	0	0	0.317848	4.48461	0.267158	0	0.806748	1.22161	0.459935	8.451484	2.44362	21.06	0.603633	1.214153	0	0	0.01872	0	0.0189499	1.059866	0.0251893	0	0	0.2558977	0.126354	2.67907	0.9363323	1.58666	0	9.222602	3.20107	0.262111	1.77028	0	0.199647	0.0198627	0.0189093	0	2.56473
K03770	peptidyl-prolyl cis-trans isomerase D	0.9886157	1.841476	4.8892	0.5631733	0	0.4416027	2.6038923	4.1081484	0.4886706	4.047767	7.195579	22.743143	9.150525	3.7385818	11.3567671	13.6674483	1.279788	0.873447	0.3945067	0.798766	0.582293	4.1935561	1.953713	0.622614	0.809928	4.075183	1.00054	25.382168	57.773001	5.884791	0.7520988	2.3091527	18.9039419	4.2055141	2.9373283	0.89175	3.6683888	4.8055312	6.164021	1.1906532	0	1.8964483
K03771	peptidyl-prolyl cis-trans isomerase SurA	1.11906	1.452755	5.44697	0.325557	0	0.9165384	7.427288	0.8731846	0.4338283	6.06692	4.9073663	4.5609292	10.3433898	6.536456	7.881763	14.864731	1.6774654	1.3406195	0.1655846	1.395218	1.343924	3.965094	2.8779704	1.404001	2.598539	6.780675	2.1703898	47.8526944	7.3197182	4.2158188	1.2076282	2.3723941	23.603865	11.5708519	0.2722416	0.396362	5.45474	2.4126522	0.507784	0.1346848	0.0462296	2.6447201
K03772	FKBP-type peptidyl-prolyl cis-trans isomerase FkpA	0.786856	1.251525	2.6714474	0.02635016	0	0.0183775	2.0149058	1.4492727	0	1.3433659	0.768656	1.2503994	5.844067	1.39553	5.57137	4.412552	0.4910405	0.153297	0	0	0	1.8043729	1.023694	0	0.0485407	1.964666	0.1913868	0.21383	0.778647	0.9256081	1.30956443	1.568334	10.3627052	2.3585039	3.47519	0.67962	0.611819	3.498785	6.5468122	0.923523	0	1.740277
K03773	FKBP-type peptidyl-prolyl cis-trans isomerase FklB	0.387718	1.7212943	2.5084604	0	0	0.5728047	4.940763	1.945237	0.1384571	2.5987105	3.716734	4.641897	13.1066719	5.14312	25.5431967	22.617161	0.9733544	0.618848	0	1.0947076	0.838294	3.126771	1.2750013	0.8056843	1.1281751	5.809271	1.177354	25.5304621	0.354159	6.81394	1.2391774	2.3485753	37.769585	6.791063	3.8553465	1.3112	3.708161	5.01227	6.6247311	0.9562816	0.0478901	1.923772
K03774	FKBP-type peptidyl-prolyl cis-trans isomerase SlpA	0	0	2.37144	0	0	0.0735107	0.191842	0	0	0	0.358339	0	2.94397	4.07442	12.1376	0	0.398844	0	0	0	0	0	0	0	0	0	0.0860152	0.277978	0.697626	0	0.0331352	0	2.50753	0.394372	0	0.945836	0	0	0	0	0	0.705299
K03775	FKBP-type peptidyl-prolyl cis-trans isomerase SlyD	0.786385	1.3513687	8.6627451	0.0469164	0	0.3256497	2.7706308	0.5252496	0	3.866854	2.175759	14.9797324	14.902996	6.23035	31.7137	6.828735	0.792695	0.3088055	0.3440089	0.466731	0.0705842	2.00859	1.6268937	0	0	0.676575	0.320797	0.592866	1.50286	0.2561386	2.263134	2.244688	8.6124694	1.3957518	0.6591104	0.851593	0.0351934	0.6185427	0.0734779	0.0350256	0	1.8087224
K03776	aerotaxis receptor	0	0	1.87356	0.1417656	0.0563167	0.0194096	0.4546347	0	0	0.64489	0.240834	0	3.97746	2.21033	12.32446	0	0.584174	0	0	0.1680265	0	0.0465157	0.0166884	1.1733131	0.0626724	0	0.184019	0.0380117	0.277942	0.0187494	0.3883782	0.0984393	2.640305	0.258887	0.0330846	1.1623143	0	0.0154424	0	0	0	0.7456174
K03777	D-lactate dehydrogenase [EC:1.1.1.28]	0	0.142931	1.22422	0	0	0.6020436	0.299758	0	0	0.2301518	0.497362	0	1.91443	1.01362	6.6852	0	0.116534	0	0	0	0	0.0122207	0.6949409	0	0.248323	0.0311611	0.1614763	0.135625	3.11833	0.0164752	0.0583722	0.415089	5.8931663	0.846599	0	0.970507	0	0.0155048	0	0	0	1.1881844
K03778	D-lactate dehydrogenase [EC:1.1.1.28]	1.7829591	2.032683	1.7670586	4.8914292	1.9814437	4.5975892	3.3689639	2.8465261	3.5488113	3.4798443	2.949025	3.7693564	7.9425614	4.295354	8.4115755	10.1117438	1.6167356	1.8505402	1.1732403	3.845301	2.481876	2.6111908	6.7885319	9.1256497	1.8212903	2.6871281	3.1519659	9.8968503	3.8586334	6.7073477	1.331432	3.951524	12.6811666	4.3214696	1.684701	4.6661909	2.0933309	1.0187809	3.1924323	5.502677	1.9003051	5.4680645
K03779	L(+)-tartrate dehydratase alpha subunit [EC:4.2.1.32]	0	0.333452	2.30611	0	0	0.0154625	0.508781	0	0	0	0.212454	0.0162872	7.34471	2.85178	18.5085	0	0.0970128	0	0	0	0	0.00882049	0.138091	0	0	0	0.147013	0.0680643	0	0	0.241616	0.1198349	7.12577	1.60319	0	0.450817	0	0	0	0	0	1.30988
K03780	L(+)-tartrate dehydratase beta subunit [EC:4.2.1.32]	0	0.297333	0.870404	0.1710068	0.0471081	0	0.849095	0.0409271	0	0	0.254699	1.1315737	7.366399	1.32166	1.13322	0.261321	0	0.0394939	0	0	0	0.3974834	0.2476736	0	0	0	0	0.968224	3.367343	0	0.347641	0.2441327	13.1143737	1.46407	0	1.548665	0	0.0395431	0.0507616	0.242493	0	1.3616065
K03781	catalase [EC:1.11.1.6]	5.4891772	3.286372	2.6475082	8.3798782	1.433292	0.68655435	1.7146504	0.363139	0.2376631	2.5838396	2.3058834	49.306799	19.01494	0.245166	0	14.8163746	0.8041643	0.7526327	0.2146301	2.2152901	1.5767503	8.1243691	9.3096521	0.7105209	3.0335764	1.91163	1.9474439	10.0746708	59.775725	6.5948173	1.2654745	2.0162981	46.786047	10.7049447	0.2794618	0	2.8612924	25.344885	2.670958	1.0893748	1.83738	1.6083087
K03782	catalase-peroxidase [EC:1.11.1.21]	0	0.18247	4.181774	0	0	0.1355821	2.503957	0.0193491	0	0.1932535	0.144811	0	4.93625	3.95656	13.0625	0.240104	0.6576514	0	0	0	0	0.00922837	0.2218453	0	0	0	0.140637	0.0207247	0.12178	0.00927105	0.761824	0	5.4919307	2.274409	0.1721807	0.7824562	0	0.0774965	0.00765974	0	0	2.06024
K03783	purine-nucleoside phosphorylase [EC:2.4.2.1]	0.7109658	0.362035	0.1594842	1.6760955	0.2273033	0.129814	0.0254545	1.984396	0.553552	0.8850868	0.5467843	2.5438877	1.995677	0.126882	0.1347298	5.0136485	0.480977	2.8213661	1.9292416	1.1620296	0.203084	1.8332525	0.786415	5.1676906	0.5560045	2.2161943	0.4783068	0.8947801	5.02079	1.0736	1.4663679	1.8007561	1.0642322	0.4277756	4.179083	0.9054255	0.8517504	4.2166052	7.1509488	1.0137163	1.5561332	2.779943
K03784	purine-nucleoside phosphorylase [EC:2.4.2.1]	1.851441	3.0505421	13.4862303	6.1359642	3.7703636	4.4521305	13.1556212	6.0426991	5.205646	54.1220128	42.4853366	3.4319094	5.408165	6.9294032	4.8290812	4.4653904	3.9478019	5.584395	9.5942	14.4234868	2.7409353	2.5590692	1.9177482	22.596692	0.9292873	1.5134331	3.132344	2.0428755	10.8049966	5.2820814	4.2069016	2.3196918	14.9438123	5.4898747	8.5646747	15.3931885	0.3240449	0.3944769	3.806379	7.13158	3.2238672	13.351891
K03785	3-dehydroquinate dehydratase I [EC:4.2.1.10]	35.1190618	22.8127564	24.812671	10.733411	16.0440515	11.923816	22.2720008	15.2798163	10.08054	46.6354682	37.111145	2.2161024	11.275159	10.5593256	28.2838761	2.9354175	8.8830495	18.1304736	19.0610271	37.3912741	20.820223	39.1411406	77.574427	33.3042439	10.5245672	14.1636437	17.7165586	3.0125897	2.21087	14.8239597	3.967058	5.602759	26.6744417	15.6295439	11.5987303	8.9151564	20.1121285	29.0580023	45.5969	61.3593049	48.5749328	20.5924043
K03786	3-dehydroquinate dehydratase II [EC:4.2.1.10]	9.0266369	8.4114542	12.3481697	7.8458887	1.722218	1.2021198	4.2591256	6.5170713	3.0469601	6.184984	9.426067	26.636736	3.100474	5.1338316	0.4065914	11.9672	1.4677658	4.746912	5.9673974	3.4697339	1.0927628	6.1392625	3.1536213	9.6997273	2.6855145	5.4912871	2.5600202	9.2873612	37.5275521	7.356446	2.5017137	2.8399822	37.107613	7.2417578	5.2363992	0.5620646	5.54838	13.8531977	6.0067418	2.9406471	4.33231	14.9572259
K03787	5'-nucleotidase [EC:3.1.3.5]	2.906211	2.6055016	6.8451895	0.74832	0.0723713	0.9880808	5.1725283	12.6335116	1.3435248	9.7421149	10.883025	23.9723916	4.142551	3.627492	2.0940259	19.927413	7.4858099	5.109178	3.880501	1.2979594	0.7172471	5.496729	2.9479507	2.1289832	1.4859043	6.463993	0.7453626	22.9513523	69.4424949	14.3427991	1.575672	2.0816705	19.3067108	5.024014	3.8442585	1.461148	3.7297088	7.718329	15.18917	5.2124223	0.7464334	4.4430799
K03788	acid phosphatase (class B) [EC:3.1.3.2]	0.0908106	0.595737	8.9974457	0.0222056	0	0.252926	3.4695	0	0	1.4081042	6.0405663	0.0179874	0.0897085	0.97827	1.40827	0.769168	0.293748	0.715872	0.311626	0.314824	0	0.0182669	0.150142	0.04857845	0	0	0.0915056	1.15077	7.10181	0	1.3906902	0	9.1027202	2.33746	0.644123	0.0948982	0	0	0	0	0	2.159341
K03789	ribosomal-protein-alanine N-acetyltransferase	44.3556915	31.7903963	9.9663999	16.308683	23.8504516	15.3326684	14.665778	12.2329863	11.9401973	11.9304291	11.3246904	0.746015	21.598218	5.6068664	13.9049915	6.7961189	6.788758	9.7895416	12.5929686	43.101884	41.9616924	20.1924129	17.4690089	4.2010724	3.3819122	21.688853	8.5060978	5.9082906	7.27675	14.2794317	7.7619498	7.7783918	44.7949781	15.839532	5.403091	12.7564664	24.3173638	35.430988	52.8422038	78.7416845	82.308382	19.9561591
K03790	ribosomal-protein-alanine N-acetyltransferase	6.0077343	4.737003	21.1721448	2.3904939	8.3595126	4.7682108	27.0298208	25.8786472	32.1440936	32.7753721	17.483077	0.8337891	19.000968	10.5653958	22.7067853	4.9115832	2.987723	30.439576	34.207597	5.947656	7.9194446	36.351249	66.5517264	26.6374644	7.403486	6.6668017	2.1197115	5.7833332	1.12262	4.8421261	6.8512874	10.8864977	20.8956006	5.068791	18.7259676	7.1355781	15.5745895	19.7883106	2.8179616	18.8238115	10.78367	16.6199208
K03791	putative chitinase	0	0	0	0	0	0	0	0	0	0.0674834	0	0	0	0	0	0	0	0	0	0	0	0	0.0688172	0	0	0	0	0	0	0	0.2697266	0	2.68857	0	0	0	0	0	0	0	0	0
K03796	Bax protein	0	0	4.48216	0	0	0.136745	0.377593	0.169794	0	0	0.921459	0	8.79892	5.08049	37.6682	0.11112	0.79087	0.0271354	0	0	0	0.1406485	0.267469	0	0.0167414	0	0.305832	0.284156	3.87211	0.7470374	0.148395	0	9.826	0.738665	0.201515	0.964382	0	0.0151521	0	0	0	0.7602062
K03797	carboxyl-terminal processing protease	10.4049359	8.0517459	11.9379728	7.011523	8.8999066	9.0819598	26.8690454	32.89017473	35.634915	27.28015256	22.3332069	35.1460938	45.4044791	18.6408633	14.5557048	29.4694388	25.0888528	15.6149027	19.6133131	16.0480133	48.158091	15.4583811	13.3040782	4.725664	6.8744858	17.3942661	6.3806911	48.2049548	6.1593427	15.4940225	16.5943634	37.0430326	23.9025621	42.133079	21.6560914	8.1570427	19.6828042	39.126952	23.9573783	27.8667626	21.135288	10.9085481
K03798	cell division protease FtsH	24.0374704	25.4630509	23.4146542	61.99519579	37.0471727	36.9412033	43.7300051	29.6546131	45.2893973	26.3036956	24.065084	40.87169252	63.4339258	16.7426425	6.2560126	22.8952977	47.3134042	18.711234	32.9387341	50.6254583	40.6366335	41.8307719	40.3738207	38.9029598	28.6120865	37.7996859	65.2732009	29.6125794	34.579656	32.3459324	103.6559213	41.5703002	49.4651855	28.79697	47.8198449	24.0455657	41.6962205	52.952162	71.4614356	55.3961737	22.4783844	44.8264213
K03799	heat shock protein HtpX	8.0682327	26.009589	29.6025813	13.4159141	73.4150055	50.0566252	24.5406891	9.2135247	5.4166601	43.4402633	29.037121	23.207996	19.024194	10.5881621	25.2746582	9.652149	2.5908041	10.683477	5.3701729	42.2523483	0.7103348	60.3544099	125.2094121	35.1464389	0.9145941	13.1372459	16.0981281	7.2606011	63.0281294	4.0349169	62.2216162	17.9682477	46.968913	4.8182557	14.4963043	9.2948455	42.5983274	19.7907677	21.0083218	1.5486762	30.499086	23.9126593
K03800	lipoate---protein ligase [EC:6.3.1.20]	9.7851173	2.776755	11.4128919	8.5009158	16.7238979	50.2361782	30.7728	4.0951042	0.8281592	1.8294923	0.2888411	5.2197077	11.0171636	5.0793887	0.1151998	7.6314822	2.1042321	2.7936307	1.304632	27.394932	0.320476	13.3485811	21.02518495	0.233039	1.2496799	3.0874229	3.9943891	11.4996697	7.964045	4.21432	30.3614861	12.2701781	31.2949194	2.9135558	2.9827589	2.3577285	40.0880611	19.1634116	15.0114685	0.9049233	24.8207267	12.0533195
K03801	lipoyl(octanoyl) transferase [EC:2.3.1.181]	1.307751	1.346081	7.3043798	0.406659	0.0500007	0.186471	2.6927803	1.1820365	0.1155169	2.566264	5.8224594	16.3603652	5.206959	3.20902	19.3118859	14.0410796	0.8978014	0.79993	0.404023	0.5571631	0.130065	3.553305	2.3337397	0.217628	0.456712	3.7839762	0.4757813	9.6528971	35.4273691	4.265863	1.2741232	1.6422936	19.9589099	0.7555247	3.473252	0.819604	0.5291995	3.7369246	5.5599596	1.0178002	0	1.1012753
K03803	sigma-E factor negative regulatory protein RseC	0.072042	0.163749	3.2302648	0	0	0.0608057	0.5559729	1.5206455	0.0620201	0.447021	0.2141587	16.340177	11.5531025	1.632609	0.565466	10.3587344	0.5345971	0.406991	0.0593574	0.371716	0.249957	1.9743683	0.3628726	0	0.375428	1.477787	0.2062794	8.721854	50.799537	1.195602	0.9779398	1.739919	1.765418	0.8719548	2.213871	2.2464328	0.7284443	3.0365744	5.4989868	0.8346764	0	3.8658346
K03804	chromosome partition protein MukE	0	0.446944	4.86196	0	0	0.0907155	2.10359	0.0101172	0	0.529774	2.100048	0.0300262	8.16107	5.46009	12.0264	0.143567	0.381431	0.383146	0.137319	0.100989	0	0	0.2136468	0.0287991	0	0	0.159239	0.504376	3.29348	0.0211639	0.508627	0	5.0157048	1.87289	0.109095	1.27816	0	0.0246423	0	0	0	1.9458295
K03805	thiol:disulfide interchange protein DsbG	0	0	1.40493	0.028522	0	0	1.294597	0.0443026	0	0.7162149	1.53061	0	0	0	0	0	0.246676	0.116366	0	0	0	0	0.1953271	0	0	0	0.144079	0.209531	4.00815	0.0331827	0.3002521	0	17.81471	0.6079013	0	0	0	0.191286	0	0	0	0.776376
K03806	AmpD protein	0	0.589496	3.03649	0	0	0.100277	0.409044	0.0438617	0	0.0258673	0.649441	0	7.76007	6.10239	29.4464	0	0.503707	0	0	0	0	0.127528	0.204141	0	0	0	0.40654	0.331914	1.92628	0.0688615	0.0906076	0.0634398	9.188637	0.504527	0	2.67807	0	0.0874075	0	0	0	0.652665
K03807	AmpE protein	0	0	3.085322	0	0	0.0715616	0.3893041	0.050021	0	0.0177244	0.674642	0.0650392	6.51513	4.98061	26.4583	0	0.2430643	0	0	0	0	0	0.2490399	0	0	0	0.1634026	0.1778119	2.54132	0.104678	0	0.0128802	12.679338	0.5631505	0	2.67639	0	0	0	0	0	0.667214
K03808	paraquat-inducible protein A	0	0.0261869	4.24234	0.0319274	0	0.1326729	0.40751	0.0847472	0	0.0514475	0.754021	0.0340105	6.62622	5.90574	23.308	0	0.6817	0	0	0	0	0.0226247	0.27784	0	0	0	0.2039836	0.276099	1.476482	0	0	0.0353499	19.573631	0.800669	0	2.40825	0	0.0397846	0	0	0	1.057089
K03809	NAD(P)H dehydrogenase (quinone) [EC:1.6.5.2]	0	0.161771	7.87413	0	0	0.1501778	3.563959	0.0159042	0	0.1422086	0	0	5.22055	5.8868	20.5478625	0.950688	0.555952	0	0	0	0	0.0573447	0.1412358	0	0	0	0.0219698	0.0746251	0	0.0491402	1.018576	0.076071	15.3096792	1.890872	0.4450603	1.4174683	0	0	0	0	0	1.347022
K03810	virulence factor	0	0	1.25233	0	0	0.0634103	0.225731	0.0569523	0	0	0.636623	0	0.337432	0.758818	0.553719	0	0.213942	0	0	0	0	0	0.0282188	0	0	0	0	0	3.27181	0	0	0	3.5107	0.2349213	0	0.0901641	0	0	0	0	0	0.221881
K03811	nicotinamide mononucleotide transporter	0.76085	0.799112	2.6681641	0.3560134	0.4566162	0.7135644	1.903661	0.8347603	0.7425765	13.010047	7.955719	3.0102951	9.543205	2.7004176	11.0875644	5.743723	0.701034	1.5870178	1.1792	4.961084	0.6292862	3.0186706	2.7324363	1.472234	1.7368669	3.220022	2.7364365	18.5902839	0.814634	3.3508288	1.2529267	3.5321804	12.864557	5.5265335	0.8790736	6.4063718	1.93054	0.8070693	1.2192652	0.270924	0.1813801	5.6968455
K03812	ribosome modulation factor	0	0	3.32834	0	0	0	1.3703	0	0	0	2.13297	0	9.90327	7.54522	38.5592	0	0.511339	0.482435	0	0	0	0.474687	0.455914	0.0362713	0	0	0	0.926595	2.32542	0	0	0	26.70946	0.46949	0	4.63645	0	0	0.0393752	0	0	0
K03813	molybdenum transport protein	0	0	0	0.353831	0	0	0	0.0201147	0	0.0289615	0.827773	0.438659	0.610636	0	0	0.648996	0.320142	0.0615875	0	0	0	0.165451	0.8196324	0	0	0	0.0610037	0.130118	4.17587	1.3068962	0.214112	0	8.79925	0.0958959	0.0358907	0	0	0.0996817	0	0	0	0.144061
K03814	monofunctional biosynthetic peptidoglycan transglycosylase [EC:2.4.1.-]	0.1232935	0.458346	4.82989	0	0	0.2162907	0.6323225	0.3031164	0.0724606	0.987622	7.0722948	19.945881	0.3702483	0.527775	1.46269	9.29257	0.347204	0.700458	0.402228	0.400137	0.0436274	1.395612	0.6029135	0.1074879	0.419448	0.2573765	0.163414	9.2784998	57.18993	3.2000493	0	0.1993516	13.6027553	0.41931	0.0497643	0.518898	0.100791	0.995189	0.107598	0	0	1.397267
K03815	xanthosine phosphorylase [EC:2.4.2.-]	0	0	0	0	0	0.0669416	0.4681173	0.0386676	0	1.0716269	0	0	4.66538	0.922275	0	0	0.296038	0.0184995	0	0	0	0	0.0719864	0	0	0	0.075452	0.0975363	0	0.0358115	0	0	1.56297	0.210035	0	0	0	0	0	0	0	0.794072
K03816	xanthine phosphoribosyltransferase [EC:2.4.2.22]	64.1525223	76.090647	17.8501782	59.6363207	119.8224488	62.8926557	50.6977677	46.0018556	49.4807186	35.4292043	15.9484106	35.4645243	49.9019364	11.9907339	1.9623471	27.569361	27.4754231	27.6791705	28.6106545	86.412115	50.8803552	45.9353395	73.4015384	8.2982677	13.8821254	51.7105742	66.6967833	54.0047684	60.1302411	27.2668827	104.535635	42.9772552	59.98123	24.5986478	43.2927181	18.7919203	95.0434198	74.35416	97.794497	108.7061741	97.6863479	43.379308
K03817	ribosomal-protein-serine acetyltransferase	0.938366	0.631754	1.6350745	0.0355707	0.0630434	0.0991951	0.8530877	0.2815213	0.139545	1.570199	0.1627327	0.858844	6.161594	2.52367	7.71489	2.0769914	0.4193314	0.2768268	1.9568	0	0	1.2818788	1.7545168	0.115101	0	0.8319778	0.646058	0.0754059	0.72106	0.2060744	18.8469315	3.6642633	2.7079217	0.529721	0.0445291	1.6704975	0	0	0	0.0740414	0.0429989	4.1643636
K03818	putative colanic acid biosynthesis acetyltransferase WcaF	0.208675	0	2.92798	0	0	0	0.963292	0	0	0.505879	0.173203	24.943233	18.480441	1.61683	3.10587	0	0.141601	0	0	0.0145159	0	4.42554	7.78181	0	0	0	0	0	0	0	0.159755	0.0639168	4.11926	0.69894	0	0.690239	0.969804	22.1864	2.21179	0.15748	0	0.403028
K03819	putative colanic acid biosynthesis acetyltransferase WcaB	0	0.399953	2.6069	0.0503964	0	0	0.4630538	0.052013	0	0	0.543624	0.148808	5.28227	5.13309	14.0014	0	0.434411	0	0	0	0	0	0	0.0366954	0	0	0.202986	0.122999	1.11126	0	0.0944685	0.050153	6.6237801	0.3951814	0	1.13244	0	0	0	0	0	0.374495
K03820	apolipoprotein N-acyltransferase	0.8779473	0.758711	1.980856	0.403363	0.11011	0.0843183	0.8933706	0.4725619	0.322632	0.8687357	1.205944	1.0321817	2.031924	2.02634	5.08096	2.219296	0.958121	0.208564	0	0	0.0642078	2.472425	3.0722151	0.4227418	0.157714	10.075794	0.704872	0.102065	3.18427	0.23375	0.4554535	1.0580754	15.469472	1.4669065	0.3953666	0.33046	0	0.0183913	0.718843	0	0	1.581206
K03821	polyhydroxyalkanoate synthase [EC:2.3.1.-]	0	0	0	0	0	0	0	0	0	0	0	0	0	0	0	0	0	0	0	0	0	0	0	0	0	0	0	0	0	0	0	0	5.64689	0	0	0	0	0	0	0	0	0
K03823	phosphinothricin acetyltransferase [EC:2.3.1.183]	25.6282707	21.9769386	21.3212785	57.27419729	40.825617	34.2269101	28.7493894	26.4430414	25.6900929	29.2681921	34.224251	6.1335138	42.3492747	18.698509	19.8559765	8.3633085	48.1550849	12.4977068	15.2242808	65.0140503	50.818181	25.4553311	31.0865088	38.616659	2.9757977	21.040935	32.943772	12.7311262	2.841376	17.8384292	114.7640954	50.2162594	53.1919977	34.9831104	37.5185853	18.635083	62.6576816	45.037304	67.1714793	39.3971401	41.279257	50.5328995
K03824	putative acetyltransferase	0	0.531684	4.61172	0.0104001	0.0185897	0	0.882565	0	0	0	0.238603	0.0475007	1.69378	9.66346	39.4542	0	0.156002	0.0735918	0	0	0	0	0.162274	0	0	0	0.242981	0.308416	1.39919	0	0.205787	0	8.783324	1.95754	0	2.05104	0	0	0	0	0	2.2713
K03825	putative acetyltransferase	0	0.662503	4.0426022	0	0	0.297033	1.067136	0.1890876	0	1.16793	0	0.74352	7.7731346	4.98293	25.7444	0	1.248566	0	0	0.0925935	0	0.252656	2.610699	0	0	0	0.2618908	0.0220057	0	2.175198	0.7220931	0	3.823962	0	0	1.57202	0	0	0.0740045	0	0	0.674091
K03826	putative acetyltransferase	13.9396008	13.3421065	8.114415	12.7759904	3.764787	4.2584549	2.1434477	6.589321	5.584833	1.5427828	1.3482058	1.7332713	22.01143	12.97068	57.31989	8.25381	5.117551	26.508909	19.116483	2.6264483	4.174851	6.1866371	13.616848	12.47928892	7.8191846	18.1781106	37.8500647	0.209231	1.8939	2.806096	3.5464749	3.3450523	8.656268	3.404635	5.039103	27.4071433	6.2795526	5.080257	9.569718	14.8594034	9.184469	5.1162163
K03827	putative acetyltransferase	5.81665	2.348104	11.8968499	6.9728845	0.70228	1.2089547	5.301526	0.939101	0.3862578	4.166654	3.4129124	20.9085621	15.718952	4.678292	32.473623	15.818803	1.3226573	0.69955	0.1138231	1.8501539	1.832964	5.6628297	5.6592997	0.642261	4.362547	3.8747664	2.3629186	30.4644659	52.5669254	6.5376765	3.3807443	4.0139722	16.544269	6.404706	1.5131037	1.829372	3.901011	5.323971	0.9023251	1.1206721	1.1049788	3.852699
K03828	putative acetyltransferase	0	0.592369	3.08859	0	0	0.142223	0.806728	0.124523	0.0395511	0.293668	0.339241	0	0	4.5947584	0	0	0.494005	0.122653	2.73633	0.101607	0	0	0.231821	0	0	0	0.3644713	0	4.76908	0	0.128617	0.0376148	6.0319084	0.8658716	0.0733021	1.299765	0	0.5620097	0.0405594	0	0	1.5185132
K03829	putative acetyltransferase	0	0.164344	0	0	0	0	0.839462	0	0	1.02578	0	0	0.0658754	0	0	0	0	0	0	0	0	0	0	0	0	0	0.218058	0	0	0	0.315468	0	0.0505816	0.279156	0	0	0	0	0	0	0	0.3596196
K03830	putative acetyltransferase	0.162171	0.34434	4.31531	0	0	0	0.326701	0	0	0	0.734995	0	6.7496555	3.99449	27.9218	30.9865	0.132037	0.0672544	1.56584	0.0546742	0	0.488249	0.895113	0	0.0553516	0	0.143075	0.0741276	1.51436	0.2243662	0.141049	0	3.63321	0.364808	0.114187	3.076412	0	0	0.308975	0	0	0.411541
K03831	molybdopterin adenylyltransferase [EC:2.7.7.75]	0	0.142506	3.26935	0	0	0.029188	0.337882	0.0131463	0	0.0954374	0.3881595	0	0.368603	2.9845	9.75308	0	0.168111	0.6515139	0.391639	0	0	0.0390153	0.0749447	0	0	0	0.274935	0.8825106	0	0.0172154	0	0.0287852	3.47025	0.154353	0	1.32928	0	0	0.014267	0	0	0.460913
K03832	periplasmic protein TonB	1.195781	2.090065	2.1500433	0.9119289	0	0.6815902	4.4304415	2.4581295	0.1783665	7.694795	2.7916282	31.1079819	10.796171	1.0705735	0.180419	33.7530422	0.7951234	1.3029905	0.508081	2.008163	1.0314088	6.2327969	2.9511251	0.768208	2.659847	5.7423567	2.2451614	19.0078314	74.8323	5.9488824	2.4953726	3.2635913	17.434189	8.0825063	3.9954409	0	6.2027004	6.9535907	6.5482287	1.0164539	0.0809551	3.998872
K03833	selenocysteine-specific elongation factor	1.33608	0.555163	6.0710107	8.4538437	5.1944407	1.9677932	9.068356	5.5978674	5.074837	2.993955	17.9572335	0.9828975	9.271316	12.3336898	23.58609	3.7293155	24.883236	1.1624717	0.811827	14.7828046	31.5159303	0.2270005	0.7409728	0.157134	0	0	0.0904339	0.6666441	0.220735	4.823418	17.2734666	22.91228	8.44138	26.0559487	9.7706011	3.3261489	2.25538	1.65735	13.9445921	4.6317366	0	0.544427
K03834	tyrosine-specific transport protein	0	0	1.0856245	0	0	0.0204793	0.218279	0	0	0.381384	0.114482	0	2.97556	1.91828	10.6327	0	0.164668	0	0	0	0	0.0123617	0	0	0	0	0	0.0475522	2.454089	0.0278414	0.0380747	0	0.0501444	0.146022	0	0.660105	0	0	0	0	0	0.253398
K03835	tryptophan-specific transport protein	0.0494528	0.3035463	8.71927	0.547252	0	0.0857976	1.6996145	0	0	1.249336	5.824966	0.0223135	3.51486	6.24807	36.294	0.912841	0.100867	0.3663826	0.32164	0.2714796	0	0.1989941	0.22905	0	0	0	0.164968	1.03998	0.637107	0.1831536	0.823892	0	18.0264569	2.14389	0.197481	0.678319	0	0.051534	0	0	0	1.80866
K03836	low affinity tryptophan permease	0	0.00762662	1.83468	0	0	0.0123598	0.346834	0.0334528	0	0.00790511	0.412272	0.0111306	3.91851	2.28831	12.9232	0	0.185217	0	0	0	0	0.0466905	0.11531	0	0	0	0.157769	0.118996	0.897529	0.011528	0.0107583	0.00862835	2.52225	0.346345	0	1.19476	0	0.0253216	0.0125079	0	0	0.360336
K03837	serine transporter	0	0.174436	1.63571	0	0	0.184024	2.45914	0	0	0	0.39067	0	4.68391	3.69319	12.0835	0.108725	0.403688	0	0	0	0	0	0.079185	0	0	0	0.113178	0.0731522	0.587474	0	0.447315	0	6.801665	1.39392	0.0758741	0.973655	0	0	0	0	0	1.25469
K03838	threonine transporter	0	0.0564823	3.741307	0	0	0.191677	2.324293	0	0	0.937299	0.21438	0	3.98279	4.11492	15.5605	0.479366	0.163524	0	0	0	0	0	0.1334466	0.0513527	0	0	0.109156	0.0564423	1.03286	0	0.702423	0	4.79342	1.4402248	0.23417	0.762544	0	0	0	0	0	1.66873
K03839	flavodoxin I	1.7633918	1.5669615	6.4735711	0.0150163	0	0.2465347	2.7452024	2.0333657	0.2299605	4.1041541	5.518143	20.1083985	11.758605	6.3653929	24.046281	11.757252	0.7475797	0.585539	0.309133	0.627765	0.19836346	3.9155406	1.5322549	0.0527986	0.115131	1.817411	0.321497	2.8556299	1.648954	8.0257988	1.60884	4.3991113	13.2320324	2.4040377	3.7476864	1.902397	0.6127357	3.6950865	5.4679759	1.2806687	0.0912095	2.0352596
K03840	flavodoxin II	0	0.409765	3.522935	0	0	0.360911	3.735163	0	0	0	0.846307	0.113006	3.59393	4.28983	24.2194	0.0713975	0.445359	0	0	0	0	0.0689061	0.110302	0	0	0	0.115612	0.0896704	1.50027	0.0496099	0.709881	0	8.136985	2.5443391	0.13951	1.97423	0	0	0	0	0	1.569858
K03841	fructose-1,6-bisphosphatase I [EC:3.1.3.11]	0	0.595685	6.29492	0.296088	0	0.212717	2.76945	0.0691374	0	0.46963	2.1847491	0.0723205	7.9772664	3.52934	6.05276	0.845674	0.447535	0.3271093	0.290812	0.150976	0	0.2438407	0.43639	0.0160732	0	0	0.0860657	1.137049	2.0313692	0.0747593	0.811378	0.1152843	15.962532	2.1017578	0.275077	1.00265	0	0.0186961	0	0	0	1.94755
K03843	alpha-1,3/alpha-1,6-mannosyltransferase [EC:2.4.1.132 2.4.1.257]	0	0	0	0	0	0	0	0	0	0	0	0	0	0	0	0.0664366	0	0	0	0	0	0	0	0	0	0	0	0	0	0	0	0	0	0	0	0	0	0	0	0	0	0
K03844	alpha-1,2-mannosyltransferase [EC:2.4.1.131]	0	0	0	0	0	0	0	0	0	0	0	0	0	0	0	0.0268766	0	0	0	0	0	0	0	0	0	0	0	0	0	0	0	0	0	0	0	0	0	0	0	0	0	0
K03850	alpha-1,2-glucosyltransferase [EC:2.4.1.256]	0	0	0	0	0	0	0	0	0	0	0	0	0	0	0	0.0893701	0	0	0	0	0	0	0	0	0	0	0	0	0	0	0	0	0	0	0	0	0	0	0	0	0	0
K03851	taurine-pyruvate aminotransferase [EC:2.6.1.77]	0	0	0.0735996	0.5900783	0	0	0.154874	0.0794253	0	0.0508756	0.251554	1.78344	0.106178	0	0.0587803	1.210117	0.211068	0	0.108506	0	0	0.625175	0.194912	0	0	0	0.104295	0.928871	1.67407	0.2136772	0.419862	0.417737	0.131036	0	0.121624	0.0478455	0	0.374113	0	0	0	0
K03852	sulfoacetaldehyde acetyltransferase [EC:2.3.3.15]	0	0	0	0.431932	0	0	0	0	0	0	0	0	0	0	0	0.594665	0	0	0	0	0	0.112637	0.0463641	0	0	0	0	0	0	0.0695099	0.280099	0.0426915	0	0	0.0542979	0	0	0	0	0	0	0
K03855	ferredoxin like protein	0	0.3465675	7.10976	0	0	0.2337177	1.3058462	0.0747136	0	0.0328953	0.908193	0.12185	15.77453	3.8372	17.5972	0	0.2447883	0.0629264	0	0.0303298	0	0	0.2444953	0	0	0	0.4723253	0.624869	3.39262	0.037663	0.112124	0	10.36161	3.319192	0.053252	1.633161	0	0	0	0	0	3.560273
K03856	3-deoxy-7-phosphoheptulonate synthase [EC:2.5.1.54]	42.1764682	27.7045138	12.5003159	14.310417	19.17098	17.4697389	14.2971	3.22644	6.72583	8.3299861	4.8238	0.4893993	1.6574782	6.86663	0.7657293	0.6743808	0.6219223	6.5548902	5.7940213	39.3688301	32.7933142	38.9732438	77.031075	0.7242968	5.7268682	10.5456	14.9477579	2.4270376	0	3.4504864	1.6318925	4.7405806	16.3841611	13.923147	3.1499548	1.3664705	26.4653477	34.1942605	53.6548377	75.4381371	72.1189178	3.2374058
K03858	phosphatidylinositol glycan, class H	0	0	0	0	0	0	0	0	0	0	0	0	0	0	0	0.01638908	0	0	0	0	0	0	0	0	0	0	0	0	0	0	0	0	0	0	0	0	0	0	0	0	0	0
K03859	phosphatidylinositol glycan, class C	0	0	0	0	0	0	0	0	0	0	0	0	0	0	0	0.0420459	0	0	0	0	0	0	0	0	0	0	0	0	0	0	0	0	0	0	0	0	0	0	0	0	0	0
K03860	phosphatidylinositol glycan, class Q	0	0	0	0	0	0	0	0	0	0	0	0	0	0	0	0.0493952	0	0	0	0	0	0	0	0	0	0	0	0	0	0	0	0	0	0	0	0	0	0	0	0	0	0
K03863	vanillate monooxygenase ferredoxin subunit	0	0	0	0	0	0	0	0	0	0	0	0	0	0	0	0	0	0	0	0	0	0	0	0	0	0	0	0	0	0	0	0	8.70168	0	0	0	0	0	0	0	0	0
K03872	transcription elongation factor B, polypeptide 1	0	0	0	0	0	0	0	0	0	0	0	0.014622	0	0	0	0.0171139	0	0	0	0	0	0	0	0	0	0	0	0	0	0	0	0	0	0	0	0	0	0	0	0	0	0
K03877	beta-1,3-galactosyltransferase 5 [EC:2.4.1.-]	0	0	0	0	0	0	0	0	0	0	0	0.0381623	0	0	0	0.0602834	0	0	0	0	0	0	0	0	0	0	0	0	0	0	0	0	0	0	0	0	0	0	0	0	0	0
K03878	NADH-ubiquinone oxidoreductase chain 1 [EC:1.6.5.3]	0.175573	0.0637881	0.727626	0.0302057	0	0.0770703	0.20053	0.0611576	0.036774	0.0413311	0.0609645	0.981326	0.266595	0.184834	0.0426678	0.277599	0.100135	0.0670728	0.0551402	0.106345	0.0719509	0.0666381	0.0498496	0.0804556	0.0285888	0	0.0498407	0.131105	1.01935	0.364987	0	0.264067	0.0382666	0	0.0858976	0.0936656	0	0.0719431	0.121637	0.158265	0	0.126153
K03879	NADH-ubiquinone oxidoreductase chain 2 [EC:1.6.5.3]	0.160887	0.0627418	0.857351	0.034788	0	0.0215985	0.184857	0.0544421	0.0230931	0.027556	0.0605673	0.987971	0.226537	0.181574	0.0465952	0.179436	0.101122	0.0341059	0.0390375	0.0856905	0.0532277	0.0711917	0.0456988	0.0543334	0	0	0.0606831	0.0991299	1.13331	0.29314	0.0261423	0.228012	0.0582395	0.0170208	0.0693851	0.176519	0	0.0796471	0.109591	0.114172	0	0.0859686
K03880	NADH-ubiquinone oxidoreductase chain 3 [EC:1.6.5.3]	0.185685	0.1272	1.60346	0	0	0.0522269	0.324842	0.0458147	0.0376634	0.0605066	0.0319379	1.61217	0.420877	0.262856	0.0541043	0.388399	0.189366	0.0436535	0.02361	0.155092	0.0641773	0.0560986	0.052454	0.106519	0	0	0	0.167453	1.89292	0.523142	0.0433762	0.420833	0.0595693	0	0.0286318	0.098992	0	0	0.207069	0.21757	0	0.0256029
K03881	NADH-ubiquinone oxidoreductase chain 4 [EC:1.6.5.3]	0.173671	0.0611311	0.657407	0.0320843	0	0.042092	0.182354	0.0580234	0.04232	0.0574362	0.0683107	1.19846	0.266406	0.172065	0.021243	0.245824	0.0873824	0.0577058	0.0654346	0.0939437	0.0551016	0.0873316	0.0378715	0.0820301	0.0292255	0	0.0258741	0.119955	1.23315	0.324216	0.0593928	0.251186	0.0343857	0	0.0436068	0.0447806	0	0.0528836	0.128167	0.142497	0	0.0732177
K03882	NADH-ubiquinone oxidoreductase chain 4L [EC:1.6.5.3]	0	0	0	0	0	0	0	0	0	0.0224959	0.0044506	0	0	0	0	0.00708893	0	0	0	0	0	0	0	0	0	0	0	0	0.00258859	0.0037663	0	0	0	0	0	0	0	0	0	0	0	0
K03883	NADH-ubiquinone oxidoreductase chain 5 [EC:1.6.5.3]	0.255183	0.10083	1.46082	0.0475646	0	0.0431183	0.350501	0.0983713	0.0374765	0.0545632	0.0443287	2.04456	0.4456	0.328635	0.0458473	0.435507	0.158518	0.0405303	0.03456	0.180941	0.08879	0.0874639	0.0580485	0.139198	0.0200624	0	0.0415461	0.205648	2.10901	0.466021	0.0335823	0.377076	0.0413241	0.032424	0.0331021	0.0749631	0	0.0338155	0.172067	0.235241	0	0.0549546
K03884	NADH-ubiquinone oxidoreductase chain 6 [EC:1.6.5.3]	0.57731	0.173434	3.52553	0.0629763	0.0119453	0.0925468	0.929222	0.159673	0.0590554	0.129499	0.0756738	3.86008	0.739396	0.642458	0.0986587	0.813722	0.385516	0.0455125	0.0814233	0.319007	0.197328	0.107812	0.0953232	0.199551	0.0546416	0	0.0318238	0.416615	4.03722	0.940149	0.0734016	0.88494	0.117518	0.0178539	0.0636604	0.134467	0.0187599	0.0762269	0.460217	0.4895911	0	0.13882
K03885	NADH dehydrogenase [EC:1.6.99.3]	0	0.3928614	6.0878412	0.3093759	0.2939428	1.2519436	3.3571665	0.3166016	0	1.7369829	1.6973728	16.0042996	3.777094	4.362859	14.3358542	11.48552	0.4657813	0.8847142	0.4866437	0.8841512	0	1.4536105	1.139233	0.801979	1.3567465	0	1.4713743	8.4272662	55.45655	2.2029862	1.8963041	0.5001801	8.6170143	1.2256195	0.9532396	1.7971279	0.2825225	0.2521937	0.0812739	0	0	6.4807784
K03886	menaquinol-cytochrome c reductase iron-sulfur subunit [EC:1.10.2.-]	0	0.0399953	0.0634641	0	0	0	0	0	0	0	0	0	0	0	0.0270323	0	0	0	0	0	0	0	0	0	0	0	0	0	0	0	0	0	0	0	0	0	0	0	0.0405594	0.0743552	0.0481005	0
K03887	menaquinol-cytochrome c reductase cytochrome b subunit	0	0	0.0361732	0	0	0	0	0	0	0	0	0	0	0	0	0	0	0	0	0	0	0	0	0	0	0	0	0	0	0	0	0	0	0	0	0	0	0	0	0.0562882	0.0275634	0
K03891	ubiquinol-cytochrome c reductase cytochrome b subunit	0	0	0	0	0	0	0	0	0	0	0	0	0	0	0	0	0	0	0	0	0	0	0	0	0	0	0	0	0	0	0.120212	0	0	0	0	0	0	0	0	0	0	0
K03892	ArsR family transcriptional regulator	35.0226	23.069603	4.213466	1.473497	1.87277	19.8740642	20.745378	8.220552	12.2871	1.29493	4.46226	0	5.87046	11.25771	20.599422	0.767285	6.557863	6.31025	9.1636	36.4556	54.7586	4.10206	4.389834	22.9682	30.5713	6.600784	5.317492	4.44765	0	2.7067162	1.3206291	5.15876	13.7226964	11.960359	8.64965	30.033029	19.4842	24.0698	24.2269	2.28279	61.0155	4.282314
K03893	arsenical pump membrane protein	0	0	5.2093	0	0	0.0125371	0.425514	0.0160211	0	0	0	0.0124452	3.66042	3.566604	12.0933	0	0.242213	0	0	0	0	0.0749505	0.07743	0	0	0	0.0147027	0	0	0	0.6222081	0.0963529	1.93582	0.672481	0	2.180309	0.0219857	0	0	0	0	1.418023
K03894	N2-citryl-N6-acetyl-N6-hydroxylysine synthase [EC:6.3.2.38]	0	0	0	0	0	0	0.39573	0.0611429	0	0	1.82508	0	0	0	0	0	0	0	0	0	0	0	0.11984	0	0	0	0.0762479	0	3.50807	0	0.0578163	0.0323845	0	0	0	0	0	0	0	0	0	1.00364
K03895	aerobactin synthase [EC:6.3.2.39]	0	0.194018	2.2407384	0	0	0	0.376767	0.0610664	0	0.769994	0	0.0327271	0	0	0	0	0.273068	0	0	0	0	0	0.0569014	0	0	0	0.0917928	0	0	0	0	0	0	0.0477448	0	0	0	0	0	0	0	0.451604
K03896	acetyl CoA:N6-hydroxylysine acetyl transferase [EC:2.3.1.102]	0	0.260521	2.2710377	0	0	0	0.10303	0	0	0.671262	0.413764	0	0	0	0	0	0.207611	0	0	0	0	0	0	0	0	0	0.0646731	0	0.60321	0	0	0	0	0	0	0	0	0	0	0	0	0.254544
K03897	lysine N6-hydroxylase [EC:1.14.13.59]	0	0.152556	1.71949	0	0	0	0.154674	0.0707254	0	0.0284795	0.997322	0.0763636	0	0	0	0	0.334546	0	0	0	0	0.0698449	0	0	0	0	0	0.024941	2.5662	0	0	0	0	0	0	0	0	0	0	0	0	0.946546
K03903	fibrinogen alpha chain	0	0	0	0	0	0	0	0	0	0	0	0	0	0	0	0.0295157	0	0	0	0	0	0	0	0	0	0	0	0	0	0	0	0	0	0	0	0	0	0	0	0	0	0
K03907	thrombomodulin	0	0	0	0	0	0	0	0	0	0	0	0	0	0	0	0.0316896	0	0	0	0	0	0	0	0	0	0	0	0	0	0	0	0	0	0	0	0	0	0	0	0	0	0
K03914	coagulation factor II (thrombin) receptor	0	0	0	0	0	0	0	0	0	0	0	0	0	0	0	0.0505372	0	0	0	0	0	0	0	0	0	0	0	0	0	0	0	0	0	0	0	0	0	0	0	0	0	0
K03915	bradykinin receptor B1	0	0	0	0	0	0	0	0	0	0	0	0	0	0	0	0.0788907	0	0	0	0	0	0	0	0	0	0	0	0	0	0	0	0	0	0	0	0	0	0	0	0	0	0
K03919	alkylated DNA repair protein	0	0.577337	3.961123	0	0	0.0914429	0.3569466	0.0176766	0	0.8703954	0.904276	0	1.87613	3.628179	0	0	0.58347	0.086665	0	0	0	0.020231	0	0	0	0	0.016423	0.382844	3.64826	0	0	0	3.888914	0.6158337	0	0.533053	0	0.0262201	0	0	0	1.042592
K03923	modulator of drug activity B	0	0.3754715	9.344956	0.0166284	0	0	0.146817	0	0.0324341	1.0534763	7.21411	0	8.6654	5.5157975	37.5247	0	0.626595	0.5009246	0.656631	0.138571	0.0313735	0	0.151971	0.0163806	0	0	0.119466	1.239588	0.0650467	0.0447723	0.146534	0.111555	11.359996	0.2335313	0	1.131002	0	0.0141953	0.0121037	0	0	0.8932521
K03924	MoxR-like ATPase	40.6831135	23.804627	9.8961808	19.1630214	24.802891	29.6545749	26.8643733	31.9962526	38.538553	15.5772545	6.7761668	6.76920759	21.2823523	10.1498047	21.0535109	5.0350547	6.7041992	14.355186	28.4048391	29.9548856	29.5302364	8.4484702	9.4190208	4.2257482	4.2300473	21.455921	6.9379884	6.5496218	3.6316144	12.6062595	9.6164389	15.3808593	30.799904	9.527313	15.4170755	3.7303	38.4853843	33.0623227	43.2707857	72.6134855	52.4659438	15.3280914
K03925	MraZ protein	19.3321796	15.7158401	24.9111841	41.5451606	40.1858776	50.4494105	37.092732	33.3007433	34.0325688	32.2301191	13.5200243	48.061542	47.5981997	14.90477	18.6888673	32.5281471	26.932834	16.8983836	24.0119946	50.6469882	21.9457805	28.3081869	30.0404639	6.6352803	3.5266328	21.9982933	26.4927264	62.8065913	111.813905	22.6586892	98.3532887	40.566365	57.636356	14.9059804	35.2183916	17.1518907	75.5869372	43.071474	53.667917	31.0338303	28.937259	44.1801615
K03926	periplasmic divalent cation tolerance protein	0	0.273907	2.41701	0.861859	0	0	0.521377	0	0	0.178466	0.903854	0	4.84445	4.8505	21.696	0.915857	0.243495	0	0	0	0	0.147317	0.094327	0	0	0	0.227554	0.370296	1.55028	0.106062	0.876955	0	10.448726	1.7764	0	1.10191	0	0	0	0	0	1.82062
K03928	carboxylesterase	0	0	0	0	0.170635	0	0	0	0	0	0	0	0	0	0	0.152097	0	0	0	0	0	0	1.2822	0	0	0	0.0430076	0	0	0.0528793	0	0.0871891	0	0	0	0.1950044	0	0	0	0	0	0.0363245
K03929	putative esterase	0	2.357051	0.0280478	0.176207	0	0	0	9.6250586	5.12102	0	0	0	0	0	0.101548	0	0	12.5353	15.0534	1.297024	0	0	0	0.2916745	0.1958643	0	0.768058	0	0	3.99605	0.060845	0.111123	0	0	0.127201	0.0833715	0	0	0	0.0607892	0	0.2351
K03930	putative tributyrin esterase	0.2756372	0	0.7199996	0.585304	0.618483	0.6650666	0.428624	0.0696383	0.205019	15.26813	9.17726	0	0	0.214556	0.2418815	0.251752	0.0483631	0.342964	0.562489	2.8840013	0.0798294	0	0.539568	1.17283	0.4370018	0	0.1522681	0.263487	0	0	0.316482	0.528128	0.1845004	1.4062123	0.8472011	5.201165	0	0.0480681	0	0.0415825	0.430397	1.2137811
K03931	putative isomerase [CAZy:GH63]	0	0	2.18081	0	0	0.2702633	2.7745289	0.303057	0.135184	1.53648	2.028673	0.416183	8.4087947	2.563729	10.7801851	5.709759	0.428905	0.321121	0	0.43056	0.483833	1.2308856	0.6876454	0.597986	0.647614	1.93189	0.693608	14.0177126	0.271401	3.34213	0.123437	0.252372	3.45575	3.1571077	0	0.766026	2.05946	0.9473493	0.0955892	0	0.0590566	0.322224
K03932	polyhydroxybutyrate depolymerase	0.768621	0.539825	0	0	0	0	0.148449	0	0.0841147	1.27232	0.255956	0.700636	0.540178	0	0	0.602515	0	0.2774	0	0	0	0.652711	0.58129	0	0	0.542285	0.179198	0	0	0	0	0.979969	0.646445	0.0938981	0	0	0	0	0	0	0	0
K03933	chitin-binding protein	0	0	0	0	0	0	0	0	0	0	0	0	0	0	0	0	0	0	0	0	0	0	0	0	0	0	0	0	0	0	0	0	11.0157	0	0	0	0	0	0	0	0	0
K03938	NADH dehydrogenase (ubiquinone) Fe-S protein 5	0	0	0	0	0	0	0	0	0	0	0	0	0	0	0	0.0658237	0	0	0	0	0	0	0	0	0	0	0	0	0	0	0	0	0	0	0	0	0	0	0	0	0	0
K03943	NADH dehydrogenase (ubiquinone) flavoprotein 2 [EC:1.6.5.3 1.6.99.3]	0	0	0	0	0	0	0	0	0	0	0	0	0	0	0	0.0432113	0	0	0	0	0	0	0	0	0	0	0	0	0	0	0	0	0	0	0	0	0	0	0	0	0	0
K03949	NADH dehydrogenase (ubiquinone) 1 alpha subcomplex subunit 5	0	0	0	0	0	0	0	0	0	0	0	0	0.0405585	0	0	0.0590716	0	0	0	0	0	0	0	0	0	0	0	0	0	0	0	0	0	0	0	0	0	0	0	0	0	0
K03960	NADH dehydrogenase (ubiquinone) 1 beta subcomplex subunit 4	0	0	0	0	0	0	0	0	0	0	0	0	0.0478741	0	0	0.10467	0	0	0	0	0	0	0	0	0	0	0	0	0	0	0	0	0	0	0	0	0	0	0	0	0	0
K03969	phage shock protein A	0.144304	0.1702244	0.8134554	1.9100842	0.2243919	0.0646719	0.5061173	0.1351516	0.1466406	0.6802295	0.686712	0.0961957	4.878464	4.9176809	16.1704	0.400149	0.7172885	0.034643	0	0	0	0.2046758	0.2051316	0.1788202	0	0.367651	0.829131	0.224954	0.147859	0.3314589	0.1352938	0.0476079	5.914007	0.8274151	0	1.3371099	0	0.237285	0	0.147049	0	1.280082
K03970	phage shock protein B	0	0	2.7958	0	0	0	0.4934587	0	0	0.0448745	2.25241	0.112102	3.78125	5.7721	18.5018	0	0.98177	0	0	0	0	0.113925	0.437677	0	0	0	0.458748	0	6.32514	0	0.1392084	0	10.4878984	1.0636419	0	1.89167	0	0	0	0	0	0.789935
K03971	phage shock protein D	0	0.376622	5.20053	0.0171957	0	0.349633	0.685149	0	0	0.0822699	1.17313	0.116773	9.67819	7.42899	45.2554	0	1.27835	0	0.0161411	0	0	0	0.3829673	0	0	0	0.358397	0	6.10422	0	0	0	4.54532	0.704235	0.120134	3.70916	0	0.244012	0	0	0	0.4702
K03972	phage shock protein E	0	0	3.183642	0.543346	0	0.152014	0.348803	0.415256	0	0	0	10.6715391	5.30357	3.796285	19.98	1.02647	0.502041	0.880969	0	1.1232	0.0467341	8.96423	7.05242	0.12511	0	0	0.208522	0	27.69253	4.317	1.74863	0	2.77678	0.8294949	1.31625	1.395336	1.958238	26.693716	2.7326	0.3238556	0	1.249468
K03973	phage shock protein C	0	0.0195331	3.8157	0	0	0.119874	0.391514	0.167928	0	0	1.24322	0	8.21842	6.46734	29.0045	0	0.569777	0.0827032	0	0	0	0.16275	0.156313	0	0	0	0.245758	0	2.05966	0	0	0	9.013673	0.523146	0	3.37799	0	0	0	0	0	0.846359
K03974	psp operon transcriptional activator	0	0	0	0	0	0.0272247	0.1622067	0	0	0.1074942	0.57575	0.00976793	0	0	0	0	0	0.104877	0	0	0	0	0.0707221	0	0	0	0.260709	0.0274608	4.05263	0	0.0794557	0	7.37027	0.0714442	0	0	0	0.0145408	0	0	0	0.2115237
K03975	membrane-associated protein	4.8499073	20.2278184	20.493262	17.3804576	82.2224098	42.7838884	20.8124351	12.3188911	11.630305	3.560181	3.2159982	2.775097	22.500241	3.721227	21.0524725	9.086342	2.2743654	8.2590063	5.2008386	34.8128949	1.843678	49.3196269	106.1289653	2.6622583	4.241202	17.12967	19.8031735	21.1326388	0.821625	2.9041398	38.9800492	12.8274788	41.224006	7.5405006	10.8629017	2.1874013	40.531273	19.3425864	18.6827455	2.076462	30.2382895	7.2069912
K03976	putative transcription regulator	49.0899709	31.3925117	14.886569	18.145986	19.7199898	31.6604893	25.2236155	7.4615526	8.5767272	12.5804886	9.3260925	19.7639569	4.4257655	6.553381	1.9604704	7.238514	4.3339883	8.6037223	9.7700827	40.9525377	33.4303032	38.6609156	70.6099038	2.3288821	10.9957857	13.4502051	24.5678248	11.1178232	59.7633	13.5934526	5.2922661	8.4957642	33.0052421	16.2390239	4.2217758	3.1740196	29.053159	38.6284135	55.12731	80.6059062	67.3943307	7.5775894
K03977	GTP-binding protein	11.7234985	11.5209627	24.4972535	11.5790226	14.1907083	21.135089	37.0296491	27.3680498	34.2132325	80.9075427	55.122717	65.7012355	47.5972904	35.166389	9.2055919	48.236095	13.548093	20.058267	30.5188382	28.2744883	13.4624613	49.0123422	69.1927625	50.1081676	15.5031959	25.428853	24.3314106	42.579127	71.097735	24.3069374	27.8168613	22.0276918	43.7929988	24.6169001	32.0724567	27.4575591	39.4705404	51.5525193	14.895731	33.4109279	12.1140587	33.2352993
K03978	GTP-binding protein	3.6240109	3.8155207	12.4642347	3.2645408	2.0768926	1.5665706	9.0811062	3.210203	2.499474	40.22501	28.4259107	26.3757209	16.4429514	5.8702734	19.7565809	22.4895944	2.1730895	3.8380858	5.9865354	12.9206173	1.3783581	7.679894	6.3254992	27.485665	3.2801852	12.57118	3.6945248	25.3165335	63.9241424	11.5680416	22.3373861	7.1668482	31.4513442	10.430177	6.8929069	9.4363639	3.2290234	5.5438083	2.2197026	0.4358133	2.538261	16.9648606
K03979	GTP-binding protein	38.6744649	46.5514481	20.1573866	51.1714533	102.797817	49.9094067	48.6351216	34.4674165	39.8594794	77.4002133	51.0141717	69.205796	65.2520761	35.9694451	3.2330497	40.4933125	20.0242471	25.211858	29.68849	84.1390767	37.433399	36.9458083	57.2058	25.7064166	13.557246	47.2915977	43.11692	51.3783542	69.6334338	25.6198236	95.543938	37.9980637	69.3639105	31.2566024	40.6226784	20.5309308	76.9447309	80.983535	88.2814755	80.1710455	80.3682758	43.14119
K03980	putative peptidoglycan lipid II flippase	5.93345	4.14	0.8971452	5.9761036	1.1857676	2.839102	1.760885	0.1331636	0	0.3587841	0.2191971	0.662556	3.9159819	0.8161163	4.9782507	1.7922722	0.7547042	0	0.113768	1.8070582	0.9590807	1.234375	2.1544345	1.429123	2.1857942	0.235051	2.0643838	0.5101396	0.631309	1.8258254	5.517538	1.0180857	7.773228	3.712633	0.4536766	0.552175	1.906388	0.99254	0.3573166	0.454444	1.26615	2.0969843
K03981	thiol:disulfide interchange protein DsbC	0.0536101	0.117826	3.060038	0	0	0.0747877	0.439668	0.0628607	0	0.49539	4.56543	0.0599474	6.55724	6.76677	22.286	0	0.57423	0.3051736	0.231295	0.203347	0	0.106614	0.292565	0	0	0	0.3675716	0.201884	3.2048953	0	0	0.0757659	10.252297	1.03564	0	2.39509	0	0.140927	0	0	0	1.160064
K03984	alpha-1-antitrypsin	0	0	0	0	0	0.0423026	0	0	0	0	0	0	0	0	0	0	0	0	0	0	0	0	0	0	0	0	0	0	0	0	0	0	0	0	0	0	0	0	0	0	0	0
K04008	CD59 antigen	0	0	0	0	0	0	0	0	0	0	0	0	0	0	0	0.0527374	0	0	0	0	0	0	0	0	0	0	0	0	0	0	0	0	0	0	0	0	0	0	0	0	0	0
K04009	C3a anaphylatoxin chemotactic receptor	0	0	0	0	0	0	0	0	0	0	0	0	0	0	0	0.0570271	0	0	0	0	0	0	0	0	0	0	0	0	0	0	0	0	0	0	0	0	0	0	0	0	0	0
K04010	C5a anaphylatoxin chemotactic receptor	0	0	0	0	0	0	0	0	0	0	0	0	0.0323702	0	0	0	0	0	0	0	0	0	0	0	0	0	0	0	0	0	0	0	0	0	0	0	0	0	0	0	0	0
K04013	formate-dependent nitrite reductase, penta-haeme cytochrome c	0	0	4.14845	0.0362163	0	0.0603682	0.666306	0.084568	0	0.0288682	0.276212	0	3.76959	5.17038	36.9123	0	0.419371	0.0392844	0	0	0	0.0819603	0.118078	0	0	0	0.206272	0.159988	0.500011	0	0.109185	0.0815438	4.212165	0.299881	0.0414851	1.50101	0	0	0	0	0	0.750966
K04014	formate-dependent nitrite reductase, Fe-S protein	0	0.273907	7.01977	0	0	0.0270249	0.409514	0.0449566	0	0.370003	2.236844	0	5.55701	5.74022	40.9635	0	0.740559	0.559186	0.43911	0.179007	0	0	0.083776	0.0208405	0	0	0.32956	0.884507	3.13002	0	0.122112	0.0273673	6.241513	0.518058	0	1.82261	0	0	0.0591798	0	0	0.664765
K04015	formate-dependent nitrate reductase complex, transmembrane protein	0	0	1.12265	0	0	0.123591	0.285267	0	0	0	1.48436	0.0520919	2.2164	1.50414	0.888154	0	0.627293	0.0860851	0	0	0	0.0196659	0.296961	0	0	0	0.306111	0.258344	4.17538	0.0571712	0.203109	0	7.372915	0.534067	0.0643097	1.63039	0	0.0653119	0	0	0	0.513899
K04016	formate-dependent nitrite reductase, possible assembly protein	0	0	1.194	0	0	0.0134017	0.297765	0	0	0	0.419807	0.0150676	1.91357	1.07411	1.18461	0	0.239917	0	0	0	0	0.0264311	0.1061	0	0	0	0.0982638	0.209464	3.892	0	0.067034	0	2.55278	0.310909	0	0.456281	0	0	0	0	0	0.343046
K04017	formate-dependent nitrite reductase complex NrfF subunit	0	0	3.71238	0	0	0.179299	0.527038	0	0	0	1.05008	0	13.7468	1.99513	14.3541	0	0.472005	0	0	0	0	0	0	0	0	0.0638385	0.183793	0.784042	0.626074	0.078867	0.155659	0	1.02561	0.397261	0	1.10562	0	0	0	0	0	0.4702
K04018	formate-dependent nitrite reductase complex NrfG subunit	0	0	1.563923	0.0267839	0	0.116801	0.169766	0.0375348	0	0.0374872	1.5651229	0	1.921435	3.000365	17.951	0	0.414736	0.0971346	0	0	0	0	0.21869	0	0	0	0.180077	0	3.90171	0	0.040743	0	6.932417	0.170151	0	0.952185	0	0.176868	0	0	0	0.4940449
K04019	ethanolamine utilization protein EutA	0.597898	0.9346389	1.30894	0.21103	0	1.33688	2.58876	0.7926638	1.24849	0.360246	2.051252	0.3497162	1.3753198	0.262595	0.642666	0.8633743	2.6954717	1.1845389	0.774883	1.667832	1.454738	2.0134732	1.875652	0	0.0688603	0.505546	0.766431	0.396418	4.074125	2.937727	1.038983	0.9506809	7.02828	1.3545672	1.1916217	0.0539803	0.312233	0.0382071	2.015521	1.79143	1.687811	0.6937532
K04020	phosphotransacetylase	0	0	0.613267	0	0	0.0214894	0.0961956	0.00837306	0	0.00782207	0.0663868	0	3.37378	1.07697	3.62579	0	0.109115	0.00940709	0	0	0	0.0220441	0.132515	0.0109064	0	0	0.231731	0.0384596	0.187331	0.0203992	0.0137712	0.0119407	5.16319	0.243368	0	0.51421	0	0	0	0	0	0.185477
K04021	aldehyde dehydrogenase	0	0.396445	1.91101	0	0	0.0080348	1.4153	0.0110839	0	0.00760243	0.0399404	0	4.34211	2.63316	14.1329	0.169441	0.176155	0.00727622	0	0	0	0.0131562	0.0523537	0	0	0	0.0619169	0.0158231	0	0.00769722	0.285847	0.00954709	4.14081	1.68725	0.213827	0.818589	0	0	0	0	0	1.16651
K04022	alcohol dehydrogenase	0	0	1.681	0	0	0.0153871	0.62963	0	0	0.00746726	0.0795746	0	3.76252	1.52104	9.2053	0	0.133305	0	0	0	0	0.0214469	0.0245501	0	0	0	0.139113	0	0	0	0.184619	0	6.58376	1.432898	0	0.546726	0	0	0	0	0	1.714148
K04023	ethanolamine transporter	0.849521	1.8616196	4.398528	0	0	1.96558493	14.608918	4.6318552	3.48581	12.6799159	0.8889986	1.1630896	5.9491819	9.3755806	18.4325258	0.4119929	1.5566407	9.6354306	15.1265512	1.262865	0.6571613	0.9284118	1.4902682	0	0.2531002	3.7272982	1.4635302	2.8917291	1.309102	3.9318945	0.6651578	3.13516	6.540741	2.745478	3.0317098	3.6255631	1.366429	3.86123	0.7459609	0.438256	1.4593724	10.1971843
K04024	ethanolamine utilization protein EutJ	0.138132	0.106654	3.55362	0.236287	0	0	0.107709	0	0.0983465	0.5465435	0.7179723	0.6531505	11.043249	1.8782632	4.22059	0.5134565	0.884094	0.2825994	0.0862537	0.646229	0.574077	0.874059	0.9882051	0.033359	0	0	0.1643641	1.668634	1.30812	1.1168871	0.5317769	1.6051228	4.5719497	0.84874	0	1.2765778	1.054805	2.2952706	0.0676738	0.130564	0.719966	5.8667961
K04025	ethanolamine utilization protein EutK	0	0	4.11775	0	0	0.286878	0.609021	0.125587	0	0.109952	1.22509	0	8.88755	9.86895	34.2429	0.0757412	0.83912	0	0	0	0	0.0973716	0.163661	0	0	0	0.367586	0	2.9018	0	0.0778296	0	11.0227	1.2868	0.0492857	3.59219	0	0.0500538	0	0	0	1.32714
K04026	ethanolamine utilization protein EutL	1.0997791	1.5044501	6.7694	0.444032	0.0495594	1.6465692	3.0569858	0.5399028	1.5646687	0.954148	1.483522	1.7138181	9.582888	3.1640589	23.6891	1.7228212	2.8721444	1.3248044	1.271481	2.407182	1.4506272	3.574594	4.188847	0.121802	0.2306793	0.981816	1.344562	1.377606	0.889131	2.0854581	2.2334496	3.023201	5.1680747	2.616856	1.2203916	0.7021614	0.838989	2.39431	2.577297	2.522519	1.691386	8.0401309
K04027	ethanolamine utilization protein EutM	0.0483251	0.384636	11.0528	1.1791536	0	0.0756093	2.60454	0.196386	0.0760759	0.2054133	1.9205657	1.51049377	8.6251413	5.48208	26.582	2.0511179	1.8294449	0.2707	0.189795	0.167014	0.12862	0.6591495	2.08470287	0	0.149244	0.167663	0.366361	1.33198	2.95522	2.9869596	1.05592355	1.1060587	11.638333	2.13558719	1.3723206	3.29553629	0.618051	1.4862283	0.05319328	0.18434625	0.0178771	4.8162227
K04028	ethanolamine utilization protein EutN	0.757598	1.3059842	6.2809339	1.3095714	0	2.032581	1.933117	1.6347384	1.636875	1.319812	3.009554	2.1603046	15.799643	13.7501281	36.8564	1.9083099	5.1937306	1.3470537	1.473372	2.1594626	1.879865	3.8341831	5.2928354	0.0822446	0.4048713	0.971198	1.2751723	2.0011183	3.99365	3.1057196	1.4982049	3.71201	5.9276261	1.6056189	1.3003844	3.3988294	0.82222	3.4462194	2.1495359	2.435126	2.1733444	7.4555487
K04029	ethanolamine utilization protein EutP	14.7349146	10.892383	17.9255	26.3523298	32.3044479	67.3636365	55.4207604	29.0500008	43.430001	7.225251	26.545909	2.336954	28.4744567	22.203376	17.843695	6.1996359	42.4255616	25.5505807	19.7275998	50.2371839	80.588682	21.5385824	10.900925	26.98471	71.8379213	28.7998355	72.3452083	12.2656932	0.697626	26.868221	28.077592	56.5414335	38.967722	51.5486371	39.357691	19.3645569	25.077983	32.17385	44.5942564	45.9885108	49.5050069	46.614092
K04030	ethanolamine utilization protein EutQ	0.216824	0.541205	3.12032	0.259026	0.111867	0.2609844	0.2910169	0.3238124	0.0987513	0.330353	1.260863	1.4124284	9.5621116	1.67615	8.14338	0.1262537	0.788555	0.1472662	0.325834	0.5709523	0.2793974	0.4492808	1.3831046	0.0643719	0.246277	0.0744557	0.5798847	1.158402	2.2218	1.300005	0.312117	2.2725603	6.229147	1.262731	0	1.64798	0.735507	1.913911	0.3583202	0.358535	0.496878	6.097825
K04031	ethanolamine utilization protein EutS	7.6475305	5.588604	17.32236	6.486762	15.89732	30.2746928	21.223087	14.861291	22.75983	2.432026	8.8346528	1.305657	20.2535499	9.3510534	25.281944	3.9462196	14.732974	11.7000832	7.274041	25.0840193	35.828636	8.3135495	4.2701192	10.0566309	39.935009	13.2160653	33.3344398	7.879544	0	13.291581	11.460558	17.888471	18.48437	19.238318	17.802482	13.497074	12.719291	17.4676014	20.582402	21.13066	30.781092	27.463069
K04032	ethanolamine utilization cobalamin adenosyltransferase [EC:2.5.1.17]	0.22818	0.5162646	6.10145	0.3596648	0	0.0464641	1.684587	0.1830983	0.073947	0.1807509	1.0707177	0.9429377	8.0380716	0.986457	4.02033	0.554326	0.8386394	0.1904934	0.12739	0.40599	0.130304	0.4400204	1.3691023	0	0.0976764	0	0.280108	0.873371	1.60698	1.351204	0.2233031	0.930017	7.1236724	2.34565	0.144819	0.803955	0.31817	1.0646007	0.155926	0.0899888	0.4048275	3.612925
K04033	AraC family transcriptional regulator, ethanolamine operon	0	0.350346	1.72499	0	0	0.0276137	1.0470718	0.0100627	0	0	0.5800706	0.0188892	2.61116	1.82123	9.87677	0	0.275205	0	0	0	0	0	0.1737135	0	0	0	0.0844787	0.0538611	2.54946	0	0.151263	0	6.910094	1.602655	0	0.600736	0	0.0583684	0	0	0	1.134109
K04034	anaerobic magnesium-protoporphyrin IX monomethyl ester cyclase [EC:4.-.-.-]	0	0	0	0	0	0	0	0	0	0	0	0	0	0.0554796	0	0	0.28274	0	0	0	0	0	0	0	0	0	0	0	0	0	0	0	0	0	0	0	0	0	0	0	0	0
K04041	fructose-1,6-bisphosphatase III [EC:3.1.3.11]	6.8730017	5.0632633	5.5632185	2.6268551	5.1551075	11.7294629	22.4013831	11.5052883	11.6368513	14.1699069	22.4879054	28.9852406	10.3050036	10.2265771	4.2989133	26.8927064	19.4261763	8.8656889	9.3185539	17.7178747	35.6862396	11.256885	4.4654243	4.6825585	19.0919787	10.9888509	12.6889086	34.1950776	58.6795898	15.1506331	32.0986128	30.1160796	13.6318327	32.5596673	13.9480508	19.4956144	8.1587095	15.1906894	17.4709501	7.5439673	12.6444355	22.263666
K04042	bifunctional UDP-N-acetylglucosamine pyrophosphorylase / Glucosamine-1-phosphate N-acetyltransferase [EC:2.7.7.23 2.3.1.157]	15.8927458	32.9542966	32.2555841	14.7836121	71.765231	40.856472	29.1444521	18.028195	13.6251766	60.7280021	47.6813202	5.8323679	16.9604201	9.6135901	13.9773046	6.1435297	3.4450666	18.8366184	16.119949	37.0670813	0.8802105	55.5001467	114.1494223	33.8168385	2.0962777	23.751067	23.8195177	5.2004067	10.030879	9.2190178	51.2987649	14.8289578	52.2404239	11.3126862	15.8311275	13.5512053	39.4377161	25.2373928	13.0749068	2.6782603	21.558717	33.7829989
K04043	molecular chaperone DnaK	71.8667774	74.0574142	47.4758489	99.0214369	128.4544348	121.9412815	84.6112809	52.2517046	46.2720235	88.3495831	76.4837694	64.1901286	79.528935	56.5071313	14.520612	55.0250563	53.7593246	53.0558783	47.0598217	122.0824071	83.7603064	68.965957	85.7227247	65.8314095	53.7943064	74.884432	115.4769788	58.5788126	62.7127662	51.8568632	72.9752711	60.6169635	85.9099146	59.6837452	72.3379091	112.7480375	91.4092164	95.186912	92.0681819	105.8957301	120.9877298	54.2424059
K04044	molecular chaperone HscA	0	0.393228	4.8015639	0	0	0.2862305	2.535201	0.0159138	0	0.1711583	0.942934	0.0107128	0	3.403333	0.504307	0.343514	0.420116	0.0109536	0	0	0	0.0753471	0.2192697	0	0	0	0.1965529	0.068644	3.5476	0	0.757161	0.00977636	11.2835089	2.067771	0.198316	0.0801723	0	0.0103053	0	0	0	1.925058
K04045	molecular chaperone HscC	0	0	5.87198	0	0	0	0.10811	0.0190574	0.571241	0	0	0	0.129851	2.0626603	4.56766	0	0.0107172	2.81111	0.228241	0	0	0.0561759	0.0104898	0.664044	0.177125	0.71277	0.0128225	0.192447	0.803862	0	0	0	0.096931	0.294473	0.105348	1.160587	0	0	0	0	0	0.380039
K04046	hypothetical chaperone protein	0	0.0174606	3.54382	0	0	0.0469828	0.0196896	0.0372525	0	0	0.153191	0	7.16782	3.13992	27.0113	0	0.107113	0	0	0	0	0	0.0349047	0	0	0	0.153842	0.0626907	1.4827	0	0	0	2.084816	0.126446	0	1.52579	0	0.0160873	0	0	0	0.140992
K04047	starvation-inducible DNA-binding protein	0.112618	1.6112475	9.975622	4.0141475	0.2910385	0.7920191	4.1801125	0.6043785	0.1754771	5.8978807	5.2012892	21.501152	8.2604208	37.55584	33.4257533	11.5632663	0.811772	0.4800919	0.6309144	0.9387692	1.674295	1.7821399	1.0073358	1.2972672	0.1364876	0	1.0708345	6.2038169	69.47615	1.9992117	18.519321	2.9043124	12.531676	3.8761756	1.4958137	8.890171	1.0453071	0.5949053	0	0.2460411	5.336465	8.7887045
K04050	type III secretion protein SctE	0	0	0	0	0	0	0	0	0	0	0	0	0	0	0	0	0	0	0	0	0	0	0	0	0	0	0	0	0	0	0	0	16.5652	0	0	0	0	0	0	0	0	0
K04051	type III secretion protein SctG	0	0	0	0	0	0	0	0	0	0	0	0	0	0	0	0	0	0	0	0	0	0	0	0	0	0	0	0	0	0	0	0	12.9658	0	0	0	0	0	0	0	0	0
K04056	type III secretion protein O	1.05821	0.378525	0	0	0	0	0	0	0	0	0	0	0	0	0	0	0.0835787	0	0	0	0	0	0	0	0	0	0	0	0	0	0	0	0.115475	0.331995	0	0	0	0	0	0	0	0
K04061	flagellar biosynthesis protein	0.0365406	1.311932	0.488336	0	0	0	0	4.488936	1.211835	0.0596032	0.470283	0.311394	1.4807446	0.2002121	0	0.136074	0.2097795	4.072052	5.21578	0.297197	0.632147	0.110013	0	1.46492	0.20933	1.2329533	0.156391	0.540524	0	1.57208	0	0.0652666	0.0559424	0.0972605	1.17154	0.151738	0.0986807	0.168287	0	0.398368	0.980376	1.321254
K04062	osmotically inducible lipoprotein OsmB	0	0.596773	11.0402	0.0269792	0	0.243223	1.31072	0.255542	0	0.3243461	3.00687	0.365549	15.8531	10.9488	49.5818	0	1.60071	1.4735575	0.46002	0.112569	0.0346582	0.123831	0.59467	0.0513844	0	0	0.373979	1.134742	5.66189	0	0.395916	0	20.4473	3.18437	0	6.6523	0	0.254622	0.0361714	0	0	3.06652
K04063	osmotically inducible protein OsmC	0	0.256424	2.15103	0	0	0.023354	0.433335	0.152033	0	0.0272396	0.299523	0	4.59726	3.91308	18.8675	0	0.46633	0	0	0	0	0	0.145504	0.0443265	0	0	0.244015	0	0.841109	0	0.096873	0	11.331436	1.17787	0	0.710265	0	0	0	0	0	1.42502
K04064	osmotically inducible lipoprotein OsmE	0	0.517856	1.66417	0	0	0	1.79883	0.0228011	0	0.0810088	0.40628	0	4.97307	2.42525	10.4049	0.0936856	0.0973978	0	0	0	0	0	0.0402229	0	0	0	0	0	0.848962	0	0.0956076	0	5.91693	1.72218	0	0.838977	0	0	0	0	0	1.38899
K04065	hyperosmotically inducible periplasmic protein	0	0	2.10211	0	0	0.11041	1.878385	0	0	0.580588	1.02719	0	8.44028	4.28142	20.2721	0	0.524795	0	0	0	0	0.131163	0.214575	0	0	0	0.245219	0.365761	0.183586	0.141649	0.4498143	0	11.4171	1.034019	0	1.13475	0	0.115585	0	0	0	2.097337
K04066	primosomal protein N' (replication factor Y) (superfamily II helicase) [EC:3.6.4.-]	8.4513832	43.1994643	26.2162258	17.0654897	91.1926381	32.7055163	22.0515155	17.7184478	16.5090719	6.2995868	13.2059671	20.3055954	23.795291	6.3029004	1.8556494	13.2763373	8.3346372	12.2666391	8.1888715	31.2993633	14.2342771	61.0052241	118.1941781	8.1378415	2.3488288	39.6297776	32.9930031	4.5115383	20.0705037	14.5352958	31.1841154	14.2686617	31.6293402	5.2586222	16.0616938	10.4449585	30.2367557	19.7657814	21.8024653	14.3743348	32.7186238	12.2445214
K04067	primosomal replication protein N''	0	0	4.5962731	0	0	0.0526648	0.556491	0.13994	0	0.1307238	1.161432	0	9.04595	7.11856	35.7337	0	0.365242	0.2670622	0.0958375	0.0945655	0	0.0678124	0.0434204	0.0362333	0	0.0534207	0.159287	0.443993	1.60565	0	0.0722703	0	5.75259	0.73777	0	2.03121	0	0.0276821	0	0	0	0.828447
K04068	anaerobic ribonucleoside-triphosphate reductase activating protein	50.4305387	80.0876432	37.8291671	29.292747	121.2022665	62.531775	51.0775578	36.4881339	35.8098152	62.8698815	69.1893924	9.055042	43.5747678	26.064768	39.8403641	26.0603947	27.4634482	32.5232	27.079507	91.4800857	71.9433691	67.8114331	136.822888	46.3529809	28.7484574	57.029419	49.247606	52.6802367	3.6301353	19.1869403	44.4975939	45.8265871	60.1525683	57.6455962	36.873649	16.6542354	67.8252221	63.5356729	79.5423298	80.2105054	98.3620524	35.129827
K04069	pyruvate formate lyase activating enzyme	15.2331565	21.289286	40.0709853	51.1510754	32.5363964	33.0627702	32.6760933	29.2039829	26.7347305	13.62066323	23.3849461	6.3357595	55.5121995	20.0398576	42.9283404	19.5613498	40.8292022	19.4308717	19.3958719	40.4425995	34.6823406	70.1319857	120.4837835	24.2842763	21.3290341	31.0934906	61.5132273	52.8833449	8.8276786	39.1967787	69.356768	35.137281	35.1157102	22.5941941	40.1175023	23.391247	42.6197071	31.0524515	62.0077914	51.3212413	14.9786196	32.0608319
K04070	putative pyruvate formate lyase activating enzyme	12.1906986	11.98762	7.1224108	34.0134466	17.7420019	4.303548	1.992924	16.301405	12.1797601	4.038559	7.875198	3.3910472	22.6554363	4.50278	0.9461782	3.883457	23.1675698	4.3246381	3.8955094	23.4177808	15.631921	16.532867	17.87211	2.426821	2.941485	22.609563	24.945297	7.334577	2.328793	12.4592381	54.3481799	16.262686	10.68147	6.11741	19.46959	8.9374066	18.8779482	11.987379	40.1958097	21.1690938	2.2870163	17.009998
K04072	acetaldehyde dehydrogenase / alcohol dehydrogenase [EC:1.2.1.10 1.1.1.1]	7.708005	11.591777	7.0640228	28.478749	18.5138234	2.112245	3.668253	9.8281223	7.617215	44.7443078	37.966901	1.8112586	23.425369	16.5263311	11.9392393	3.5264452	21.181525	5.4897118	4.522708	31.741413	12.842537	14.25850567	15.6879076	6.4092888	0.912664	10.2328145	20.9868494	7.081377	0.617488	11.2866818	60.382104	18.3315197	17.207016	6.9381984	26.8139708	13.423498	17.3747947	10.7290571	38.923992	17.2915673	2.772222	26.262845
K04073	acetaldehyde dehydrogenase [EC:1.2.1.10]	0	0	4.190937	0	0	0.188566	1.857862	0.044026	0	0.288717	0.0634602	0.4105299	4.969204	5.58474	19.9095	0.317196	0.6567108	0	0	0.355834	0.107626	0.0588454	0.1040063	0	0.142725	0	0.0859078	0.669843	1.82027	0.0508399	0.2046308	0.0468371	5.0571664	1.1833116	0.4609203	1.7173227	0.224964	1.01638	0	0	0.0586349	1.320786
K04074	cell division initiation protein	36.097193	23.732301	1.4054918	14.0691555	16.316272	12.174687	18.206642	3.9190421	6.274838	7.5474601	4.743808	0.5777788	2.8491896	31.175277	0.300018	1.7359273	1.87374	4.998005	5.729449	33.0693075	27.115347	4.517615	6.0830465	0.2610315	0.798138	5.999445	4.880307	1.58845	0	5.3066367	1.974226	5.0127125	12.5901541	9.8488253	3.7651069	3.789545	21.9285	27.118111	47.379184	63.835061	58.1954133	3.569792
K04075	cell cycle protein MesJ	15.324866	10.9634665	29.1488486	9.437685	6.1294696	21.4302186	27.4945804	18.5225523	15.4090503	31.0345166	44.8888971	34.2749581	17.7669983	14.7817381	9.9031447	30.9284795	27.3480766	10.0752435	12.447332	21.3008727	46.9403952	48.2415143	83.2875476	37.0693199	3.815361	17.83451	9.5256518	35.5431775	64.761463	16.3875406	25.5766226	33.5563694	41.8694031	36.6102552	16.1494414	31.2756517	9.9440024	18.6626064	14.5797946	14.454952	17.4444842	29.4341697
K04076	Lon-like ATP-dependent protease	0	0	0.2466101	0	0	0	0	1.54472	0.073947	0	0	0	0	0.0760315	0	0	0.939386	0	0	0	0	0	0	0	0	0	0	0	0	2.78499	0	0	0	0	0	0	0	0	1.83826	0	0	0
K04077	chaperonin GroEL	33.1928426	48.0144197	49.7341857	32.7442514	102.9499926	52.8699582	48.7963302	43.5563941	44.770515	79.5156743	59.4701082	69.2092108	68.3934793	39.0500916	5.9865592	54.3654924	26.6957771	40.4237229	39.6626475	51.8600165	13.0257283	91.1241752000001	143.9886793	24.3539975	19.2468026	61.7869398	38.3325971	61.6627147	74.6939392	32.0264161	64.8126845	40.0143091	52.9067303	29.01996	54.9705591	71.9305495	75.9105667	66.4916371	29.138709	20.7224763	41.3882997	54.9620846
K04078	chaperonin GroES	77.4705851	96.50546593	43.49494378	42.2946863	166.03818894	100.666074	78.2290298	54.0710504	60.8715554	73.9590303	54.1600401	56.2853037	67.30907677	19.6554747	19.35774212	71.897648	19.9304405	41.73997437	49.012673	109.3304108	59.0664393	67.2963375	109.12038515	30.7012887	42.5857557	83.9224366	79.5737357	84.6438928	87.7567923	35.1565036	77.46408451	52.42644311	84.6038375	42.5619304	50.8638635	29.1413725	118.5299412	94.24422461	87.931829	110.3047536	124.79041057	59.7521158
K04079	molecular chaperone HtpG	1.0772881	3.7599213	0.9101305	1.7799982	0.095843	1.8744545	3.981864	3.93335	1.874688	7.1396654	3.0237924	36.224847	7.4035447	1.8983633	0.363799	24.65242985	3.3696191	1.775903	1.9380311	3.595413	3.0142896	6.5538663	3.0559457	0.5977578	1.978977	3.788625	3.503615	35.8161558	113.6018954	6.492223	1.6914954	2.2854034	15.709609	5.1055584	1.567267	1.9068933	2.444167	8.0559793	1.9239201	3.7020925	1.6991968	3.5385115
K04080	molecular chaperone IbpA	0	0.410861	10.41302	0	0.0938484	0.682056	5.39961	0	0	1.102918	1.10527	0	4.57322	10.4497	36.0308	1.475547	0.592688	0	0	0	0	0.356015	0.4536091	0.1428218	0	0	0.325815	0.694946	2.00832	0	1.598766	0	11.358203	3.525924	0.917387	2.43704	0	0.133098	0.0253496	0	0	3.1174778
K04081	molecular chaperone IbpB	0	0.615555	10.924465	0	0.0450907	0.4353848	4.977749	0.0947979	0	0.166953	1.210976	0.0602697	11.15217	11.47017	46.8388	0.761573	1.352573	0.155624	0	0	0	0.153125	0.588276	0.0343168	0	0.0786517	0.7707457	0.717363	0.800144	0.0244436	1.533996	0	11.573455	2.8472354	0.558042	3.9185478	0	0.157427	0	0	0	2.6998573
K04082	molecular chaperone HscB	0.0723823	0.541332	9.689643	0.0367941	0	0.7174454	4.248018	0.1855258	0	1.5452194	6.48104	0.068915	8.94394	5.24159	33.532547	0.387029	0.5123192	0.4103423	0.645512	0.27436	0	0.116726	0.269064	0.0367344	0	0	0.2585157	1.125767	4.65084	0.0756347	1.174671	0.048091	20.497084	3.019227	0.2126958	2.0978	0	0.0720037	0	0	0	2.139635
K04083	molecular chaperone Hsp33	6.0844729	9.1847384	29.7127487	11.2476297	14.0461868	20.9847144	37.6401738	24.768978	33.541083	82.1641545	53.0689037	4.971318	16.0751567	65.765723	23.4503688	9.6196672	10.9641976	24.6559756	40.4100634	23.8201845	12.7822962	46.0624918	82.6169818	40.501367	8.8340612	12.516045	23.1833406	5.6575984	13.092792	12.878272	13.2077371	17.7474363	34.0971384	11.438909	25.6760398	20.1763465	28.8670116	18.9119286	6.6721087	33.9244474	17.0867251	34.1162484
K04084	thiol:disulfide interchange protein DsbD	0.9596981	1.433564	6.74138	0	0	0.6032064	3.4670933	5.802614	0.371025	4.256224	8.8799507	1.57120508	5.483449	1.332671	0.170158	8.7047046	5.9025636	1.1270677	0.6392924	0.773809	0.672798	2.515018	1.856056	0.504028	1.16874	3.945836	0.9626308	20.5219668	3.2828403	7.769016	1.0318656	2.2228404	17.528089	4.4638606	2.498076	0.0353129	3.001848	3.6898759	10.277214	4.6977902	0	0.3907579
K04085	tRNA 2-thiouridine synthesizing protein A [EC:2.8.1.-]	0	0.893754	13.3985109	0	0	0.523327	3.354621	0.0454444	0	2.261937	0.928731	0	5.3858064	9.4582363	23.59373426	2.02888	0.809167	0.0445325	0	0	0	0	0.3897519	0	0	0	0.4479962	0.347473	3.19745	0	2.102102	0.0874138	22.9641046	1.408471	0.810905	0.695468	0	0.0915047	0	0	0	2.1433549
K04086	ATP-dependent Clp protease ATP-binding subunit ClpL	0	0	17.584839	0.185156	0	0.817165	0	0	0	0.413472	0.117242	0	0	0	0	0	0	2.617269	1.337183	0.7897311	0	47.7394007	90.370643	0	0.572573	0	0.228875	0	0	0	0.219479	0.361742	0	0	0.370804	0.4647723	0.014089	0.0941672	0	0	0.0328638	0.813576
K04087	membrane protease subunit HflC	0.103262	0.4075832	8.0055622	0.40384	0	0.459409	2.76944	0.2144892	0	1.0118134	3.058415	0.0688344	7.15499	5.43058	13.6826	1.14762	0.398306	0.489927	1.42711	0.113219	0.0842388	0.3435631	0.239955	0.0627826	0	0.0823698	0.273036	1.182544	4.05451	0.1351972	0.976405	0.0608079	7.3944806	2.35138	0.672509	2.609032	0.125172	0.1758083	0	0.132021	0	2.172286
K04088	membrane protease subunit HflK	0.1182539	0.608769	3.8593654	0.2988399	0	0.2078955	1.754893	0	0	1.42632	4.030242	0	3.63525	1.75885	9.74618	0.33178	0.291914	0.355394	0.911167	0.274888	0.0583772	0.2679522	0.15037	0	0	0.0344902	0.1642986	0.9291097	0.722765	0	0.345014	0.1181274	6.405491	1.74286	0.1789736	0.889147	0.0385263	0.0472565	0	0	0	1.9884316
K04091	alkanesulfonate monooxygenase [EC:1.14.14.5]	0	0.136129	2.1501077	0.0191108	0	0	1.1723485	0.0619613	0	0.4933127	0.1619	0.011808	4.44239	2.644642	17.81664	0	0.00949035	0.0159749	0	0	0	0	0.0576759	0	0	0	0	0	0.980598	0	0.356563	0	24.868541	1.2634038	0	0	0	0	0	0.0888947	0	1.21515
K04092	chorismate mutase [EC:5.4.99.5]	4.38598	51.06685	14.26832	16.07229	131.5314	42.0197	17.5398149	14.894	14.6818	0.1625693	0.575901	2.515915	20.870489	0	0.228362	0.465212	2.0555718	10.72322	2.666025	38.036035	1.085232	32.36512	84.0867397	3.4238602	0	38.1316	41.675049	0.0947654	0	0	39.40782	11.978599	24.48963	1.3545888	16.021491	1.28345	37.672703	17.8351	18.1793	0.897332	29.895	3.8855571
K04093	chorismate mutase [EC:5.4.99.5]	0	0	0	0	0	0	0	0	0	0	0	0.0433383	0	0	0	0	0	0	0	0	0	0	0	0	0	0	0	0	0	0	0	0	8.52024	0.0408252	0	0	0	0	0	0	0	0
K04094	glucose inhibited division protein Gid	0.4193316	0.2830827	7.7965945	1.6398125	1.9189125	0.3900766	5.7731274	0.5419891	0.5661837	39.8720609	28.8911191	3.988471	2.611338	2.700604	1.1647209	3.031101	0.6884509	2.996609	3.7654834	9.2921418	0.229582	27.1070073	52.9280857	23.8543319	0.8174999	0	0.547501	0.5557516	1.1580085	2.7025013	18.8041843	3.3426469	0.815068	2.357067	6.078612	8.2206636	0.3904779	3.5767723	0.4146406	0.8040984	1.4617606	11.7461032
K04095	cell filamentation protein	0.5465201	0.885873	5.391247	1.5670441	3.771096	0.676912	2.4837436	2.2641523	1.4303977	5.6068863	6.287152	8.6127985	33.221845	13.5351953	34.2017693	1.7468435	2.9887129	3.453353	3.979564	12.1985963	29.1438	20.9849424	20.097019	5.342617	5.811438	2.57077	1.4978872	1.0683812	2.06362	1.6391384	7.821533	5.0596904	11.7586925	1.7333243	1.672898	21.2130292	0.3858	0.7197892	0.1801	0.588101	4.0767966	8.8178014
K04096	DNA processing protein	5.983225	35.895681	11.7991688	14.7076896	71.6705516	4.452386	3.1648301	17.408626	14.535364	3.5217068	3.7632661	4.7507538	20.0668612	16.4501804	11.9219646	3.1622485	6.3753043	6.6640373	3.3259375	6.7001695	11.4525294	23.15963	46.8420836	3.3081511	0.5461717	25.259289	25.6469018	4.422742	3.4062419	8.8355787	7.6420158	8.9703146	14.8971705	2.0113383	10.1142525	20.0387499	0.2912419	0.6471521	4.2535523	10.676082	13.260485	5.2409637
K04099	gallate dioxygenase [EC:1.13.11.57]	0	0	0.928839	0	0	0	0	0	0	0	0	0	0	0	0	0	0.0154742	0	0	0	0	0	0	0	0	0	0	0	0	0	0.0941195	0	0	0.0436735	0.0670515	0	0	0	0	0	0	0
K04130	muscarinic acetylcholine receptor M2	0	0	0	0	0	0	0	0	0	0	0	0	0	0	0	0.0623374	0	0	0	0	0	0	0	0	0	0	0	0	0	0	0	0	0	0	0	0	0	0	0	0	0	0
K04131	muscarinic acetylcholine receptor M3	0	0	0	0	0	0	0	0	0	0	0	0	0	0	0	0.0462894	0	0	0	0	0	0	0	0	0	0	0	0	0	0	0	0	0	0	0	0	0	0	0	0	0	0
K04133	muscarinic acetylcholine receptor M5	0	0	0	0	0	0	0	0	0	0	0	0	0	0	0	0.0743752	0	0	0	0	0	0	0	0	0	0	0	0	0	0	0	0	0	0	0	0	0	0	0	0	0	0
K04136	adrenergic receptor alpha-1B	0	0	0	0	0	0	0	0	0	0	0	0	0	0	0	0.0036729	0	0	0	0	0	0	0	0	0	0	0	0	0	0	0	0	0	0	0	0	0	0	0	0	0	0
K04139	adrenergic receptor alpha-2B	0	0	0	0	0	0	0	0	0	0	0	0	0	0	0	0.0431296	0	0	0	0	0	0	0	0	0	0	0	0	0	0	0	0	0	0	0	0	0	0	0	0	0	0
K04143	adrenergic receptor beta-3	0	0	0	0	0	0	0	0	0	0	0	0	0	0	0	0.0527334	0	0	0	0	0	0	0	0	0	0	0	0	0	0	0	0	0	0	0	0	0	0	0	0	0	0
K04144	dopamine receptor D1	0	0	0	0	0	0	0	0	0	0	0	0	0	0	0	0.0480677	0	0	0	0	0	0	0	0	0	0	0	0	0	0	0	0	0	0	0	0	0	0	0	0	0	0
K04149	histamine receptor H1	0	0	0	0	0	0	0	0	0	0	0	0	0	0	0	0.0501425	0	0	0	0	0	0	0	0	0	0	0	0	0	0	0	0	0	0	0	0	0	0	0	0	0	0
K04150	histamine receptor H2	0	0	0	0	0	0	0	0	0	0	0	0	0	0	0	0.0230783	0	0	0	0	0	0	0	0	0	0	0	0	0	0	0	0	0	0	0	0	0	0	0	0	0	0
K04151	histamine receptor H3	0	0	0	0	0	0	0	0	0	0	0	0	0	0	0	0.0366988	0	0	0	0	0	0	0	0	0	0	0	0	0	0	0	0	0	0	0	0	0	0	0	0	0	0
K04153	5-hydroxytryptamine receptor 1	0	0	0	0	0	0	0	0	0	0	0	0	0	0	0	0.3769519	0	0	0	0	0	0	0	0	0	0	0	0	0	0	0	0	0	0	0	0	0	0	0	0	0	0
K04166	angiotensin II receptor type 1	0	0	0	0	0	0	0	0	0	0	0	0	0	0	0	0.0774926	0	0	0	0	0	0	0	0	0	0	0	0	0	0	0	0	0	0	0	0	0	0	0	0	0	0
K04168	neuromedin B receptor	0	0	0	0	0	0	0	0	0	0	0	0	0	0	0	0.0315871	0	0	0	0	0	0	0	0	0	0	0	0	0	0	0	0	0	0	0	0	0	0	0	0	0	0
K04169	gastrin-releasing peptide receptor	0	0	0	0	0	0	0	0	0	0	0	0	0	0	0	0.0722317	0	0	0	0	0	0	0	0	0	0	0	0	0	0	0	0	0	0	0	0	0	0	0	0	0	0
K04170	bombesin-like receptor 3	0	0	0	0	0	0	0	0	0	0	0	0	0	0	0	0.0462581	0	0	0	0	0	0	0	0	0	0	0	0	0	0	0	0	0	0	0	0	0	0	0	0	0	0
K04171	G protein-coupled receptor 77	0	0	0	0	0	0	0	0	0	0	0	0	0	0	0	0.119601	0	0	0	0	0	0	0	0	0	0	0	0	0	0	0	0	0	0	0	0	0	0	0	0	0	0
K04172	formyl peptide receptor 1	0	0	0	0	0	0	0	0	0	0	0	0	0	0	0	0.0884268	0	0	0	0	0	0	0	0	0	0	0	0	0	0	0	0	0	0	0	0	0	0	0	0	0	0
K04174	apelin receptor	0	0	0	0	0	0	0	0	0	0	0	0	0	0	0	0.0405445	0	0	0	0	0	0	0	0	0	0	0	0	0	0	0	0	0	0	0	0	0	0	0	0	0	0
K04181	C-C chemokine receptor type 6	0	0	0	0	0	0	0	0	0	0	0	0	0	0	0	0.0412395	0	0	0	0	0	0	0	0	0	0	0	0	0.03249	0	0	0	0	0	0	0	0	0	0	0	0	0
K04182	C-C chemokine receptor type 7	0	0	0	0	0	0	0	0	0	0	0	0	0	0	0	0.0570729	0	0	0	0	0	0	0	0	0	0	0	0	0	0	0	0	0	0	0	0	0	0	0	0	0	0
K04183	C-C chemokine receptor type 8	0	0	0	0	0	0	0	0	0	0	0	0	0	0	0	0.0783991	0	0	0	0	0	0	0	0	0	0	0	0	0	0	0	0	0	0	0	0	0	0	0	0	0	0
K04184	C-C chemokine receptor type 9	0	0	0	0	0	0	0	0	0	0	0	0	0	0	0	0.0418318	0	0	0	0	0	0	0	0	0	0	0	0	0	0	0	0	0	0	0	0	0	0	0	0	0	0
K04185	C-C chemokine receptor type 10	0	0	0	0	0	0	0	0	0	0	0	0	0	0	0	0.0853001	0	0	0	0	0	0	0	0	0	0	0	0	0	0	0	0	0	0	0	0	0	0	0	0	0	0
K04186	chemokine (C-C motif) receptor 11	0	0	0	0	0	0	0	0	0	0	0	0	0	0	0	0.0383156	0	0	0	0	0	0	0	0	0	0	0	0	0	0	0	0	0	0	0	0	0	0	0	0	0	0
K04187	chemokine binding protein 2	0	0	0	0	0	0	0	0	0	0	0	0	0	0	0	0.0962895	0	0	0	0	0	0	0	0	0	0	0	0	0	0	0	0	0	0	0	0	0	0	0	0	0	0
K04188	C-X-C chemokine receptor type 3	0	0	0	0	0	0	0	0	0	0	0	0	0	0	0	0.1041168	0	0	0	0	0	0	0	0	0	0	0	0	0	0	0	0	0	0	0	0	0	0	0	0	0	0
K04189	C-X-C chemokine receptor type 4	0	0	0	0	0	0	0	0	0	0	0	0	0	0	0	0.0395585	0	0	0	0	0	0	0	0	0	0	0	0	0	0	0	0	0	0	0	0	0	0	0	0	0	0
K04190	C-X-C chemokine receptor type 5	0	0	0	0	0	0	0	0	0	0	0	0	0	0	0	0.0745987	0	0	0	0	0	0	0	0	0	0	0	0	0	0	0	0	0	0	0	0	0	0	0	0	0	0
K04193	XC chemokine receptor 1	0	0	0	0	0	0	0	0	0	0	0	0	0	0	0	0.0838438	0	0	0	0	0	0	0	0	0	0	0	0	0	0	0	0	0	0	0	0	0	0	0	0	0	0
K04194	cholecystokinin A receptor	0	0	0	0	0	0	0	0	0	0	0	0	0	0	0	0.057326	0	0	0	0	0	0	0	0	0	0	0	0	0	0	0	0	0	0	0	0	0	0	0	0	0	0
K04200	melanocortin 2 receptor	0	0	0	0	0	0	0	0	0	0	0	0	0	0	0	0.0946313	0	0	0	0	0	0	0	0	0	0	0	0	0	0	0	0	0	0	0	0	0	0	0	0	0	0
K04201	melanocortin 3 receptor	0	0	0	0	0	0	0	0	0	0	0	0	0	0	0	0.0769851	0	0	0	0	0	0	0	0	0	0	0	0	0	0	0	0	0	0	0	0	0	0	0	0	0	0
K04203	melanocortin 5 receptor	0	0	0	0	0	0	0	0	0	0	0	0.0544379	0	0	0	0.0573235	0	0	0	0	0	0	0	0	0	0	0	0	0	0	0	0	0	0	0	0	0	0	0	0	0	0
K04204	neuropeptide Y receptor type 1	0	0	0	0	0	0	0	0	0	0	0	0.0228675	0	0	0	0.056164	0	0	0	0	0	0	0	0	0	0	0	0	0	0	0	0	0	0	0	0	0	0	0	0	0	0
K04205	neuropeptide Y receptor type 2	0	0	0	0	0	0	0	0	0	0	0	0	0	0	0	0.105174	0	0	0	0	0	0	0	0	0	0	0	0	0	0	0	0	0	0	0	0	0	0	0	0	0	0
K04206	neuropeptide Y receptor type 4	0	0	0	0	0	0	0	0	0	0	0	0	0	0	0	0.0740364	0	0	0	0	0	0	0	0	0	0	0	0	0	0	0	0	0	0	0	0	0	0	0	0	0	0
K04207	neuropeptide Y receptor type 5	0	0	0	0	0	0	0	0	0	0	0	0	0	0	0	0.041422	0	0	0	0	0	0	0	0	0	0	0	0	0	0	0	0	0	0	0	0	0	0	0	0	0	0
K04211	neurotensin receptor 1	0	0	0	0	0	0	0	0	0	0	0	0	0	0	0	0.0257119	0	0	0	0	0	0	0	0	0	0	0	0	0	0	0	0	0	0	0	0	0	0	0	0	0	0
K04214	kappa-type opioid receptor	0	0	0	0	0	0	0	0	0	0	0	0	0	0	0	0.0305211	0	0	0	0	0	0	0	0	0	0	0	0	0	0	0	0	0	0	0	0	0	0	0	0	0	0
K04217	somatostatin receptor 1	0	0	0	0	0	0	0	0	0	0	0	0	0	0	0	0.0632386	0	0	0	0	0	0	0	0	0	0	0	0	0	0	0	0	0	0	0	0	0	0	0	0	0	0
K04218	somatostatin receptor 2	0	0	0	0	0	0	0	0	0	0	0	0	0	0	0	0.0453106	0	0	0	0	0	0	0	0	0	0	0	0	0	0	0	0	0	0	0	0	0	0	0	0	0	0
K04219	somatostatin receptor 3	0	0	0	0	0	0	0	0	0	0	0	0	0	0	0	0.0440767	0	0	0	0	0	0	0	0	0	0	0	0	0	0	0	0	0	0	0	0	0	0	0	0	0	0
K04220	somatostatin receptor 4	0	0	0	0	0	0	0	0	0	0	0	0	0	0	0	0.087285	0	0	0	0	0	0	0	0	0	0	0	0	0	0	0	0	0	0	0	0	0	0	0	0	0	0
K04221	somatostatin receptor 5	0	0	0	0	0	0	0	0	0	0	0	0	0	0	0	0.0678819	0	0	0	0	0	0	0	0	0	0	0	0	0	0	0	0	0	0	0	0	0	0	0	0	0	0
K04222	tachykinin receptor 1	0	0	0	0	0	0	0	0	0	0	0	0	0	0	0	0.0603292	0	0	0	0	0	0	0	0	0	0	0	0	0	0	0	0	0	0	0	0	0	0	0	0	0	0
K04223	tachykinin receptor 2	0	0	0	0	0	0	0	0	0	0	0	0	0	0	0	0.0849658	0	0	0	0	0	0	0	0	0	0	0	0	0	0	0	0	0	0	0	0	0	0	0	0	0	0
K04226	arginine vasopressin receptor 1A	0	0	0	0	0	0	0	0	0	0	0	0	0	0	0	0.0305101	0	0	0	0	0	0	0	0	0	0	0	0	0	0	0	0	0	0	0	0	0	0	0	0	0	0
K04228	arginine vasopressin receptor 2	0	0	0	0	0	0	0	0	0	0	0	0	0	0	0	0.0499167	0	0	0	0	0	0	0	0	0	0	0	0	0	0	0	0	0	0	0	0	0	0	0	0	0	0
K04229	oxytocin receptor	0	0	0	0	0	0	0	0	0	0	0	0	0	0	0	0.0672608	0	0	0	0	0	0	0	0	0	0	0	0	0	0	0	0	0	0	0	0	0	0	0	0	0	0
K04231	galanin receptor 2	0	0	0	0	0	0	0	0	0	0	0	0	0	0	0	0.0477624	0	0	0	0	0	0	0	0	0	0	0	0	0	0	0	0	0	0	0	0	0	0	0	0	0	0
K04232	galanin receptor 3	0	0	0	0	0	0	0	0	0	0	0	0	0	0	0	0.0754939	0	0	0	0	0	0	0	0	0	0	0	0	0	0	0	0	0	0	0	0	0	0	0	0	0	0
K04234	coagulation factor II (thrombin) receptor-like 1	0	0	0	0	0	0	0	0	0	0	0	0	0	0	0	0.0542535	0	0	0	0	0	0	0	0	0	0	0	0	0	0	0	0	0	0	0	0	0	0	0	0	0	0
K04235	coagulation factor II (thrombin) receptor-like 2	0	0	0	0	0	0	0	0	0	0	0	0	0	0	0	0.0989578	0	0	0	0	0	0	0	0	0	0	0	0	0	0	0	0	0	0	0	0	0	0	0	0	0	0
K04236	coagulation factor II (thrombin) receptor-like 3	0	0	0	0	0	0	0	0	0	0	0	0	0	0	0	0.0960573	0	0	0	0	0	0	0	0	0	0	0	0	0	0	0	0	0	0	0	0	0	0	0	0	0	0
K04241	urotensin 2 receptor	0	0	0	0	0	0	0	0	0	0	0	0	0	0	0	0.154361	0	0	0	0	0	0	0	0	0	0	0	0	0	0	0	0	0	0	0	0	0	0	0	0	0	0
K04243	G protein-coupled receptor 37 (endothelin receptor type B-like)	0	0	0	0	0	0	0	0	0	0	0	0	0	0	0	0.0371136	0	0	0	0	0	0	0	0	0	0	0	0	0	0	0	0	0	0	0	0	0	0	0	0	0	0
K04244	endothelin type b receptor-like protein 2	0	0	0	0	0	0	0	0	0	0	0	0	0	0	0	0.0508057	0	0	0	0	0	0	0	0	0	0	0	0	0	0	0	0	0	0	0	0	0	0	0	0	0	0
K04245	chemokine-like receptor 1	0	0	0	0	0	0	0	0	0	0	0	0	0	0	0	0.057911	0	0	0	0	0	0	0	0	0	0	0	0	0	0	0	0	0	0	0	0	0	0	0	0	0	0
K04257	olfactory receptor	0	0	0	0	0	0	0	0	0	0	0	1.2238543	0.0360319	0	0	20.3818007	0	0	0	0	0	0	0	0	0	0	0	0	0.1896362	0	0	0	0	0	0	0	0	0	0	0	0	0
K04258	prostaglandin E receptor 1	0	0	0	0	0	0	0	0	0	0	0	0	0	0	0	0.104698	0	0	0	0	0	0	0	0	0	0	0	0	0	0	0	0	0	0	0	0	0	0	0	0	0	0
K04259	prostaglandin E receptor 2	0	0	0	0	0	0	0	0	0	0	0	0	0	0	0	0.0345242	0	0	0	0	0	0	0	0	0	0	0	0	0	0	0	0	0	0	0	0	0	0	0	0	0	0
K04261	prostaglandin E receptor 4	0	0	0	0	0	0	0	0	0	0	0	0	0	0	0	0.0312837	0	0	0	0	0	0	0	0	0	0	0	0	0	0	0	0	0	0	0	0	0	0	0	0	0	0
K04262	prostaglandin F receptor	0	0	0	0	0	0	0	0	0	0	0	0	0	0	0	0.0660125	0	0	0	0	0	0	0	0	0	0	0	0	0	0	0	0	0	0	0	0	0	0	0	0	0	0
K04263	prostacyclin receptor	0	0	0	0	0	0	0	0	0	0	0	0	0	0	0	0.0292715	0	0	0	0	0	0	0	0	0	0	0	0	0	0	0	0	0	0	0	0	0	0	0	0	0	0
K04264	thromboxane A2 receptor	0	0	0	0	0	0	0	0	0	0	0	0	0	0	0	0.0270927	0	0	0	0	0	0	0	0	0	0	0	0	0	0	0	0	0	0	0	0	0	0	0	0	0	0
K04265	adenosine A1 receptor	0	0	0	0	0	0	0	0	0	0	0	0	0	0	0	0.0270813	0	0	0	0	0	0	0	0	0	0	0	0	0	0	0	0	0	0	0	0	0	0	0	0	0	0
K04266	adenosine receptor A2a	0	0	0	0	0	0	0	0	0	0	0	0	0	0	0	0.111872	0	0	0	0	0	0	0	0	0	0	0	0	0	0	0	0	0	0	0	0	0	0	0	0	0	0
K04267	adenosine receptor A2b	0	0	0	0	0	0	0	0	0	0	0	0	0	0	0	0.065402	0	0	0	0	0	0	0	0	0	0	0	0	0	0	0	0	0	0	0	0	0	0	0	0	0	0
K04269	purinergic receptor P2Y, G protein-coupled, 2	0	0	0	0	0	0	0	0	0	0	0	0	0	0	0	0.0654436	0	0	0	0	0	0	0	0	0	0	0	0	0	0	0	0	0	0	0	0	0	0	0	0	0	0
K04272	purinergic receptor P2Y, G protein-coupled, 6	0	0	0	0	0	0	0	0	0	0	0	0.044951	0	0	0	0.0378548	0	0	0	0	0	0	0	0	0	0	0	0	0	0	0	0	0	0	0	0	0	0	0	0	0	0
K04275	lysophosphatidic acid receptor 4	0	0	0	0	0	0	0	0	0	0	0	0	0	0	0	0.0750632	0	0	0	0	0	0	0	0	0	0	0	0	0	0	0	0	0	0	0	0	0	0	0	0	0	0
K04276	G protein-coupled receptor 35	0	0	0	0	0	0	0	0	0	0	0	0	0	0	0	0.0705499	0	0	0	0	0	0	0	0	0	0	0	0	0	0	0	0	0	0	0	0	0	0	0	0	0	0
K04278	cannabinoid receptor 2 (macrophage)	0	0	0	0	0	0	0	0	0	0	0	0	0	0	0	0.145964	0	0	0	0	0	0	0	0	0	0	0	0	0	0	0	0	0	0	0	0	0	0	0	0	0	0
K04279	platelet-activating factor receptor	0	0	0	0	0	0	0	0	0	0	0	0	0	0	0	0.0815275	0	0	0	0	0	0	0	0	0	0	0	0	0	0	0	0	0	0	0	0	0	0	0	0	0	0
K04282	thyrotropin-releasing hormone receptor	0	0	0	0	0	0	0	0	0	0	0	0.044051	0	0	0	0	0	0	0	0	0	0	0	0	0	0	0	0	0	0	0	0	0	0	0	0	0	0	0	0	0	0
K04284	growth hormone secretagogue receptor	0	0	0	0	0	0	0	0	0	0	0	0	0	0	0	0.0491649	0	0	0	0	0	0	0	0	0	0	0	0	0	0	0	0	0	0	0	0	0	0	0	0	0	0
K04285	melatonin receptor type 1A	0	0	0	0	0	0	0	0	0	0	0	0	0	0	0	0.0442134	0	0	0	0	0	0	0	0	0	0	0	0	0	0	0	0	0	0	0	0	0	0	0	0	0	0
K04286	melatonin receptor type 1B	0	0	0	0	0	0	0	0	0	0	0	0	0	0	0	0.0896263	0	0	0	0	0	0	0	0	0	0	0	0	0	0	0	0	0	0	0	0	0	0	0	0	0	0
K04287	G protein-coupled receptor 50	0	0	0	0	0	0	0	0	0	0	0	0	0	0	0	0.0442132	0	0	0	0	0	0	0	0	0	0	0	0	0	0	0	0	0	0	0	0	0	0	0	0	0	0
K04288	sphingosine 1-phosphate receptor 1	0	0	0	0	0	0	0	0	0	0	0	0	0	0	0	0.0443875	0	0	0	0	0	0	0	0	0	0	0	0	0	0	0	0	0	0	0	0	0	0	0	0	0	0
K04290	sphingosine 1-phosphate receptor 3	0	0	0	0	0	0	0	0	0	0	0	0	0	0	0	0.0326388	0	0	0	0	0	0	0	0	0	0	0	0	0	0	0	0	0	0	0	0	0	0	0	0	0	0
K04291	lysophosphatidic acid receptor 2	0	0	0	0	0	0	0	0	0	0	0	0	0	0	0	0.0176273	0	0	0	0	0	0	0	0	0	0	0	0	0	0	0	0	0	0	0	0	0	0	0	0	0	0
K04292	sphingosine 1-phosphate receptor 2	0	0	0	0	0	0	0	0	0	0	0	0	0	0	0	0.0525851	0	0	0	0	0	0	0	0	0	0	0	0	0	0	0	0	0	0	0	0	0	0	0	0	0	0
K04293	sphingosine 1-phosphate receptor 4	0	0	0	0	0	0	0	0	0	0	0	0	0	0	0	0.0802364	0	0	0	0	0	0	0	0	0	0	0	0	0	0	0	0	0	0	0	0	0	0	0	0	0	0
K04295	sphingosine 1-phosphate receptor 5	0	0	0	0	0	0	0	0	0	0	0	0	0	0	0	0.0360698	0	0	0	0	0	0	0	0	0	0	0	0	0	0	0	0	0	0	0	0	0	0	0	0	0	0
K04296	leukotriene B4 receptor 1	0	0	0	0	0	0	0	0	0	0	0	0	0	0	0	0.0615335	0	0	0	0	0	0	0	0	0	0	0	0	0	0	0	0	0	0	0	0	0	0	0	0	0	0
K04297	leukotriene B4 receptor 2	0	0	0	0	0	0	0	0	0	0	0	0	0	0	0	0.0601083	0	0	0	0	0	0	0	0	0	0	0	0	0	0	0	0	0	0	0	0	0	0	0	0	0	0
K04298	purinergic receptor P2Y, G protein-coupled, 12	0	0	0	0	0	0	0	0	0	0	0	0	0	0	0	0.0588918	0	0	0	0	0	0	0	0	0	0	0	0	0	0	0	0	0	0	0	0	0	0	0	0	0	0
K04300	super conserved receptor expressed in brain 3	0	0	0	0	0	0	0	0	0	0	0	0	0	0	0	0.0827637	0	0	0	0	0	0	0	0	0	0	0	0	0	0	0	0	0	0	0	0	0	0	0	0	0	0
K04302	G protein-coupled receptor 85	0	0	0	0	0	0	0	0	0	0	0	0	0	0	0	0.10426	0	0	0	0	0	0	0	0	0	0	0	0	0	0	0	0	0	0	0	0	0	0	0	0	0	0
K04303	MAS1 oncogene	0	0	0	0	0	0	0	0	0	0	0	0	0	0	0	0.0573595	0	0	0	0	0	0	0	0	0	0	0	0	0	0	0	0	0	0	0	0	0	0	0	0	0	0
K04305	Epstein-Barr virus induced gene 2	0	0	0	0	0	0	0	0	0	0	0	0	0	0	0	0.0770099	0	0	0	0	0	0	0	0	0	0	0	0	0	0	0	0	0	0	0	0	0	0	0	0	0	0
K04310	G protein-coupled receptor 1	0	0	0	0	0	0	0	0	0	0	0	0	0	0	0	0.104566	0	0	0	0	0	0	0	0	0	0	0	0	0	0	0	0	0	0	0	0	0	0	0	0	0	0
K04312	G protein-coupled receptor 4	0	0	0	0	0	0	0	0	0	0	0	0	0	0	0	0.0853658	0	0	0	0	0	0	0	0	0	0	0	0	0	0	0	0	0	0	0	0	0	0	0	0	0	0
K04314	prolactin releasing hormone receptor	0	0	0	0	0	0	0	0	0	0	0	0	0	0	0	0.0917557	0	0	0	0	0	0	0	0	0	0	0	0	0	0	0	0	0	0	0	0	0	0	0	0	0	0
K04315	G protein-coupled receptor 12	0	0	0	0	0	0	0	0	0	0	0	0	0	0	0	0.0650099	0	0	0	0	0	0	0	0	0	0	0	0	0	0	0	0	0	0	0	0	0	0	0	0	0	0
K04316	G protein-coupled receptor 19	0	0	0	0	0	0	0	0	0	0	0	0.0421787	0	0	0	0	0	0	0	0	0	0	0	0	0	0	0	0	0	0	0	0	0	0	0	0	0	0	0	0	0	0
K04317	G protein-coupled receptor 20	0	0	0	0	0	0	0	0	0	0	0	0	0	0	0	0.0863567	0	0	0	0	0	0	0	0	0	0	0	0	0	0	0	0	0	0	0	0	0	0	0	0	0	0
K04318	G protein-coupled receptor 21	0	0	0	0	0	0	0	0	0	0	0	0	0	0	0	0.1045115	0	0	0	0	0	0	0	0	0	0	0	0	0	0	0	0	0	0	0	0	0	0	0	0	0	0
K04319	G protein-coupled receptor 22	0	0	0	0	0	0	0	0	0	0	0	0	0	0	0	0.0566214	0	0	0	0	0	0	0	0	0	0	0	0	0	0	0	0	0	0	0	0	0	0	0	0	0	0
K04320	melanin-concentrating hormone receptor 1	0	0	0	0	0	0	0	0	0	0	0	0	0	0	0	0.0291353	0	0	0	0	0	0	0	0	0	0	0	0	0	0	0	0	0	0	0	0	0	0	0	0	0	0
K04321	G protein-coupled receptor 63	0	0	0	0	0	0	0	0	0	0	0	0	0	0	0	0.0879283	0	0	0	0	0	0	0	0	0	0	0	0	0	0	0	0	0	0	0	0	0	0	0	0	0	0
K04322	cysteinyl leukotriene receptor 1	0	0	0	0	0	0	0	0	0	0	0	0	0	0	0	0.0643828	0	0	0	0	0	0	0	0	0	0	0	0	0	0	0	0	0	0	0	0	0	0	0	0	0	0
K04323	cysteinyl leukotriene receptor 2	0	0	0	0	0	0	0	0	0	0	0	0	0	0	0	0.0715959	0	0	0	0	0	0	0	0	0	0	0	0	0	0	0	0	0	0	0	0	0	0	0	0	0	0
K04324	MAS1 oncogene-like	0	0	0	0	0	0	0	0	0	0	0	0	0	0	0	0.106054	0	0	0	0	0	0	0	0	0	0	0	0	0	0	0	0	0	0	0	0	0	0	0	0	0	0
K04325	free fatty acid receptor 1	0	0	0	0	0	0	0	0	0	0	0	0	0	0	0	0.0416013	0	0	0	0	0	0	0	0	0	0	0	0	0	0	0	0	0	0	0	0	0	0	0	0	0	0
K04326	free fatty acid receptor 3	0	0	0	0	0	0	0	0	0	0	0	0	0	0	0	0.0895085	0	0	0	0	0	0	0	0	0	0	0	0	0	0	0	0	0	0	0	0	0	0	0	0	0	0
K04328	free fatty acid receptor 2	0	0	0	0	0	0	0	0	0	0	0	0	0	0	0	0.0752371	0	0	0	0	0	0	0	0	0	0	0	0	0	0	0	0	0	0	0	0	0	0	0	0	0	0
K04332	prostaglandin D2 receptor	0	0	0	0	0	0	0	0	0	0	0	0.0286133	0	0	0	0.0215262	0	0	0	0	0	0	0	0	0	0	0	0	0	0	0	0	0	0	0	0	0	0	0	0	0	0
K04333	LuxR family transcriptional regulator, csgAB operon transcriptional	0	0.324752	2.606684	0	0	0.0350764	0.410269	0	0	0.00993383	0.5387781	0	3.88163	2.40108	16.46737	0	0.0236157	0.0138631	0	0	0	0.0123585	0.0582018	0	0	0	0.270105	0.1345234	1.802012	0.0147309	0.2428073	0	8.249996	1.01207	0	0.1873125	0	0.0830681	0	0	0	1.395149
K04334	major curlin subunit	0	0.206773	1.41944	0	0	0.0543119	0.241296	0.114685	0	0.938699	1.29221	0.0816275	0	0	0	0	0.661732	0	0	0	0	0	0.133051	0	0	0	0.0837828	0.242894	3.22849	0	0	0	8.98738	0.937104	0	0	0	0.142143	0	0	0	1.022838
K04335	minor curlin subunit	0	0	2.03127	0	0	0	0.1880798	0	0	0.659626	0.752812	0	2.78033	1.55343	12.5874	0	0.210551	0	0	0	0	0.0558455	0.268184	0	0	0	0	0.0817583	1.61867	0	0	0	1.71118	0.19332	0	1.14548	0	0	0	0	0	0.497858
K04336	curli production protein	0	0.0987862	0.450144	0	0	0	0.0898556	0.144528	0	0	0.25176	0	0.752707	0.324692	3.03293	0	0.100591	0	0	0	0	0	0.179376	0	0	0	0.141009	0.592413	3.58343	0.100846	0	0	9.41849	0.591745	0	0.228022	0	0	0	0	0	0.323744
K04337	curli production assembly/transport component CsgE	0	0	2.839485	0	0	0.10489	0.4796039	0.110203	0	0.517553	1.1198036	0.0700636	5.53682	4.06734	25.71786	0	0.460205	0	0	0.0165412	0	0.0416957	0	0	0	0	0.501755	0.243231	2.325419	0	0.1921	0	9.818134	0.316906	0	1.147522	0	0	0	0	0	0.91689
K04338	curli production assembly/transport component CsgF	0	0.372391	0	0	0	0	0.778579	0	0	1.10158	0	0	0	0	0	0	0	0	0	0	0	0	0	0	0	0	0	0	0	0	0.448405	0	3.6315881	1.40847	0	0	0	0	0	0	0	1.506776
K04343	streptomycin 6-kinase	0	0	0	0	0	0	0.5784156	0	0	0	0	11.48987	8.11511	0	0	0	0.02130717	0	0	0	0	0	0	0	0	0	0.00430467	0	0	0	0.274895	0	3.842259	0	0	0	0	0	0	0	0	0.11309178
K04353	Ras-related protein Rap-1A	0	0	0	0	0	0	0	0	0	0	0	0	0	0	0	0.00585496	0	0	0	0	0	0	0	0	0	0	0	0	0	0	0	0	0	0	0	0	0	0	0	0	0	0
K04356	neurotrophin 3	0	0	0	0	0	0	0	0	0	0	0	0.0348464	0	0	0	0	0	0	0	0	0	0	0	0	0	0	0	0	0	0	0	0	0	0	0	0	0	0	0	0	0	0
K04358	fibroblast growth factor	0	0	0	0	0	0	0	0	0	0	0	0	0	0	0	0.0958178	0	0	0	0	0	0	0	0	0	0	0	0	0	0	0	0	0	0	0	0	0	0	0	0	0	0
K04374	cyclic AMP-dependent transcription factor ATF-4	0	0	0	0	0	0	0	0	0	0	0	0.0418623	0	0	0	0.101363	0	0	0	0	0	0	0	0	0	0	0	0	0	0	0	0	0	0	0	0	0	0	0	0	0	0
K04375	ETS domain-containing protein Elk-1	0	0	0	0	0	0	0	0	0	0	0	0	0	0	0	0.0154054	0	0	0	0	0	0	0	0	0	0	0	0	0	0	0	0	0	0	0	0	0	0	0	0	0	0
K04377	Myc proto-oncogene protein	0	0	0	0	0	0	0	0	0	0	0	0	0	0	0	0.041876	0	0	0	0	0	0	0	0	0	0	0	0	0	0	0	0	0	0	0	0	0	0	0	0	0	0
K04388	TGF-beta receptor type-2 [EC:2.7.11.30]	0	0	0	0	0	0	0	0	0	0	0	0	0	0	0	0.0143763	0	0	0	0	0	0	0	0	0	0	0	0	0	0	0	0	0	0	0	0	0	0	0	0	0	0
K04392	Ras-related C3 botulinum toxin substrate 1	0	0	0	0	0	0	0	0	0	0	0	0	0	0	0	0.00262667	0	0	0	0	0	0	0	0	0	0	0	0	0	0	0	0	0	0	0	0	0	0	0	0	0	0
K04393	cell division control protein 42	0	0	0	0	0	0	0	0	0	0	0	0	0	0	0	0.00736997	0	0	0	0	0	0	0	0	0	0	0	0	0	0	0	0	0	0	0	0	0	0	0	0	0	0
K04417	mitogen-activated protein kinase kinase kinase 9 [EC:2.7.11.25]	0	0	0	0	0	0	0	0	0	0	0	0	0	0	0	0.0578762	0	0	0	0	0	0	0	0	0	0	0	0	0	0	0	0	0	0	0	0	0	0	0	0	0	0
K04434	mitogen-activated protein kinase 8 interacting protein 1	0	0	0	0	0	0	0	0	0	0	0	0	0	0	0	0.0267871	0	0	0	0	0	0	0	0	0	0	0	0	0	0	0	0	0	0	0	0	0	0	0	0	0	0
K04439	beta-arrestin	0	0	0	0	0	0	0	0	0	0	0	0	0	0	0	0.0579069	0	0	0	0	0	0	0	0	0	0	0	0	0	0	0	0	0	0	0	0	0	0	0	0	0	0
K04448	transcription factor AP-1	0	0	0	0	0	0	0	0	0	0	0	0	0	0	0	0.0673416	0	0	0	0	0	0	0	0	0	0	0	0	0	0	0	0	0	0	0	0	0	0	0	0	0	0
K04454	MADS-box transcription enhancer factor 2C	0	0	0	0	0	0	0	0	0	0	0	0	0	0	0	0.0122231	0	0	0	0	0	0	0	0	0	0	0	0	0	0	0	0	0	0	0	0	0	0	0	0	0	0
K04457	protein phosphatase 1A [EC:3.1.3.16]	0	0	0	0	0	0	0	0	0	0	0	0	0	0	0	0.0437092	0	0	0	0	0	0	0	0	0	0	0	0	0	0	0	0	0	0	0	0	0	0	0	0	0	0
K04461	protein phosphatase 1B [EC:3.1.3.16]	0	0	0	0	0	0	0	0	0	0	0	0	0	0	0	0.0318899	0	0	0	0	0	0	0	0	0	0	0	0	0	0	0	0	0	0	0	0	0	0	0	0	0	0
K04477	PHP family protein	5.416205	9.123765	11.0207759	17.972987	14.50804	34.4612291	36.604471	22.3061443	23.8118455	6.0132926	23.815768	1.2418811	10.9542249	18.751804	7.5383681	10.00294	30.584174	10.310519	12.2026535	25.403093	48.2322351	8.7890109	3.8984813	23.8661765	22.8859465	13.696321	37.388195	18.0503873	3.431657	16.6598	18.2824152	34.6047328	21.6563706	37.920046	19.2711782	9.144406	17.737286	12.8345636	20.974035	35.4343931	12.4859971	12.2381854
K04480	methanol---5-hydroxybenzimidazolylcobamide Co-methyltransferase [EC:2.1.1.90]	0	0	0.884023	0	0	0	0	6.49441	0.300738	0	0	0	0	0	0	0	1.600229	0	0	0	0	0	0	0	0	0	0	0	0	9.7211	0	0	0	0	0	0	0	0	7.4737	0	0	0
K04483	DNA repair protein RadA	0	0	0.419218	0	0	0	0	7.61606	0.374251	0	0	0	0	0	0	0	5.866732	0	0	0	0	0	0	0	0	0	0	0	0	8.84008	0	0	0	0	0	0	0	0	8.80299	3.31533	0	0
K04484	DNA repair protein RadB	0	0	0.259174	0	0	0	0	7.65885	0.249421	0	0	0	0	0	0	0	5.709225	0	0	0	0	0	0	0	0	0	0	0	0	8.67735	0	0	0	0	0	0	0	0	8.15821	3.06692	0	0
K04485	DNA repair protein RadA/Sms	44.4185401	31.7921621	31.6528884	12.8054368	16.868723	16.3378748	29.9374932	25.457306	29.7366988	92.1957839	67.934794	4.3500837	12.833439	14.8990647	18.0444466	15.6761907	17.81726	20.906149	37.664162	46.2678095	24.2105324	49.3287048	79.1398874	61.89449769	39.3232706	35.447078	22.1115026	9.023044	12.9972772	11.7729573	8.4501288	10.5716194	48.5882869	37.9651201	25.9989835	25.7974081	37.3493084	47.2469108	50.3809647	62.9554661	77.5010661	40.0983004
K04486	histidinol-phosphatase (PHP family) [EC:3.1.3.15]	7.1248681	9.0512035	8.3723362	14.3837365	7.924252	22.8643802	32.672652	14.6617999	17.1618238	5.8117107	20.453374	17.6613512	9.8521453	11.9950962	4.8769033	20.0950338	13.0958822	10.2532086	14.5943505	17.1617262	38.8051022	7.3930101	5.6792311	30.7441441	5.9470933	7.30043	15.3331385	13.496445	61.12315	11.3268073	15.8132906	27.3947451	7.8227033	23.0257301	13.0166414	11.8735907	10.8330961	11.2784047	12.237614	31.8528629	16.1397759	8.2109026
K04487	cysteine desulfurase [EC:2.8.1.7]	74.1359041	55.975289	14.7244319	34.1242286	37.918274	46.908705	54.9270498	16.8512837	24.2829044	19.2598505	18.2697348	1.2413993	17.6270868	33.9419291	10.4861253	6.4064574	13.6353079	19.0989129	26.1331156	74.5137457	66.3319055	14.6307706	15.2350488	20.0425173	17.7031228	22.8092345	40.4538732	8.4113092	4.4767643	17.1566342	8.7072807	17.9969234	46.2298784	24.4567506	14.49756	9.6742908	53.8895626	63.8124873	99.4395011	153.8313665	129.5422381	7.9436178
K04488	nitrogen fixation protein NifU and related proteins	53.4769327	33.19044	29.9582488	29.2514833	44.4579122	60.5063156	52.1817031	39.6438214	38.7916514	95.7285274	61.8330581	17.9189604	36.6922395	27.2391055	37.0886701	6.4460296	9.278607	35.8217224	47.1596667	80.7299422	38.3875521	29.92981	27.4443461	34.3846597	9.974079	26.4061008	25.0701222	13.9261379	35.502961	17.7834732	29.4702532	26.7845502	50.889553	23.7450147	30.6938969	12.544746	94.6950627	58.8078234	60.4612589	86.369807	94.813	47.4406496
K04495	transcription factor SOX17 (SOX group F)	0	0	0	0	0	0	0	0	0	0	0	0	0	0	0	0.0741978	0	0	0	0	0	0	0	0	0	0	0	0	0	0	0	0	0	0	0	0	0	0	0	0	0	0
K04511	prickle	0	0	0	0	0	0	0	0	0	0	0	0	0	0	0	0.070629	0	0	0	0	0	0	0	0	0	0	0	0	0	0	0	0	0	0	0	0	0	0	0	0	0	0
K04516	chorismate mutase [EC:5.4.99.5]	1.4771313	0.7129322	0.3412751	0.1217952	1.216361	0.545536	2.6225623	2.112314	0.309299	12.8143602	8.8414367	28.608577	24.12179	1.325606	0.541704	27.743991	0.888237	1.382314	0.7576935	3.3675306	1.05929	3.956	1.5640189	20.931848	1.248161	4.5127889	1.255912	22.7328175	0.150282	5.917231	1.9170499	3.394012	4.362359	5.1479181	8.8342559	1.657254	3.0910751	4.8806066	6.0027334	1.0393685	1.3408403	3.9659749
K04517	prephenate dehydrogenase [EC:1.3.1.12]	2.6480659	4.7050308	0.8074166	3.009369	5.058346	1.452332	8.4347604	4.1811785	1.6231966	10.5732354	5.9951602	4.8282259	13.8784806	0.650503	0.1205312	2.486043	2.865381	3.936852	3.956848	3.371349	1.0343254	14.522969	11.3300288	1.1677246	1.119308	1.7319309	1.3032026	0.7786868	0.121926	4.3327192	4.978066	2.9945892	2.8040143	1.156326	1.3137539	6.0707541	0.2974507	0.1835572	1.91663	0.9432628	7.2363885	9.3407169
K04518	prephenate dehydratase [EC:4.2.1.51]	1.1343186	0.683185	0.9665138	0.5169499	0.2537964	0.1553472	7.4769649	1.68892	0.135786	12.5248845	7.1261117	5.197855	2.750358	0.1180006	0.1442001	0.9277687	0.636174	0.5959948	0.5780553	2.9066801	0.0964966	1.4343805	0.8506023	1.184882	0.6910431	0.9234294	0.3089806	0.141946	0.0218719	3.27847	0.6863901	2.1865658	0.874497	1.3777015	0.8014347	3.6600401	0	0.131307	2.09712	0.1363892	0.3130454	1.4161327
K04523	ubiquilin	0	0	0	0	0	0	0	0	0	0	0	0	0	0	0	0.1321795	0	0	0	0	0	0	0	0	0	0	0	0	0	0	0	0	0	0	0	0	0	0	0	0	0	0
K04525	serpin peptidase inhibitor, clade A, member 3	0	0	0	0	0	0	0	0	0	0	0	0	0	0	0	0.1591002	0	0	0	0	0	0	0	0	0	0	0	0	0	0	0	0	0	0	0	0	0	0	0	0	0	0
K04535	guanine nucleotide-binding protein G(z) subunit alpha	0	0	0	0	0	0	0	0	0	0	0	0	0	0	0	0.0348512	0	0	0	0	0	0	0	0	0	0	0	0	0	0	0	0	0	0	0	0	0	0	0	0	0	0
K04542	guanine nucleotide-binding protein G(I)/G(S)/G(O) subunit gamma-5	0	0	0	0	0	0	0	0	0	0	0	0	0	0	0	0.0586229	0	0	0	0	0	0	0	0	0	0	0	0	0	0	0	0	0	0	0	0	0	0	0	0	0	0
K04551	ubiquitin B	0	0	0	0	0	0	0	0	0	0	0	0.00241594	0.00171468	0	0	0.00271801	0	0	0	0	0	0	0	0	0	0	0	0	0.00574162	0	0	0	0	0	0	0	0	0	0	0	0	0
K04552	ubiquitin-conjugating enzyme E2 L3 [EC:2.3.2.23]	0	0	0	0	0	0	0	0	0	0	0	0	0	0	0	0.00949393	0	0	0	0	0	0	0	0	0	0	0	0	0	0	0	0	0	0	0	0	0	0	0	0	0	0
K04561	nitric oxide reductase subunit B [EC:1.7.2.5]	0	0	0.298281	0	0	0	0.058002	0	0	0.133496	0.5262692	0	0	0	0.0316449	0	0	0	0	0.0683428	0	0	0	0	0.0566889	0	0	0	0	0	0	0	10.5145	0.0931528	0	0.231823	0	0	0	0	0	0.0410492
K04562	flagellar biosynthesis protein FlhG	0	0	0	0.771704	0	0	0	0	0	0	0	0	0	0	0	1.319717	0	0	0	0	0	0.3995099	0.0742665	0	0	0	0	0	0	0.2816681	0.53565	0.0641096	0.510879	0	0.333525	0	0	0	0	0.141515	0	0
K04564	superoxide dismutase, Fe-Mn family [EC:1.15.1.1]	3.237622	4.3638247	9.891068	3.381924	0.0567391	2.060905	16.7298476	0.946971	0.277341	12.0399625	4.2948847	34.4631213	20.44898	38.754264	46.2303569	20.2753622	1.9873981	1.3286672	0.3227182	1.61294	1.981839	7.140817	4.3399397	0.6118992	2.7457337	4.3257084	2.0614844	32.5364711	64.0467144	9.3315281	2.4882539	5.231586	33.963318	9.4248069	1.020038	9.4490418	2.0609589	6.1775795	0.6043501	0.1860618	3.9182658	9.932361
K04565	superoxide dismutase, Cu-Zn family [EC:1.15.1.1]	0	0.0879702	3.4850653	1.093384	0	0.0902278	0.2352321	0.0710985	0.075893	0.290704	0.90788	0.2418723	3.628316	3.2103735	12.7851	1.1071104	0.438055	0.253543	0.261909	0.1784982	0.0945701	0.3580296	0.269781	0.1307076	0.2663672	0	0.474617	1.1490922	1.76282	0.0715305	0.4163038	0.397705	7.579557	0.783743	0.089402	1.48073	0.3515123	1.0207097	0.0820383	0.21885	0.2017438	2.150427
K04566	lysyl-tRNA synthetase, class I [EC:6.1.1.6]	0	0	0.223623	0	0	0	0	1.74487	0.0720983	0	0	0	0	0	0	0	0.466596	0	0	0	0	0	0	0	0	0	0	0	0	2.31968	0	0	0	0	0	0	0	0	1.92453	0	0	0
K04567	lysyl-tRNA synthetase, class II [EC:6.1.1.6]	23.5186419	44.7083253	21.4118287	27.4174036	110.196777	55.146528	37.5274915	19.4434892	13.2443553	58.574684	48.748609	30.82783	34.0907778	17.8260305	5.13177421	29.0498049	4.445283	16.2391399	8.3172351	46.3806715	3.2480444	49.68301265	80.8100245	24.23116362	7.2039885	35.8843539	36.1896592	43.115979	82.0912146	12.3608406	58.14210241	21.2742844	51.0630803	16.8137499	23.4163963	25.8060141	45.3090849	27.248009	21.2813062	3.8453363	31.7467339	40.5478165
K04568	lysyl-tRNA synthetase, class II	0	0.371164	7.3259764	0	0	0.3547	4.557747	0.117124	0	1.05605	0.90883	0.0187546	6.96753	8.84718	29.9682	0.384925	0.715781	0.0419509	0	0.0185853	0	0.103193	0.2775124	0	0	0	0.3532028	0.228427	2.13163	0	0.7361545	0.0259959	10.987807	2.500542	0.167143	1.45141	0	0.13792	0.0222777	0	0	2.882543
K04604	metabotropic glutamate receptor 5	0	0	0	0	0	0	0	0	0	0	0	0	0	0	0	0.0182975	0	0	0	0	0	0	0	0	0	0	0	0	0	0	0	0	0	0	0	0	0	0	0	0	0	0
K04605	metabotropic glutamate receptor 2/3	0	0	0	0	0	0	0	0	0	0	0	0	0	0	0	0.0369137	0	0	0	0	0	0	0	0	0	0	0	0	0	0	0	0	0	0	0	0	0	0	0	0	0	0
K04614	vomeronasal1 receptor	0	0	0	0	0	0	0	0	0	0	0	0	0	0	0	0.675584	0	0	0	0	0	0	0	0	0	0	0	0	0	0	0	0	0	0	0	0	0	0	0	0	0	0
K04620	G protein-coupled receptor, family C, group 5, member C	0	0	0	0	0	0	0	0	0	0	0	0	0	0	0	0.0277886	0	0	0	0	0	0	0	0	0	0	0	0	0	0	0	0	0	0	0	0	0	0	0	0	0	0
K04621	G protein-coupled receptor, family C, group 5, member D	0	0	0	0	0	0	0	0	0	0	0	0	0	0	0	0.161567	0	0	0	0	0	0	0	0	0	0	0	0	0	0	0	0	0	0	0	0	0	0	0	0	0	0
K04622	G protein-coupled receptor, family C, group 6, member A	0	0	0	0	0	0	0	0	0	0	0	0	0	0	0	0.029192	0	0	0	0	0	0	0	0	0	0	0	0	0	0	0	0	0	0	0	0	0	0	0	0	0	0
K04625	taste receptor type 1 member 2	0	0	0	0	0	0	0	0	0	0	0	0	0	0	0	0.0573884	0	0	0	0	0	0	0	0	0	0	0	0	0	0	0	0	0	0	0	0	0	0	0	0	0	0
K04626	taste receptor type 1 member 3	0	0	0	0	0	0	0	0	0	0	0	0	0	0	0	0.0405973	0	0	0	0	0	0	0	0	0	0	0	0	0	0	0	0	0	0	0	0	0	0	0	0	0	0
K04628	2-hydroxyacylsphingosine 1-beta-galactosyltransferase [EC:2.4.1.45]	0	0	0	0	0	0	0	0	0	0	0	0	0	0	0	0.0899631	0	0	0	0	0	0	0	0	0	0	0	0	0	0	0	0	0	0	0	0	0	0	0	0	0	0
K04632	guanine nucleotide-binding protein G(s) subunit alpha	0	0	0	0	0	0	0	0	0	0	0	0	0	0	0	0.0644908	0	0	0	0	0	0	0	0	0	0	0	0	0	0	0	0	0	0	0	0	0	0	0	0	0	0
K04651	hydrogenase nickel incorporation protein HypA	0.431982	1.1706713	15.8645849	2.272317	0.2842027	0.5138724	4.11148	7.8621999	1.473256	10.2061915	7.403172	1.829879	15.884076	19.64276	80.1807137	4.4221901	7.245733	3.759335	3.759756	1.883073	0.648162	1.6599548	1.2520266	0.891628	0.5398367	2.331977	1.8407115	2.5775531	7.75193	11.4871442	1.793441	0.517249	24.7742002	4.9550408	1.8344333	11.048508	1.367031	0.282463	9.0916165	2.435208	3.099156	6.590145
K04652	hydrogenase nickel incorporation protein HypB	5.602483	1.890476	2.5566878	7.8024466	0.959107	1.6606077	7.315924	7.0715904	4.0144365	4.69832892	12.492014	0.5848527	8.707661	10.1156971	14.2429755	3.1732434	11.649596	2.994535	2.385462	7.214746	20.977242	1.477918	1.9527722	1.175561	2.472545	1.209363	2.0804068	1.663867	2.158963	4.7641835	9.564803	16.1822871	14.6846953	19.66127	2.0658473	4.502991	1.514407	0.7141283	7.4819004	1.5606182	3.58628	2.46603
K04653	hydrogenase expression/formation protein HypC	2.185899	9.996302	13.5673007	15.140942	11.0399043	35.437979	35.10388955	6.86448	11.3898128	3.1667436	6.254077	0.2790099	27.5123898	19.46088	79.31254	2.079833	15.055497	7.89959	13.91614	4.906944	4.85276	6.5603956	4.7954836	28.7303	8.75405	5.863616	19.755597	1.27585	6.49559	7.3278875	7.837533	12.7575	17.819038	4.798198	11.309601	8.395116	16.9899	8.2244747	9.3698162	34.8798	3.18945	5.70942
K04654	hydrogenase expression/formation protein HypD	6.5864636	4.755814	6.8298074	24.700161	14.022051	18.5092352	18.560466	17.3968752	18.7427191	4.1325984	20.91966	1.1000901	9.193263	11.573303	5.061116	5.3403854	24.398472	9.9424025	6.6179098	21.85483	38.8507	11.6167017	10.042823	7.912996	18.986614	20.049279	20.9517663	2.7040522	4.04795	14.8181641	14.294605	29.0334832	18.782256	30.127757	12.5941026	7.489343	6.37194	8.794505	23.4359265	13.2105392	18.13702	15.19522
K04655	hydrogenase expression/formation protein HypE	13.1180372	13.192944	12.2084567	40.0630352	24.020991	3.2206541	9.716372	21.5361437	17.6177727	8.96325757	23.546088	2.6770177	32.797527	17.107804	14.5900693	7.685107	44.705838	5.4926126	3.5482717	36.66784	40.74393	24.6112789	25.1637649	0.6947229	0.2052947	27.7625139	31.088749	9.7992457	1.312476	19.9052079	92.00024	43.0964104	19.5157167	24.4172652	33.9785263	11.774764	25.4261	15.935738	61.521265	23.9207413	1.68689	27.378761
K04656	hydrogenase maturation protein HypF	7.2668931	6.352291	4.9331978	15.319769	9.818714	3.29852	1.7077852	7.296643	7.9666535	4.9447907	7.572097	1.8440305	24.0190467	4.959958	0.8972062	3.7809344	15.353237	1.452896	1.2761718	12.202269	23.964758	3.784191	3.2608399	1.362889	0.150869	12.859263	3.618908	1.94804	3.664084	6.8063392	14.0817326	5.0239718	6.025374	3.2810926	13.0556437	7.464124	1.3366458	0.931829	28.1865888	21.026492	12.00705	9.834628
K04662	bone morphogenetic protein 2/4	0	0	0	0	0	0	0	0	0	0	0	0	0	0	0	0.0451987	0	0	0	0	0	0	0	0	0	0	0	0	0	0	0	0	0	0	0	0	0	0	0	0	0	0
K04673	bone morphogenetic protein receptor type-1A [EC:2.7.11.30]	0	0	0	0	0	0	0	0	0	0	0	0	0	0	0	0.0347667	0	0	0	0	0	0	0	0	0	0	0	0	0	0	0	0	0	0	0	0	0	0	0	0	0	0
K04677	mothers against decapentaplegic homolog 6	0	0	0	0	0	0	0	0	0	0	0	0	0	0	0	0.0261426	0	0	0	0	0	0	0	0	0	0	0	0	0	0	0	0	0	0	0	0	0	0	0	0	0	0
K04683	transcription factor Dp-1	0	0	0	0	0	0	0	0	0	0	0	0	0	0	0	0.0242353	0	0	0	0	0	0	0	0	0	0	0	0	0	0	0	0	0	0	0	0	0	0	0	0	0	0
K04691	serine protease DegS	0	0	2.30863	0	0	0	2.080799	0	0	0.0183645	1.6031649	0	4.00722	5.57778	22.0368	0	0.774403	0	0	0	0	0.0837682	0.321787	0	0	0	0.360266	0	3.84302	0	0.285826	0	12.72875	1.895479	0	2.22924	0	0.180933	0	0	0	2.571323
K04695	suppressor of cytokine signaling 2	0	0	0	0	0	0	0	0	0	0	0	0	0	0	0	0.0378348	0	0	0	0	0	0	0	0	0	0	0	0	0	0	0	0	0	0	0	0	0	0	0	0	0	0
K04696	suppressor of cytokine signaling 3	0	0	0	0	0	0	0	0	0	0	0	0	0	0	0	0.0942466	0	0	0	0	0	0	0	0	0	0	0	0	0	0	0	0	0	0	0	0	0	0	0	0	0	0
K04698	suppressor of cytokine signaling 5	0	0	0	0	0	0	0	0	0	0	0	0	0	0	0	0.130598	0	0	0	0	0	0	0	0	0	0	0	0	0.0268375	0	0	0	0	0	0	0	0	0	0	0	0	0
K04703	sprouty-related, EVH1 domain containing	0	0	0	0	0	0	0	0	0	0	0	0	0	0	0	0.0440706	0	0	0	0	0	0	0	0	0	0	0	0	0	0	0	0	0	0	0	0	0	0	0	0	0	0
K04704	sprouty	0	0	0	0	0	0	0	0	0	0	0	0	0	0	0	0.0682307	0	0	0	0	0	0	0	0	0	0	0	0	0	0	0	0	0	0	0	0	0	0	0	0	0	0
K04712	sphingolipid Delta-4 desaturase [EC:1.14.-.-]	0	0	0	0	0	0	0	0	0	0	0	0.054763	0	0	0	0	0	0	0	0	0	0	0	0	0	0	0	0	0	0	0	0	0	0	0	0	0	0	0	0	0	0
K04716	sphingosine-1-phosphate phosphatase 1 [EC:3.1.3.-]	0	0	0	0	0	0	0	0	0	0	0	0	0	0	0	0.0501598	0	0	0	0	0	0	0	0	0	0	0	0	0	0	0	0	0	0	0	0	0	0	0	0	0	0
K04718	sphingosine kinase [EC:2.7.1.91]	0	0	0	0	0	0	0	0	0	0	0	0	0	0	0	0.0613945	0	0	0	0	0	0	0	0	0	0	0	0	0	0	0	0	0	0	0	0	0	0	0	0	0	0
K04719	5,6-dimethylbenzimidazole synthase [EC:1.13.11.79]	0	0	0	0	0	0	0	0	0	0	0	0	0	0	0	0	0	0	0	0.0444132	0	0	0	0	0	0.0436776	0	0	0	0	0	0	0	0	0	0	0	0	0	0	0	0
K04720	threonine-phosphate decarboxylase [EC:4.1.1.81]	3.882388	1.77185	5.371258	4.813002	1.67725	5.049847	11.9939799	14.0008325	12.8228254	5.2979677	23.7507973	4.476779	13.7347654	12.1413476	4.9403038	14.7371934	22.4942785	3.95932	3.97658	12.4137734	46.161956	4.522827	1.8363901	3.9098835	1.648646	6.787346	3.520982	22.2694109	1.612601	10.052656	13.556717	26.8493448	7.979554	28.936388	9.9476704	7.5527762	3.6261577	6.7823213	22.9260101	14.7962276	13.833349	0.693734
K04721	tumor necrosis factor ligand superfamily member 10	0	0	0	0	0	0	0	0	0	0	0	0	0	0	0	0.0946641	0	0	0	0	0	0	0	0	0	0	0	0	0	0	0	0	0	0	0	0	0	0	0	0	0	0
K04725	E3 ubiquitin-protein ligase XIAP [EC:2.3.2.27]	0	0	0	0	0	0	0	0	0	0	0	0.0473966	0	0	0	0.0814927	0	0	0	0	0	0	0	0	0	0	0	0	0	0	0	0	0	0	0	0	0	0	0	0	0	0
K04742	chondroitin 4-sulfotransferase 12 [EC:2.8.2.5]	0	0	0	0	0	0	0	0	0	0	0	0	0	0	0	0.133535	0	0	0	0	0	0	0	0	0	0	0	0	0	0	0	0	0	0	0	0	0	0	0	0	0	0
K04743	chondroitin 6-sulfotransferase 7 [EC:2.8.2.17]	0	0	0	0	0	0	0	0	0	0	0	0	0	0	0	0.056546	0	0	0	0	0	0	0	0	0	0	0	0	0	0	0	0	0	0	0	0	0	0	0	0	0	0
K04744	LPS-assembly protein	0	0	2.95718	0	0	0.0494718	0.606323	0.3543299	0	0.279004	0.139296	0.3196659	4.590508	3.24907	14.9661	0.0709682	0.839473	0	0	0	0	0.0125956	0.6425491	0	0	0.194476	0.152136	0.135237	2.7161567	0.8989115	0.4914828	0.0166089	11.626463	0.5418662	0.14445	1.809462	0	0	0	0	0	0.725449
K04745	carbohydrate 6-sulfotransferase 2 [EC:2.8.2.-]	0	0	0	0	0	0	0	0	0	0	0	0	0	0	0	0.0249068	0	0	0	0	0	0	0	0	0	0	0	0	0	0	0	0	0	0	0	0	0	0	0	0	0	0
K04746	carbohydrate 6-sulfotransferase 4 [EC:2.8.2.-]	0	0	0	0	0	0	0	0	0	0	0	0	0	0	0	0.12768	0	0	0	0	0	0	0	0	0	0	0	0	0	0	0	0	0	0	0	0	0	0	0	0	0	0
K04748	nitric-oxide reductase NorQ protein	0.235517	0.112518	0	0	0	0	0	0	0	0.0751633	0	2.31413	0.325003	0	0	0	0	0	0	0	0	0.56726	0	0	0	0	0	0	0	0.127627	0	0.811293	10.4105115	0.0701313	0	0	0	0	0	0	0	0
K04749	anti-sigma B factor antagonist	5.092089	1.2922	0.0924539	8.262556	1.09114	0.430317	0.527038	0	0	0.447882	0.48988	4.596476	0.385842	1.04884	0.0725034	0.791187	0.0706651	0	0	1.656	1.66959	1.934442	1.5071907	0.276685	3.26575	0.380869	1.04762	0.962233	0.715513	0.470386	0.8494866	1.19799	4.939653	3.14197	0.0664083	0	1.6399998	0.9939261	0.411769	0.393701	1.52812	0.0895618
K04750	PhnB protein	0	0	5.22176	0.171289	0	0.171249	6.931583	0.0299585	0	0	0.731303	0	11.024	32.07862	23.4516	0	0.547744	0	0	0	0	0	0.195392	0.0165024	0.586835	0	0.117028	0	1.68452	0.179174	0.2863547	0	7.29724	0.3556209	0.355689	2.3672219	0.17192	0.235598	0	0	0	0.56737
K04751	nitrogen regulatory protein P-II 1	56.9931177	38.789819	8.6919179	25.644245	25.652327	43.465437	37.242317	16.450529	21.9294505	14.6882352	10.751483	0.897632	7.954678	7.442184	1.664514	10.572389	9.897685	21.7572349	21.260874	58.1743133	48.878765	9.7821258	10.307227	17.434271	22.254758	29.1757005	42.987404	2.519394	0.479848	16.96094	4.2789258	13.316477	31.088853	33.710415	13.248162	0.639294	56.019463	50.444531	70.1991664	109.9477902	86.6209028	7.253843
K04752	nitrogen regulatory protein P-II 2	0	0	2.49625	0	0	0	0.261009	0	0	0	0.446908	0	0	1.79648	0	0	0.779182	0.183785	0	0	0	0	0	0	0	0.0135001	0.199491	0	3.94952	0	0.0963604	0	9.0143006	0.849554	0	0.1138712	0	0	0	0	0	0.660219
K04753	suppressor of ftsI	0	0.39362	1.5055	0	0	0.0519185	1.386092	0	0	0.553548	0.064337	0	3.39376	1.82806	9.53156	0	0.131175	0	0	0	0	0	0.1781899	0	0	0	0.0738432	0.1235276	0.21528	0	0.2481581	0	6.04205	1.415826	0	0.555053	0	0.00998143	0	0	0	1.432282
K04754	lipoprotein	0	0.253568	2.48692	0.42908	0	0	0.652647	0.072741	0	0.0100745	0.0481439	0	5.58897	1.38672	2.00548	0.607969	0.486025	0	0	0	0	0.122237	0.2835102	0	0	0	0.227103	0.137613	0.736766	0.0396027	0.358701	0.0729694	17.332291	1.42393	0.0866202	1.12927	0	0	0	0	0	1.04151
K04755	ferredoxin, 2Fe-2S	0	0.818546	11.15536	0	0	0.0902278	1.502907	0.0947979	0	0.2047773	2.47354	0	8.62543	6.61728	21.7633	0.28559	0.296906	0.587968	0.603776	0.0289737	0.0305163	0.2238644	0.705931	0	0	0	0.554937	0.781814	3.71453	0	0.489573	0	24.042479	2.54433	0.883566	1.66015	0	0.0944565	0	0	0	1.638119
K04756	alkyl hydroperoxide reductase subunit D	0	0.056572	0.0624715	0.115766	0.134029	0.070036	0	0	0	0.183385	0.0604621	0	0	0	0.0627916	0.0697109	0.120789	0	0	0.0452031	0.0911481	0	0.0683523	0.566442	0.0360161	0	0.0538343	0.0695671	0	0	0.215104	0.401619	0	0.0528544	0.0900267	0.0520881	0	0	0	0	0	0.310998
K04757	anti-sigma B factor	7.17329	7.642478	4.3271343	32.7708	16.8724	0	0	7.47639	6.09239	2.040201	3.85355	5.85655	15.74442	3.58717	0.893704	4.1213909	15.6226	1.81533	1.19209	17.37931	8.47184	15.612598	8.81943	0.1551561	0	8.91076	18.4513	8.5668072	31.35277	6.255842	49.6751445	13.8279715	7.349805	3.6979176	23.1631321	8.02013	14.1783134	8.379643	41.2691752	17.873138	0	15.1492
K04758	ferrous iron transport protein A	110.0792265	126.53422294	49.0788895	106.6128876	206.92025065	66.329005	63.8301623	61.60254495	67.5790317	44.43405278	50.8660771	7.3344359	94.38644769	35.793529	73.9461848	18.2445011	67.52214209	58.00854358	54.26423437	115.2295647	95.7111593	94.0418966	158.0599156	23.9330961	37.6323104	94.7709215	125.5329949	28.1649209	6.744903	54.6891778	116.18290645	57.8904159	110.5646598	67.0590953	68.3312295	46.93413176	115.4879883	159.5388663	223.9929503	257.93630597	198.4774902	78.63172146
K04759	ferrous iron transport protein B	55.8303169	72.5286909	25.1732504	57.8862558	109.6367601	29.63706836	40.9423446	38.8938607	34.379351	21.8508145	37.4165859	7.3318428	41.2109364	22.723618	6.1592125	13.452025	47.9296835	21.7513167	19.724126	75.9713502	78.8671818	72.1086686	126.7258545	5.6839635	8.4512422	62.147922	66.83586	11.6543091	3.1182995	34.0727495	77.3851879	53.3438812	49.5278613	44.5806036	42.8268197	17.2516413	47.0570626	52.338192	102.9988535	96.814669	94.5681231	26.7590042
K04760	transcription elongation factor GreB	0	0.474265	1.873441	0	0	0.220096	2.61349	0	0	0.6438888	1.552677	0	0.172329	3.40198	2.26798	0.0819749	0	0.4514532	0	0	0	0	0.00639887	0	0	0	0.0796437	0.306031	3.49879	0	0.431253	0	17.874138	1.19981	0.0533929	0.256163	0	0.134319	0	0	0	1.80286
K04761	LysR family transcriptional regulator, hydrogen peroxide-inducible	0.916426	1.2945777	7.440782	0.0305473	0	0.1844385	1.1494689	0.2257331	0.0576787	9.2371988	7.3176679	4.7457427	13.1822113	5.3243476	18.4753	9.200904	0.711812	1.0550873	1.0349589	0.9534005	0.0893885	1.2510695	0.9034067	0.2892779	0.744575	0.66064	0.199738	3.9443567	5.5956204	1.6840564	0.2501417	2.1082004	4.709142	0.7133514	0.217385	2.2375896	0.852777	0.5441599	0.0757372	0.0451681	0	2.135135
K04762	ribosome-associated heat shock protein Hsp15	1.526027	1.300317	4.84404	0	0	0.617631	3.600478	0.7878305	0.3335724	8.055158	4.143928	12.7410632	21.3798398	8.259105	29.0220476	12.15881	1.995665	0.448385	0.148394	1.799859	1.680846	2.895913	2.237851	0.55694	1.26892	4.8571885	1.940526	22.884366	3.942677	4.685029	1.7301391	2.3262478	16.53287	6.509361	0	2.7481187	3.0837694	1.661288	0.2177298	0.0943431	0.0676893	2.351
K04763	integrase/recombinase XerD	14.9802757	9.3431609	18.9667017	26.7754028	18.5407965	20.979587	13.2368864	14.0227139	6.7642011	2.8504676	5.4039655	20.3973955	32.2667214	5.4937683	4.3551402	11.4095361	15.8146853	17.3711811	22.8735237	18.8158882	10.2338063	48.9969041	71.6484398	4.5413718	1.3090213	20.4976371	16.7754073	11.403	21.6240953	13.6712877	56.5705063	32.8286812	19.3128984	3.516743	26.9428752	11.9656553	15.7878317	11.4005887	31.6824544	18.1621987	9.0937313	36.3668313
K04764	integration host factor subunit alpha	0	0.361962	8.7065014	0	0	0.111882	3.28872	0.0587747	0	1.08686	1.855288	0.1757962	7.4719142	8.71473	31.899	1.18044	0.490885	0.115784	0	0	0	0.113925	0.3293742	0	0	0	0.229374	0.277978	5.438	0.184549	1.03243	0	33.147371	2.313346	0.345986	2.89315	0	0	0.0194419	0	0	2.7449889
K04765	nucleoside triphosphate diphosphatase [EC:3.6.1.9]	0	0.334439	2.28629	0.313105	0	0.12995	0.960923	0.0961269	0	0.0174766	1.65775	0.0130659	0.53929	0	2.18744	0.710449	0.286732	0.10821	0	0	0	0.2591542	0.3034134	0	0	0	0.160776	0.36371	3.67286	0.1571709	0.381127	0	20.5869	1.71378	0	1.400265	0	0.0820977	0.0636258	0.242833	0	1.64798
K04766	acetoin utilization protein AcuA	0	0	0	0	0	0	0	0	0	0	0	0	0	0	0	0	0	0	0	0	0	0	0	0	0	0	0	0	0	0	0	0	0	0	0	0	0	0	0	0.145324	0	0
K04767	acetoin utilization protein AcuB	0	0	0.2254999	0.58891	0	0	0	0	0	0.566552	0.136308	0	2.147477	0	0.0660612	0.7121454	0	0	0	0.101908	0	0.3355689	0.0647452	17.433414	0	0	0.541577	0	0	0	0.2862084	0.1813374	0	0.150015	3.0101171	2.1773831	0	0	0.331683	0	0.1680928	0.1506388
K04768	acetoin utilization protein AcuC	0	0	0	0	0	0	0	0	0	0	0	0	0	0	0	0	0	0	0	0	0	0	0	0	0	0	0	0	0	0	0	0	0	0	0	0	0.0842744	0	0.08032	0.0431362	0	0
K04769	AbrB family transcriptional regulator, stage V sporulation protein T	50.9665073	35.4998618	12.8993264	26.0284498	27.3409688	47.742854	48.22203	20.576123	25.6637774	14.9527564	31.501223	1.1495332	12.977997	16.8689659	4.7624654	3.7186734	27.5446806	16.9256	19.850041	55.0916565	75.0372404	9.775981	9.2540228	15.6715556	4.970436	12.1681228	8.3227821	6.1005049	0	14.8218174	19.480261	39.6015466	26.642988	42.2166326	15.0142649	8.2206778	41.3914255	46.0294235	64.3614099	94.7876057	80.8839834	14.7151397
K04770	Lon-like ATP-dependent protease	0.048604	0.114832	2.94529	0	0	0.114828	0.1582095	0	0	0.6879082	2.78769	0.0438816	2.5431914	2.18943	10.0447	0	0.299468	0.136588	0.195371	0.169632	0	0	0.0539261	0	0	0	0.1255936	0.6138393	0.3540634	0.0275338	0.0265521	0	3.967123	0.426836	0	0.963553	0	0	0	0	0	0.510255
K04771	serine protease Do [EC:3.4.21.107]	11.0568311	6.2589287	11.9325509	9.3848271	5.1625582	11.0160888	29.562964	22.9737519	21.9012414	9.4898266	40.3946029	1.4545955	7.6584209	23.4199922	8.7022402	7.2720713	36.8536515	12.4577829	12.585017	22.171812	70.5370877	4.052056	2.9929669	21.751608	1.6339777	6.7320215	6.2449911	4.1825228	3.89577	9.4250249	24.513817	49.1994682	27.515762	51.063691	11.1733356	12.7367705	4.2074903	7.6528307	14.2770207	19.3706979	16.8951294	15.116816
K04772	serine protease DegQ	0.0400814	0.0887134	1.989793	0	0	0.0162986	0.813785	0.117587	0	0.0670109	0.51819	0.0172269	1.96912	2.43919	9.72264	0	0.287156	0.238497	0.980157	0.0675494	0.156689	0.2119471	0.0168346	0	0	0.119877	0.162395	0.4623986	0.108445	0	0.166745	0.0135225	6.902306	1.6106	0.291841	0.82908	0.0607146	0.151667	0	0	0	1.52873
K04773	protease IV	1.3756314	1.0726061	1.980449	1.181724	0.083168	0.0626117	0.2302121	0.874405	0.1769333	1.2801352	0.4688769	3.57550548	4.8121431	1.8030807	13.4229605	5.3208046	0.1418823	0.24505661	0.0675863	0.523591	0.0893885	2.7592727	1.0626664	0.0555507	0.0394736	1.8374648	0.517036	0.2456812	2.135165	3.0037217	0.6066043	1.4671076	1.996958	1.037728	2.5740635	0.867718	0.448824	2.3491955	3.334931	0.472652	0.540229	0.8152603
K04774	serine protease SohB	0	0.107937	2.765346	0	0	0.12173	0.153338	0	0	0.376314	2.368537	0.0188862	4.8436	2.28243	14.5721	0	0.382024	0	0	0.138572	0	0.0155445	0.016843	0	0	0	0.248585	0.6446453	0.80507	0	0.0815112	0	5.9016859	0.567081	0	0.899472	0	0	0	0	0	0.216292
K04775	protease YdgD	0	0.310756	2.32909	0.0305379	0	0.0749213	0.865903	0	0	0	0	0	1.55542	2.02104	11.556	0	0.273931	0	0	0	0	0	0	0.0504356	0	0	0.127999	0.0620487	0.570973	0	0	0	3.05186	0.493181	0	0.993526	0	0	0	0	0	0.201514
K04781	salicylate synthetase [EC:5.4.4.2 4.2.99.21]	0	0	0	0	0	0	0.609021	0	0	0	0	0	0	0	0	0	0	0	0	0	0	0	0	0	0	0	0	0	0	0	0	0	0	0	0	0	0	0	0	0	0	0
K04782	isochorismate pyruvate lyase [EC:4.2.99.21]	0	0	0	0	0	0	0.697606	0	0	0	0	0	0	0	0	0.763214	0	0	0	0	0	0.147317	0.141491	0	0	0	0	0	0	0.159094	0	0	14.1721	0.344932	0	0	0	0	0	0	0	0
K04783	yersiniabactin salicyl-AMP ligase [EC:6.3.2.-]	0	0	0	0	0	0	0	0	0	0	0	0	0	0	0	0	0	0	0	0	0	0.115482	0.0475481	0	0	0	0	0	0	0	0	0	0.0748989	0	0	0	0	0	0	0	0	0
K04784	yersiniabactin nonribosomal peptide synthetase	0	0.14716	1.50831	0	0	0	0.128116	0.00452933	0	0.0547263	0.262916	0	0	2.3878	0	0	0.0680717	0	0	0	0	0.216591	0.1865067	0	0	0	0.0505293	0.0979783	1.22594	0	0	0	4.49924	0.0541375	0.174745	0	0	0	0	0	0	0.431845
K04785	yersiniabactin synthetase, thiazolinyl reductase component	0	0	0	0	0	0	0.542028	0	0	0	0	0	0	0	0	0	0	0	0	0	0	0	0	0	0	0	0	0	0	0	0	0	0	0	0	0	0	0	0	0	0	0
K04786	yersiniabactin nonribosomal peptide/polyketide synthase	0	0	0	0	0	0	0	0	0	0	0	0	0	0	0	0.521391	0	0	0	0	0	0.149059	0.045159	0	0	0	0	0	0	0.0680633	0.187644	0	0	0	0.054687	0	0	0	0	0	0	0
K04794	peptidyl-tRNA hydrolase, PTH2 family	19.5006	13.223	18.6163053	0.553156	1.34826	5.87106	11.4779	25.3431	32.9013	33.5897	25.2663	0.554959	1.7382	4.17415	0.0356773	7.076753	18.1348	17.4537	38.9992	6.13867	2.32089	5.69624	0.595848	58.1491	42.0914	23.2101	6.9707504	13.5963	0	5.17711	2.52445	5.6144233	21.5782	28.4836	18.3271	9.4198	28.739	31.0946	2.51371	5.41492	33.9429	35.2511
K04795	fibrillarin-like pre-rRNA processing protein	0	0	0.290262	0	0	0	0	1.81108	0.150903	0	0	0	0	0	0	0	0.41026	0	0	0	0	0	0	0	0	0	0	0	0	2.62875	0	0	0	0	0	0	0	0	1.90289	0	0	0
K04796	small nuclear ribonucleoprotein	0	0	0.468048	0	0	0	0	1.74487	0	0	0	0	0	0	0	0	0.287628	0	0	0	0	0	0	0	0	0	0	0	0	4.13312	0	0	0	0	0	0	0	0	2.86768	0	0	0
K04797	prefoldin alpha subunit	0	0	0.224382	0	0	0	0	8.21437	0.4215825	0	0	0	0	0	0	0	6.466326	0	0	0	0	0	0	0	0	0	0	0	0	8.80453	0	0	0	0	0	0	0	0	9.28959	4.13067	0	0
K04798	prefoldin beta subunit	0	0	0	0	0	0	0	4.25459	0.34435	0	0	0	0	0	0	0	5.22023	0	0	0	0	0	0	0	0	0	0	0	0	5.37119	0	0	0	0	0	0	0	0	4.97634	2.09526	0	0
K04799	flap endonuclease-1 [EC:3.-.-.-]	0	0	0.152102	0	0	0	0	6.11369	0.3005444	0	0	0	0	0	0	0.0424298	5.262665	0	0	0	0	0	0	0	0	0	0	0	0	6.79592	0	0	0	0	0	0	0	0	6.9032	2.39862	0	0
K04800	replication factor C large subunit	0	0	0.236758	0	0	0	0	7.79997	0.3778888	0	0	0	0	0	0	0	5.369954	0	0	0	0	0	0	0	0	0	0	0	0	8.62644	0	0	0	0	0	0	0	0	8.65347	3.31416	0	0
K04801	replication factor C small subunit	0	0	0.275322	0	0	0	0	7.95626	0.29273	0	0	0	0	0	0	0	5.847799	0	0	0	0	0	0	0	0	0	0	0	0	9.06802	0	0	0	0	0	0	0	0	9.22434	3.83723	0	0
K04802	proliferating cell nuclear antigen	0	0	0.256026	0	0	0	0	7.49001	0.266209	0	0	0	0	0	0	0	5.553927	0	0	0	0	0	0	0	0	0	0	0	0	8.8962	0	0	0	0	0	0	0	0	9.49031	4.54444	0	0
K04804	nicotinic acetylcholine receptor alpha-2	0	0	0	0	0	0	0	0	0	0	0	0	0	0	0	0.0402871	0	0	0	0	0	0	0	0	0	0	0	0	0	0	0	0	0	0	0	0	0	0	0	0	0	0
K04806	nicotinic acetylcholine receptor alpha-4	0	0	0	0	0	0	0	0	0	0	0	0	0	0	0	0.103387	0	0	0	0	0	0	0	0	0	0	0	0	0	0	0	0	0	0	0	0	0	0	0	0	0	0
K04807	nicotinic acetylcholine receptor alpha-5	0	0	0	0	0	0	0	0	0	0	0	0	0	0	0	0.029456	0	0	0	0	0	0	0	0	0	0	0	0	0	0	0	0	0	0	0	0	0	0	0	0	0	0
K04808	nicotinic acetylcholine receptor alpha-6	0	0	0	0	0	0	0	0	0	0	0	0	0	0	0	0.0617621	0	0	0	0	0	0	0	0	0	0	0	0	0	0	0	0	0	0	0	0	0	0	0	0	0	0
K04835	methylaspartate ammonia-lyase [EC:4.3.1.2]	0.124405	0.245677	0	0.4484266	0	0	0	2.1335475	2.37826	0.567181	0.944654	0.038391	0.0370723	13.8350178	3.6698768	3.4507813	1.521339	0	0	0.0572767	0	1.2289984	0.127406	0.2446193	0.164697	2.37113	0.871935	0.7694908	0	0.6916896	0.487939	0.373949	0.265083	0	3.2676565	0	1.548846	4.046443	5.8325302	0.935548	0.413529	0.0999334
K04844	hypothetical glycosyl hydrolase	0	0	1.1720221	0	0	0	0.1391512	0	0.105367	0.707079	0.257006	0	1.3734	0.9417204	6.44609	0	0.0353667	0.111231	1.159244	0	0	0.0088135	0.012178	0.116814	0	0.248857	0.0190192	0.105323	0.0873935	0.067754	0	0	2.92466	0.119488	0.12875	0.419925	0	0	0	0.17809	0.403224	0.2129353
K04875	potassium voltage-gated channel, Shaker-related subfamily A, member	0	0	0	0	0	0	0	0	0	0	0	0	0	0	0	0.0672345	0	0	0	0	0	0	0	0	0	0	0	0	0	0	0	0	0	0	0	0	0	0	0	0	0	0
K04876	potassium voltage-gated channel, Shaker-related subfamily A, member	0	0	0	0	0	0	0	0	0	0	0	0	0	0	0	0.0712902	0	0	0	0	0	0	0	0	0	0	0	0	0	0	0	0	0	0	0	0	0	0	0	0	0	0
K04879	potassium voltage-gated channel, Shaker-related subfamily A, member	0	0	0	0	0	0	0	0	0	0	0	0	0	0	0	0.0393202	0	0	0	0	0	0	0	0	0	0	0	0	0	0	0	0	0	0	0	0	0	0	0	0	0	0
K04880	potassium voltage-gated channel, Shaker-related subfamily A, member	0	0	0	0	0	0	0	0	0	0	0	0	0	0	0	0.0469747	0	0	0	0	0	0	0	0	0	0	0	0	0	0	0	0	0	0	0	0	0	0	0	0	0	0
K04881	potassium voltage-gated channel, Shaker-related subfamily A, member	0	0	0	0	0	0	0	0	0	0	0	0	0	0	0	0.0775236	0	0	0	0	0	0	0	0	0	0	0	0	0	0	0	0	0	0	0	0	0	0	0	0	0	0
K04885	potassium voltage-gated channel, Shab-related subfamily B, member 1	0	0	0	0	0	0	0	0	0	0	0	0	0	0	0	0.031427	0	0	0	0	0	0	0	0	0	0	0	0	0	0	0	0	0	0	0	0	0	0	0	0	0	0
K04888	potassium voltage-gated channel, Shaw-related subfamily C, member 2	0	0	0	0	0	0	0	0	0	0	0	0	0	0	0	0.0145262	0	0	0	0	0	0	0	0	0	0	0	0	0	0	0	0	0	0	0	0	0	0	0	0	0	0
K04890	potassium voltage-gated channel, Shaw-related subfamily C, member 4	0	0	0	0	0	0	0	0	0	0	0	0	0	0	0	0.023075	0	0	0	0	0	0	0	0	0	0	0	0	0	0	0	0	0	0	0	0	0	0	0	0	0	0
K04895	potassium voltage-gated channel, Isk-related subfamily E, member	0	0	0	0	0	0	0	0	0	0	0	0	0	0	0	0.0821302	0	0	0	0	0	0	0	0	0	0	0	0	0	0	0	0	0	0	0	0	0	0	0	0	0	0
K04896	potassium voltage-gated channel Isk-related subfamily E member 2	0	0	0	0	0	0	0	0	0	0	0	0	0	0	0	0.110407	0	0	0	0	0	0	0	0	0	0	0	0	0	0	0	0	0	0	0	0	0	0	0	0	0	0
K04902	potassium voltage-gated channel, subfamily G, member 3	0	0	0	0	0	0	0	0	0	0	0	0	0	0	0	0.022407	0	0	0	0	0	0	0	0	0	0	0	0	0	0	0	0	0	0	0	0	0	0	0	0	0	0
K04903	potassium voltage-gated channel, subfamily G, member 4	0	0	0	0	0	0	0	0	0	0	0	0	0	0	0	0.0472059	0	0	0	0	0	0	0	0	0	0	0	0	0	0	0	0	0	0	0	0	0	0	0	0	0	0
K04909	potassium voltage-gated channel, Eag-related subfamily H, member 6	0	0	0	0	0	0	0	0	0	0	0	0	0	0	0	0.0162949	0	0	0	0	0	0	0	0	0	0	0	0	0	0	0	0	0	0	0	0	0	0	0	0	0	0
K04913	potassium channel subfamily K member 2	0	0	0	0	0	0	0	0	0	0	0	0	0	0	0	0.0435051	0	0	0	0	0	0	0	0	0	0	0	0	0	0	0	0	0	0	0	0	0	0	0	0	0	0
K04914	potassium channel subfamily K member 3	0	0	0	0	0	0	0	0	0	0	0	0	0	0	0	0.0273422	0	0	0	0	0	0	0	0	0	0	0	0	0	0	0	0	0	0	0	0	0	0	0	0	0	0
K04921	potassium channel, subfamily K, member 12	0	0	0	0	0	0	0	0	0	0	0	0	0	0	0	0.019132	0	0	0	0	0	0	0	0	0	0	0	0	0	0	0	0	0	0	0	0	0	0	0	0	0	0
K04922	potassium channel, subfamily K, member 13	0	0	0	0	0	0	0	0	0	0	0	0.0500758	0	0	0	0.0602266	0	0	0	0	0	0	0	0	0	0	0	0	0	0	0	0	0	0	0	0	0	0	0	0	0	0
K04932	potassium voltage-gated channel, delayed-rectifier, subfamily S,	0	0	0	0	0	0	0	0	0	0	0	0	0	0	0	0.0448291	0	0	0	0	0	0	0	0	0	0	0	0	0	0	0	0	0	0	0	0	0	0	0	0	0	0
K04933	potassium voltage-gated channel, delayed-rectifier, subfamily S,	0	0	0	0	0	0	0	0	0	0	0	0.0531257	0	0	0	0	0	0	0	0	0	0	0	0	0	0	0	0	0	0	0	0	0	0	0	0	0	0	0	0	0	0
K04939	potassium large conductance calcium-activated channel subfamily M beta member 3	0	0	0	0	0	0	0	0	0	0	0	0	0	0	0	0.0178123	0	0	0	0	0	0	0	0	0	0	0	0	0	0	0	0	0	0	0	0	0	0	0	0	0	0
K04940	opine dehydrogenase	0.159886	0.0594108	0	0.119711	0	0	0	0	0	0	0	0.292096	0.349975	9.66134	1.33123	0	0	0	0	0	0	0.722058	0.863026	0	0	0	0.153454	0	0	0.0779783	0	0	0.122916	0	0	0	0	0	0.473907	0.782649	0	0.421193
K04956	hyperpolarization activated cyclic nucleotide-gated potassium	0	0	0	0	0	0	0	0	0	0	0	0	0	0	0	0.0246652	0	0	0	0	0	0	0	0	0	0	0	0	0	0	0	0	0	0	0	0	0	0	0	0	0	0
K04968	transient receptor potential cation channel subfamily C member 5	0	0	0	0	0	0	0	0	0	0	0	0	0	0	0	0.03675	0	0	0	0	0	0	0	0	0	0	0	0	0	0	0	0	0	0	0	0	0	0	0	0	0	0
K04985	polycystin 1	0	0	0	0	0	0	0	0	0	0	0	0	0	0	0	0.0542996	0	0	0	0	0	0	0	0	0	0	0	0	0	0	0	0	0	0	0	0	0	0	0	0	0	0
K04995	potassium inwardly-rectifying channel subfamily J member 1	0	0	0	0	0	0	0	0	0	0	0	0	0	0	0	0.0199317	0	0	0	0	0	0	0	0	0	0	0	0	0	0	0	0	0	0	0	0	0	0	0	0	0	0
K04996	potassium inwardly-rectifying channel subfamily J member 2	0	0	0	0	0	0	0	0	0	0	0	0	0	0	0	0.0119909	0	0	0	0	0	0	0	0	0	0	0	0	0	0	0	0	0	0	0	0	0	0	0	0	0	0
K04997	potassium inwardly-rectifying channel subfamily J member 3	0	0	0	0	0	0	0	0	0	0	0	0	0	0	0	0.0303237	0	0	0	0	0	0	0	0	0	0	0	0	0	0	0	0	0	0	0	0	0	0	0	0	0	0
K04998	potassium inwardly-rectifying channel subfamily J member 4	0	0	0	0	0	0	0	0	0	0	0	0	0	0	0	0.0263847	0	0	0	0	0	0	0	0	0	0	0	0	0	0	0	0	0	0	0	0	0	0	0	0	0	0
K05000	potassium inwardly-rectifying channel subfamily J member 6	0	0	0	0	0	0	0	0	0	0	0	0	0	0	0	0.0319333	0	0	0	0	0	0	0	0	0	0	0	0	0	0	0	0	0	0	0	0	0	0	0	0	0	0
K05001	potassium inwardly-rectifying channel subfamily J member 8	0	0	0	0	0	0	0	0	0	0	0	0	0	0	0	0.0266694	0	0	0	0	0	0	0	0	0	0	0	0	0	0	0	0	0	0	0	0	0	0	0	0	0	0
K05002	potassium inwardly-rectifying channel subfamily J member 9	0	0	0	0	0	0	0	0	0	0	0	0	0	0	0	0.0167079	0	0	0	0	0	0	0	0	0	0	0	0	0	0	0	0	0	0	0	0	0	0	0	0	0	0
K05004	potassium inwardly-rectifying channel subfamily J member 11	0	0	0	0	0	0	0	0	0	0	0	0	0	0	0	0.0986857	0	0	0	0	0	0	0	0	0	0	0	0	0	0	0	0	0	0	0	0	0	0	0	0	0	0
K05005	potassium inwardly-rectifying channel subfamily J member 12	0	0	0	0	0	0	0	0	0	0	0	0	0	0	0	0.032142	0	0	0	0	0	0	0	0	0	0	0	0	0	0	0	0	0	0	0	0	0	0	0	0	0	0
K05007	potassium inwardly-rectifying channel subfamily J member 14	0	0	0	0	0	0	0	0	0	0	0	0	0	0	0	0.112451	0	0	0	0	0	0	0	0	0	0	0	0	0	0	0	0	0	0	0	0	0	0	0	0	0	0
K05008	potassium inwardly-rectifying channel subfamily J member 15	0	0	0	0	0	0	0	0	0	0	0	0	0	0	0	0.0566872	0	0	0	0	0	0	0	0	0	0	0	0	0	0	0	0	0	0	0	0	0	0	0	0	0	0
K05020	glycine betaine transporter	0	0	0.5926833	0	0	0.119533	0.251807	0	0.13557	22.5434	17.813	0	0	0.785961	0.112461	0.245925	0	1.00817	1.33288	8.64186	0.123673	0.0426001	0	0.2417955	0	0	0	0.160376	0.114707	0	0.726414	0.115041	0	0.13242	2.36572	0.695468	0.1360562	0.0180886	0	0.0633038	0.3401329	3.27935
K05050	C-X-C chemokine receptor type 2	0	0	0	0	0	0	0	0	0	0	0	0	0	0	0	0.0429105	0	0	0	0	0	0	0	0	0	0	0	0	0	0	0	0	0	0	0	0	0	0	0	0	0	0
K05051	trace amine associated receptor	0	0	0	0	0	0	0	0	0	0	0	0	0	0	0	0.5137492	0	0	0	0	0	0	0	0	0	0	0	0	0	0	0	0	0	0	0	0	0	0	0	0	0	0
K05052	neuromedin U receptor 1	0	0	0	0	0	0	0	0	0	0	0	0	0	0	0	0.050407	0	0	0	0	0	0	0	0	0	0	0	0	0	0	0	0	0	0	0	0	0	0	0	0	0	0
K05060	interleukin 6 signal transducer	0	0	0	0	0	0	0	0	0	0	0	0	0	0	0	0.0188133	0	0	0	0	0	0	0	0	0	0	0	0	0	0	0	0	0	0	0	0	0	0	0	0	0	0
K05105	Eph receptor A4 [EC:2.7.10.1]	0	0	0	0	0	0	0	0	0	0	0	0	0	0	0	0.0375919	0	0	0	0	0	0	0	0	0	0	0	0	0	0	0	0	0	0	0	0	0	0	0	0	0	0
K05132	interferon gamma receptor 1	0	0	0	0	0	0	0	0	0	0	0	0	0	0	0	0.049926	0	0	0	0	0	0	0	0	0	0	0	0	0	0	0	0	0	0	0	0	0	0	0	0	0	0
K05143	tumor necrosis factor receptor superfamily member 6B	0	0	0	0	0	0	0	0	0	0	0	0	0	0	0	0.0726776	0	0	0	0	0	0	0	0	0	0	0	0	0	0	0	0	0	0	0	0	0	0	0	0	0	0
K05148	tumor necrosis factor receptor superfamily member 11B	0	0	0	0	0	0	0	0	0	0	0	0	0	0	0	0.0843469	0	0	0	0	0	0	0	0	0	0	0	0	0	0	0	0	0	0	0	0	0	0	0	0	0	0
K05157	tumor necrosis factor receptor superfamily member 21	0	0	0	0	0	0	0	0	0	0	0	0	0	0	0	0.0216346	0	0	0	0	0	0	0	0	0	0	0	0	0	0	0	0	0	0	0	0	0	0	0	0	0	0
K05210	glutamate receptor ionotropic, NMDA 2B	0	0	0	0	0	0	0	0	0	0	0	0	0	0	0	0.0367137	0	0	0	0	0	0	0	0	0	0	0	0	0	0	0	0	0	0	0	0	0	0	0	0	0	0
K05234	pancreatic polypeptide	0.0119746	0	0	0	0	0	0	0	0	0	0	0	0	0	0	0.00750278	0	0	0	0	0	0	0	0	0	0	0	0	0	0	0	0	0	0	0	0	0	0	0	0	0	0
K05238	cortistatin	0	0	0	0	0	0	0	0	0	0	0	0	0	0	0	0.0664414	0	0	0	0	0	0	0	0	0	0	0	0	0	0	0	0	0	0	0	0	0	0	0	0	0	0
K05245	L-carnitine/gamma-butyrobetaine antiporter	0.121628	0.38323	2.96807	0.0142654	0	0.0921227	0.769237	0.0177902	0	0	0.550299	0.200182	5.6629683	5.12412	22.2796	0	0.418061	0.0677977	0	0	0.0143338	0.0149794	0.204278	0	0	0	0.207949	0	1.27259	0.0178618	0.119904	0	6.08946	1.56374	0	0.782592	0	0.019548	0	0	0	1.21371
K05252	gonadotropin-releasing hormone	0	0	0	0	0	0	0	0	0	0	0	0.0538951	0	0	0	0.0566623	0	0	0	0	0	0	0	0	0	0	0	0	0	0	0	0	0	0	0	0	0	0	0	0	0	0
K05256	corticotropin-releasing hormone	0	0	0	0	0	0	0	0	0	0	0	0	0	0	0	0.0656106	0	0	0	0	0	0	0	0	0	0	0	0	0.0258859	0	0	0	0	0	0	0	0	0	0	0	0	0
K05257	urocortin 2/3	0	0	0	0	0	0	0	0	0	0	0	0	0	0	0	0.0615883	0	0	0	0	0	0	0	0	0	0	0	0	0	0	0	0	0	0	0	0	0	0	0	0	0	0
K05268	neuropeptides B/W receptor 1	0	0	0	0	0	0	0	0	0	0	0	0	0	0	0	0.0616223	0	0	0	0	0	0	0	0	0	0	0	0	0	0	0	0	0	0	0	0	0	0	0	0	0	0
K05269	Prolactin-releasing peptide	0	0	0	0	0	0	0	0	0	0	0	0	0	0	0	0.0827428	0	0	0	0	0	0	0	0	0	0	0	0	0	0	0	0	0	0	0	0	0	0	0	0	0	0
K05275	pyridoxine 4-dehydrogenase [EC:1.1.1.65]	0	0.200865	6.80925	0	0	0.289502	0.8788249	0.016568	0	0	0.578311	0	0	0.332983	0	0.680088	0.2219003	0.038436	0	0	0	0.0586033	0.0716964	0	0	0	0.108205	0.0334446	3.60003	0	0.287297	0	3.85846	0.127516	0.3858	0	0	0	0	0	0	0.1281085
K05284	phosphatidylinositol glycan, class M [EC:2.4.1.-]	0	0	0	0	0	0	0	0	0	0	0	0	0	0	0	0.0580543	0	0	0	0	0	0	0	0	0	0	0	0	0	0	0	0	0	0	0	0	0	0	0	0	0	0
K05297	rubredoxin-NAD+ reductase [EC:1.18.1.1]	0	0	0	0	0	0	0	0	0	0	0	0	0	0	0	0	0	0	0	0	0	0	0	0	0	0	0	0	0	0	0	0	11.4985	0	0	0	0	0	0	0	0	0
K05303	macrocin O-methyltransferase	0	0	4.538699	0.0758633	0	24.5154	21.2915	0.518601	4.43496	0.967693	2.55956	0	3.05269	11.8647	2.659493	0.247991	9.11388	3.35678	5.7769229	7.76696	8.5713905	4.12858	2.42516	1.866603	0.0846554	6.94255	32.5991	0	0	0.0646179	5.3455416	9.54871	0.387052	1.07707	6.9459375	2.9471025	13.1227	5.47504	0.3459016	1.8024924	0	0
K05305	fucokinase [EC:2.7.1.52]	1.16526	0.389092	0.907024	3.94699	1.58185	2.298093	6.511804	3.907553	4.111007	1.95288	12.473562	0	0	7.3433502	3.03461	2.03766	12.122981	0	0.149487	5.992751	22.537601	0.0797106	0.126615	0	0	0.688294	1.29007	0	0	2.322308	8.0473486	16.831966	3.18204	17.9427	0.814039	1.247586	0.0801922	0	3.623917	3.2742194	0	0
K05306	phosphonoacetaldehyde hydrolase [EC:3.11.1.1]	0.573806	0.241607	3.28114	0.259924	0.1650874	0.384269	2.28666	0.42622	0	0.7709334	0.687237	24.498478	1.4108137	3.407704	0.0846917	7.125041	0.8534054	0.0414079	0	0	0.0815198	2.355155	3.3555043	0.074026	0.121618	0	0	7.7386875	53.2458873	3.537848	0.429753	1.2991315	12.3400346	0.349984	0.5657428	2.9197096	0.2177901	0.60117	0	0	0.3361792	3.972736
K05311	central glycolytic genes regulator	0	0.064933	10.7154246	0.498555	0.0781256	0.135498	0	0.549106	0	6.731882	2.960074	10.7253	0.112148	0.107696	0	2.232754	0	2.820706	1.074623	1.620084	0	34.52977	61.884292	4.2990878	0	0	0.0678048	0	24.4773	1.1388	2.5063359	0.0652484	0	0	1.752175	0.0681014	1.429983	0.7588552	0.14818	0.0809588	0	1.889043
K05337	ferredoxin	0	0	0.5295081	0.697416	0.0621231	0.215159	0.112627	0.1894049	0.0631518	1.227529	0.590668	2.363299	3.76047	10.6649	1.114389	0.681022	0.9117978	0	2.76012	0.4416	0	0.835265	2.41985	0.239794	0.2844341	0.0474187	0.345212	1.455231	0	2.512445	1.17179	1.9619328	0.559424	0.746541	0.360402	0.6805969	0.66123	1.80194	0.235296	0.0886254	0.5226029	5.3339051
K05338	holin-like protein	0	0	0.0520053	0	0.126087	0.495313	0	0	0	0.188691	0	0	0	0	0	0	0	0	0	0	0	0	2.572112	0	0.149911	0	0	0	0	0	0	0	0.056376	0	0.836229	0.6967931	0.14619	0	0	0.211999	0.0880758	0.5184705
K05339	holin-like protein LrgB	0	0	0.2641	0	0	0.576279	0	0	0	0.143042	0	0	0	0	0	0	0	0.0436374	0	0	0	0.920162	1.387303	0	0	0	0	0	0	0	0.0670796	0.0711971	0	0	0	0.517405	0.0380728	0.151718	0.0427259	0.096297	0	0.3419897
K05340	glucose uptake protein	0.3954221	0.993157	6.5276185	1.5996752	0.495221	0.7392066	10.5004874	0.7610692	0.149685	2.606859	1.85989	1.6332863	5.1939954	0.930099	0.193155	13.4317898	0.845581	2.040394	0.4475137	1.4267897	0.500684	18.685053	35.180805	17.70005	2.371163	2.50624	3.9680833	21.1619952	0.0724179	9.6050025	3.179173	1.029603	3.244929	5.1284728	2.473019	2.3382789	2.6830964	1.428532	0.137596	0.1467378	0.2768711	6.583187
K05341	amylosucrase [EC:2.4.1.4]	1.40914	0.337963	1.06177	0.4903211	0	2.42254	7.6474078	4.737344	4.450452	2.3037507	13.5087437	0.0543703	1.15752	7.7813	3.19535	2.15697	12.652	0	0	6.017909	23.5033	0	0	0.3318693	0.0521428	0.281334	0.241533	0.1502971	0	2.399849	9.345707	18.1088	3.906821	20.0841763	2.8732	1.1453979	0.134756	0.0450542	3.744499	0.326528	0.3843018	0.4231284
K05342	alpha,alpha-trehalose phosphorylase [EC:2.4.1.64]	0	0	0	0.227142	0	0	0.101504	0	0	0	0	0	0	0	0	0	0	0	0	0	0.126446	0	0	0.074064	0	0	0	0	0	0	0	0	0	0	0	0	0	0.2723867	0	0	0.0637737	0.0911342
K05343	maltose alpha-D-glucosyltransferase/ alpha-amylase [EC:5.4.99.16 3.2.1.1]	0	3.302941	0.1521166	0	0.115919	0	0	2.6263149	1.013983	1.074571	0.165619	0.4143429	3.3838892	0	0	1.1949167	0.5852534	0	0	0.8336354	0	1.930196	2.4677651	0.2086133	0.0804682	8.17766	0.983966	0.1371562	0	2.658555	7.933198	0.834	0	0	0.254219	0	0.1297554	0	1.1006332	0.2526202	0	1.2858686
K05346	deoxyribonucleoside regulator	7.913214	3.279737	8.49223	0	5.60967	10.1328	6.47406	6.457827	15.52957	1.869935	4.920652	0.288497	16.175986	4.017932	0.882563	0.5326847	8.928	4.502281	1.9265611	12.99395	34.84875	3.311067	0.958146	2.69293	16.0749	5.743714	15.250639	6.63177	0	5.2881821	5.962034	7.881044	6.7521887	10.276201	6.439013	13.59291	4.7570817	6.456516	10.290523	19.4073374	36.3698489	10.699703
K05349	beta-glucosidase [EC:3.2.1.21]	33.2352068	56.6591933	20.9579123	25.7062701	105.0217667	63.6623035	100.8061081	52.0776272	46.0400708	28.1519331	44.7506881	20.8212552	26.9209741	46.822865	11.0241167	48.5303937	73.3631539	60.1043258	75.4749416	42.4364873	38.4853852	36.600854	52.2917875	70.9753746	19.8543942	59.2745969	26.8418663	85.9729034	24.6387126	36.5389443	43.2498986	45.2576926	38.1562277	47.1582768	36.7814519	14.2751218	53.8373714	36.6777099	17.5772458	13.7383864	36.9587148	25.8889776
K05350	beta-glucosidase [EC:3.2.1.21]	1.028695	3.5618751	2.726056	15.8203156	112.178636	27.0248062	10.190756	17.54111	15.96218	0.2341407	0.661119	2.674363	15.2585889	0.4650532	0.134513	0.9293362	1.422776	4.914424	4.038003	32.06094	2.934361	5.877164	11.495264	4.076099	0.839687	23.339921	31.2790119	0.4219769	0	2.8027998	26.769568	9.527736	20.8748907	1.3755285	15.1777503	3.348877	33.6432852	15.537952	16.74503	7.213063	2.1623104	0.6544027
K05351	D-xylulose reductase [EC:1.1.1.9]	0	0	1.5381	3.52459	12.7902	30.0896	12.9925	0	0	0	0	1.17009	4.88343	0.0666876	0.0429604	0.149045	0.247922	1.27675	0.241627	22.2673	0.282574	2.66593	10.5367	0.0702282	0	2.84846	3.72636	0	0	0	21.7278	6.7168	16.9774	0.616502	1.55325	0.121765	30.8626	12.0872	13.6155	0.787781	23.831	2.50773
K05352	ribitol-5-phosphate 2-dehydrogenase [EC:1.1.1.137]	0	0	0.479204	0.443083	0.4402224	0	0	0.1613033	0.1436331	0.9621628	1.160466	0	0	0.1851851	0.1586609	0	0.189775	0.228	1.5125085	1.48435	0	0.0391494	0	1.035472	0.3157331	0	0.697155	0.1048488	0.21576	0.105336	0.452095	0.0873384	0	0.8799937	0.592442	2.3600637	0	0	0	0	0.2235355	0.9931409
K05358	quinate dehydrogenase (quinone) [EC:1.1.5.8]	0	0	0	0	0	0	0.305556	0	0	0.198256	0	0	0	0	0	0	0	0	0	0	0	0	0	0	0	0	0	0	0	0	0.18767	0	0	0.0681518	0	0	0	0	0	0	0	0.121342
K05362	UDP-N-acetylmuramoyl-L-alanyl-D-glutamate-L-lysine ligase [EC:6.3.2.7]	0.2627767	0	1.1152244	1.5430716	0.3283512	0.457421	0.3881257	0.367342	0.086785	17.29854	12.6000282	1.705041	1.42547	0.4781258	0.4098016	0.7646261	0.113631	0.3886284	0.577804	2.8969782	0	0.5976283	0.329216	18.0716822	0.0932778	0	0.6003298	0.1994802	3.67653	4.2959532	0.934495	0.354206	0.1303067	0.8672532	3.6641714	14.7728678	0.1262997	0.3808006	0	0.2504899	0.54525	5.608538
K05363	serine/alanine adding enzyme [EC:2.3.2.10]	0	0.0469759	0.5971186	0.5204231	0.7644233	0.80973	0.4764368	0.0745032	0.170599	12.408552	10.1301104	0.726293	0	0.3737807	0.3214374	0.548655	0	0.399546	0.776615	3.889194	0.0652158	0.248709	0.6184728	1.016459	0.935484	0	2.265913	0	1.02188	1.0064613	1.814692	1.0203647	6.13618	0.1121445	1.0019429	2.3695326	0.0472307	0.2043054	0	0.0807302	0	6.708628
K05364	peptidoglycan glycosyltransferase [EC:2.4.1.129]	4.07934	4.418155	7.0384779	5.802414	16.196869	43.2876	17.6090166	2.6542834	6.563645	1.005277	3.3900148	2.48335	16.03762	7.556717	3.1787556	0.9362117	5.776982	4.086496	2.3847334	37.1774561	18.8395078	4.287728	13.4677	1.5188852	0.1542806	2.544082	4.7630064	3.549706	0	0.5650133	32.2142429	11.4856364	23.316658	3.5313441	2.7950916	7.9523275	37.036374	15.447132	20.189649	11.2822913	49.0121936	3.9591099
K05365	penicillin-binding protein 1B [EC:2.4.1.129 3.4.-.-]	0	0	0.194712	0	0	0.0819636	0.135523	0.0667475	0	0.219394	1.3994	0.0155272	0	0	0.451001	0	0.0297872	0.0840607	0	0	0	0.0156625	0.190874	0	0	0	0.211764	0.260906	4.09293	0.0197545	0.2171014	0	5.846652	0.191729	0	0	0	0.129387	0	0	0	0.17579
K05366	penicillin-binding protein 1A [EC:2.4.1.- 3.4.-.-]	5.1540932	4.2638653	6.6546901	9.4814799	2.8359634	5.0354448	8.8363192	9.4703012	8.1269568	4.31992269	6.773916	6.2941073	9.7315905	3.3358297	0.9373772	6.732244	6.6744483	6.6492953	6.2831176	7.7915184	15.1425618	7.92354714	6.0750198	8.3097333	1.4120258	5.988562	7.8722123	2.8998538	5.8101491	7.01693526	4.1032415	5.9577342	21.1574844	3.5733805	7.2717874	10.0938619	1.7436289	5.4462607	15.80971	12.7526774	12.7337054	8.5540535
K05367	penicillin-binding protein 1C [EC:2.4.1.-]	0.889341	0.595882	1.5035382	0.235888	0	0.1088338	0.4529888	0.0978221	0.0722992	2.3240373	0.3284477	1.07695804	5.278806	2.022146	11.3546	1.11387	0.451056	0.145134	0	0	0	0.9851484	1.21375307	0	0	0.807815	0.25171361	0.0413407	0.4750845	1.1259947	0.117552	0.89193	5.203735	0.3613297	0.107672	0.636628	0	0	0	0	0	0.3977418
K05368	aquacobalamin reductase / NAD(P)H-flavin reductase [EC:1.16.1.3 1.5.1.41]	0	0.311123	5.399506	0	0	0.1989637	3.247012	0.144524	0	0.1149367	1.08503	0	1.13026	3.65984	5.52643	0.417003	0.550245	0.0471948	0	0.00675394	0	0.0148686	0.0446003	0	0	0	0.1090773	0.211505	2.09793	0	0.569583	0	2.058946	1.821065	0.360402	0.6501116	0	0.0954832	0	0	0	0.843293
K05374	yersiniabactin synthetase, thioesterase component	0	0	1.06349	0	0	0.055456	0.0648662	0.0157866	0	0	0.302907	0	0	0.385074	0	0	0	0.0218036	0	0.05691	0	0.0152862	0.0225905	0	0	0	0	0.0657937	0.591675	0	0	0	1.73565	0	0.0511813	0	0	0	0.0441833	0	0	0.0667739
K05396	D-cysteine desulfhydrase [EC:4.4.1.15]	0	0	4.155333	0.865813	0	0.2305821	2.48626	1.9998617	2.38361	0.3145345	1.363886	0.11717258	5.69344	5.424539	13.433067	1.300796	0.5887001	0.0889763	0.197225	0.0916084	0	0.2253895	0.1853228	0.0830155	0.123797	0.0886292	0.5569543	0.4052106	1.4480985	0.2714417	1.0144757	0	10.352641	2.275091	0.554599	2.377655	0	0	0.82796364	0	0.0712025	1.5841056
K05398	toll-like receptor 1	0	0	0	0	0	0	0	0	0	0	0	0	0	0	0	0.067764	0	0	0	0	0	0	0	0	0	0	0	0	0	0	0	0	0	0	0	0	0	0	0	0	0	0
K05409	TRIF-related adaptor molecule	0	0	0	0	0	0	0	0	0	0	0	0	0	0	0	0.202253	0	0	0	0	0	0	0	0	0	0	0	0	0	0	0	0	0	0	0	0	0	0	0	0	0	0
K05414	interferon alpha	0	0	0	0	0	0	0	0	0	0	0	0.0324306	0	0	0	0.5037971	0	0	0	0	0	0	0	0	0	0	0	0	0.0268835	0	0	0	0	0	0	0	0	0	0	0	0	0
K05415	interferon beta	0	0	0	0	0	0	0	0	0	0	0	0	0	0	0	0.120974	0	0	0	0	0	0	0	0	0	0	0	0	0	0	0	0	0	0	0	0	0	0	0	0	0	0
K05418	oncostatin M	0	0	0	0	0	0	0	0	0	0	0	0	0	0	0	0.10009	0	0	0	0	0	0	0	0	0	0	0	0	0	0	0	0	0	0	0	0	0	0	0	0	0	0
K05421	B-cell stimulating factor 3	0	0	0	0	0	0	0	0	0	0	0	0	0	0	0	0.0345956	0	0	0	0	0	0	0	0	0	0	0	0	0	0	0	0	0	0	0	0	0	0	0	0	0	0
K05424	leptin	0	0	0	0	0	0	0	0	0	0	0	0.0370387	0	0	0	0.0390014	0	0	0	0	0	0	0	0	0	0	0	0	0	0	0	0	0	0	0	0	0	0	0	0	0	0
K05440	interferon omega	0	0	0	0	0	0	0	0	0	0	0	0	0	0	0	0.231181	0	0	0	0	0	0	0	0	0	0	0	0	0	0	0	0	0	0	0	0	0	0	0	0	0	0
K05441	interferon kappa	0	0	0	0	0	0	0	0	0	0	0	0	0	0	0	0.123741	0	0	0	0	0	0	0	0	0	0	0	0	0	0	0	0	0	0	0	0	0	0	0	0	0	0
K05442	interferon epsilon	0	0	0	0	0	0	0	0	0	0	0	0	0	0	0	0.046191	0	0	0	0	0	0	0	0	0	0	0	0	0	0	0	0	0	0	0	0	0	0	0	0	0	0
K05450	platelet derived growth factor C/D	0	0	0	0	0	0	0	0	0	0	0	0	0	0	0	0.0209434	0	0	0	0	0	0	0	0	0	0	0	0	0	0	0	0	0	0	0	0	0	0	0	0	0	0
K05476	tumor necrosis factor ligand superfamily member 13B	0	0	0	0	0	0	0	0	0	0	0	0	0	0	0	0.0493611	0	0	0	0	0	0	0	0	0	0	0	0	0	0	0	0	0	0	0	0	0	0	0	0	0	0
K05477	tumor necrosis factor ligand superfamily member 14	0	0	0	0	0	0	0	0	0	0	0	0	0	0	0	0.0395041	0	0	0	0	0	0	0	0	0	0	0	0	0	0	0	0	0	0	0	0	0	0	0	0	0	0
K05479	tumor necrosis factor ligand superfamily member 18	0	0	0	0	0	0	0	0	0	0	0	0.0255334	0	0	0	0.0268575	0	0	0	0	0	0	0	0	0	0	0	0	0	0	0	0	0	0	0	0	0	0	0	0	0	0
K05489	interleukin 17	0	0	0	0	0	0	0	0	0	0	0	0	0	0	0	0.0425128	0	0	0	0	0	0	0	0	0	0	0	0	0	0	0	0	0	0	0	0	0	0	0	0	0	0
K05492	interleukin 17D	0	0	0	0	0	0	0	0	0	0	0	0	0	0	0	0.0291116	0	0	0	0	0	0	0	0	0	0	0	0	0	0	0	0	0	0	0	0	0	0	0	0	0	0
K05493	interleukin 17E	0	0	0	0	0	0	0	0	0	0	0	0	0	0	0	0.036622	0	0	0	0	0	0	0	0	0	0	0	0	0	0	0	0	0	0	0	0	0	0	0	0	0	0
K05496	bone morphogenetic protein 3/3B	0	0	0	0	0	0	0	0	0	0	0	0	0	0	0	0.035603	0	0	0	0	0	0	0	0	0	0	0	0	0	0	0	0	0	0	0	0	0	0	0	0	0	0
K05499	LacI family transcriptional regulator, repressor for deo operon,	0	0.6706179	4.05048	0.0172911	0	0.0221742	0.247681	1.4687467	0.132011	0.0212438	0	0.1682465	6.397497	3.12016	21.209	0	0.856034	0.0761499	0	0	0	0.0997695	0.152012	0	0.00746995	0	0.21602	0.175245	0.708793	1.44043	0.0667732	0	3.8465246	0.428	0	1.50526	0	0.0177349	0	0.113278	0	0.735967
K05500	inhibin, alpha	0	0	0	0	0	0	0	0	0	0	0	0	0	0	0	0.101245	0	0	0	0	0	0	0	0	0	0	0	0	0	0	0	0	0	0	0	0	0	0	0	0	0	0
K05501	TetR/AcrR family transcriptional regulator	0	0.626861	10.0353	0	0	0.375445	5.16505	0.18658	0	0.732558	2.26753	0.112854	10.3685	10.1785	44.4326	0.481172	1.02954	0.0971346	0	0	0	0.210264	0.428092	0	0	0	0.423341	0.53604	4.19824	0.144501	0.957461	0.076071	13.274984	3.33666	0.534053	4.40623	0	0.058956	0	0	0	2.80226
K05508	C-X3-C motif chemokine 1	0	0	0	0	0	0	0	0	0	0	0	0	0	0	0	0.0503807	0	0	0	0	0	0	0	0	0	0	0	0	0	0	0	0	0	0	0	0	0	0	0	0	0	0
K05515	penicillin-binding protein 2	6.815408	3.088708	5.6003373	1.0930251	4.9624	9.4749563	10.8548047	5.6960836	7.6104776	8.4890924	6.000814	15.661428	18.0271504	7.7616679	5.5402061	29.4011371	6.5944273	4.607708	3.401492	10.769183	13.425855	8.7268491	2.9053787	2.8428118	19.915891	14.0533767	18.2812612	22.5690038	2.9647726	10.9938798	5.839917	8.362124	14.029358	12.6459658	10.9426223	4.1607857	7.839322	12.722402	13.7394504	5.9802912	10.7453626	10.7677968
K05516	curved DNA-binding protein	4.448489	1.3243747	1.2050825	6.9082138	0.9588007	0.336489	1.096969	0.0548272	0.2377957	0.36935095	1.4820717	1.07065	3.562162	1.596391	8.0421382	1.993695	0.3589969	0.0479346	0.0622583	1.675772	1.1737876	1.835697	1.7125674	0.497617	3.02977	0.4132011	2.3598359	0.6634274	3.657395	2.3190575	0.6297604	0.255708	12.269543	4.078177	0.1726981	0.4654492	1.0695185	1.0272466	0.275135	0.692351	1.741118	1.4375796
K05517	nucleoside-specific channel-forming protein	0	0	2.61937	0	0	0	0.781585	0	0	0.0773459	0.766127	0.0163113	3.44042	3.11497	12.658	0	0.310893	0.0938616	0	0	0.0138892	0	0.133383	0	0	0	0.162538	0.1343173	2.27559	0	0.127536	0.0221113	6.11081	1.522366	0	0.750664	0	0.0245916	0	0	0	1.429622
K05518	negative regulator of sigma-B (phosphoserine phosphatase)	0	0	0	0	0	0	0	0	0	0	0	0	0	0	0	0	0	0	0	0	0	0	0	0.076734	0	0	0	0	0	0	0	0	0	0	0	0	0	0	0	0	0	0
K05520	protease I	0.644022	0.8424612	9.4392	0.612596	0	1.3952054	3.6695337	0.9304463	1.18232	0.6366277	1.2572431	2.2600436	9.925329	7.322444	37.135	2.119692	3.268559	0.858448	0.856589	1.20755	1.23741	2.3773513	1.2423859	0	0	0.351225	0.7908773	0.0451997	0.0410011	0.9334219	1.4316573	1.495458	5.920001	1.8929492	1.9055106	1.67365	0	0.387193	1.861454	1.6741	1.48747	1.2638935
K05522	endonuclease VIII [EC:3.2.2.- 4.2.99.18]	0	0.281587	6.186557	0	0	0.130704	1.2805159	0.0297791	0	0.2219565	0.473443	0	5.151277	2.6708	15.2045909	0.465684	0.5662073	0	0	0.0516754	0	0.0225046	0.1533916	0.1535721	0	0	0.107184	0	0.369459	0	0.5719075	0.0255905	2.45815	0.8817788	0.404976	1.3137154	0	0	0	0	0	0.5321695
K05523	molecular chaperone Hsp31 and glyoxalase 3 [EC:4.2.1.130]	0	0	0.89816	0	0	0.0833262	0.219898	0.0550875	0	0.051727	0.207828	0.037114	6.53292	3.18012	4.66204	0	0.585056	0	0	0	0	0	0.0290602	0	0	0	0.337077	0	0.25838	0	0.051012	0	8.942575	0.508823	0	0.249655	0.153289	0.0439222	0	0	0	0.591625
K05524	ferredoxin	0	0	0	0	0	0	0	0	0	0	0	0	0	0	0	0	0	0	0	0	0	0	0	0.575505	0.239857	0	0	0	0	0	0	0	13.867917	0.0938981	0	0	0	0	0	0	0	0
K05526	succinylglutamate desuccinylase [EC:3.5.1.96]	0	0.0772559	2.0564244	0	0	0.06034697	0.754083	0.008813	0	0.7567533	0.72056	0	4.90715	3.2718282	18.0406	0.0994751	0.3294208	0.0189268	0	0	0	0.0285672	0	0	0	0	0.273065	0.0335196	2.2392281	0	0.069499	0.0149817	14.566656	0.4439975	0.0647914	1.161661	0	0	0	0	0	0.5506354
K05527	BolA protein	0	0	3.22001	0.0386075	0	0.0998951	0.784807	0.104955	0	1.46162	0.731303	0	5.88408	4.98646	19.7085	0	0.439286	0.021764	0	0	0	0.0320615	0	0	0	0	0.25879	0.099278	2.03474	0	0.326202	0	7.172137	1.21275	0	2.18576	0	0.0220162	0	0	0	1.26221
K05539	tRNA-dihydrouridine synthase A	0.0637408	0.587527	4.344678	0	0	0.0306893	1.3384761	0	0	1.280946	6.881141	0	1.553825	1.386052	9.3195	0	0.334327	0.7238634	0.573788	0.312879	0	0	0.1591405	0	0	0.0119862	0.0995026	1.5218582	4.18806	0.0810367	0.268787	0.01658744	16.14119	1.612356	0	0.3899921	0	0.0375244	0	0	0	1.784691
K05540	tRNA-dihydrouridine synthase B	0	0.417932	7.228361	0.417087	0	0.15425	3.9674635	0.0919154	0	2.020372	6.495163	0.0301076	5.43958	9.31865	23.43468	1.197536	0.334451	0.5974227	0.348752	0.379863	0.0975489	0.2525203	0.3277621	0.029923	0	0	0.2880415	1.103332	2.430756	0.1173164	0.976882	0.0803871	22.2643892	2.960128	0.4023331	3.20258	0	0.0461398	0	0	0	2.790211
K05541	tRNA-dihydrouridine synthase C	0	0.373093	0.6602754	0.0109912	0	0.0173212	0.0615864	0	0	0	0.124623	0.0139328	1.73991	1.81213	9.25882	0	0.160871	0	0	0	0	0	0.102453	0	0	0	0.0966463	0	0.31354	0	0.0456451	0.0169091	12.23243	0.116372	0	0.6761703	0	0	0.0156973	0	0	0.283947
K05548	MFS transporter, AAHS family, benzoate transport protein	0	0	0	0	0	0	0	0	0	0	0	0	0	0	0	0	0	0	0	0	0	0.33131	0.0989886	0	0	0	0	0	0	0	0	0	4.96436	0	0	0	0	0	0	0	0	0
K05549	benzoate/toluate 1,2-dioxygenase subunit alpha [EC:1.14.12.10 1.14.12.-]	0	0	0.595851	0	0	0	0	0	0	0	0	0	0	1.08772	0	0.120072	0.0192139	0	0	0	0	0	0	0	0	0	0	0	0	0	0.11881	0	0.0668887	0	0	0	0	0	0	0	0	0.0686423
K05565	multicomponent Na+:H+ antiporter subunit A	0	0	0	0	0	0	0	0	0	0	0	0	0	0	0	0	0	0	0	0.0467956	0	0	0	0	0	0	0	0	0	0	0	0	0	0	0	0	0.0763071	0	0	0	0	0
K05566	multicomponent Na+:H+ antiporter subunit B	0.423556	0.474325	0.653565	0.107907	0	1.00694	0.886957	0.483278	1.07535	0.122331	0.615984	0.0509553	0.451785	0.2734904	0.0365804	0.547609	1.44294	0.642271	0.7753931	0.782836	0.873447	1.01497	0.9337645	0.184795	0	0.367673	0.652074	0	0	0.7313368	0.9104698	0.5595919	0	0	0.817311	0.221381	0.155724	0	1.3014	1.19112	0.835899	0
K05567	multicomponent Na+:H+ antiporter subunit C	0.501516	0.726682	0.884773	0.0840131	0	1.39853	1.03698	0.119138	0.941805	0.279758	0.683841	2.202	0.40774	0.267652	0	0.717834	2.43627	0.737335	0.617055	1.252338	1.25144	1.088663	1.07201	0.246645	0	0.371017	0.477288	0	13.3878	1.256451	0.957484	0.689265	0	0	1.321381	0	0.179083	0	1.19874	1.89706	1.15051	0.443331
K05568	multicomponent Na+:H+ antiporter subunit D	0.869705	1.735783	1.9836831	0.40601	0.1739657	3.249752	2.346536	1.250618	2.639257	0.813307	1.525456	0.238161	1.395433	0.62486	0.0640275	1.7652133	4.999491	2.044896	1.896417	2.7852434	3.1075143	3.9194549	4.0110058	0.391249	0.0424339	0.842851	1.431978	0.0487681	0	2.694686	2.7346865	1.9401106	0	0	2.1276825	0.389196	0.0455523	0.0359446	3.7953	3.73287	2.836926	0.0461861
K05569	multicomponent Na+:H+ antiporter subunit E	0.165319	0.146261	0.630122	0.125795	0.0975668	0.923302	0.851447	0.314632	0.67621	0.175867	0.653733	0	0.4044246	0.109882	0.0341156	0.4800263	1.74427	0.557	0.579741	0.9654748	1.1760033	1.7144	1.3776738	0.184654	0.0795918	0.083267	0.210874	0	0	0.7269597	0.53045	0.8309248	0	0	0.839772	0.104134	0.233497	0	1.12851	1.637509	0.964435	0
K05570	multicomponent Na+:H+ antiporter subunit F	0.538238	0.363635	0.946855	0.397359	0	0.964504	0.8424294	0.304007	0.87823	0.280166	0.891058	0	0.419104	0.292703	0	0.5885683	1.63553	0.754015	0.877782	1.18775	1.5555507	1.91511	1.08476	0	0	0.301802	0.580751	0.150259	0	1.21972	0.680338	0.293136	0	0	0.8235838	0.3372516	0.351144	0	1.1467361	1.520878	1.0680719	0
K05571	multicomponent Na+:H+ antiporter subunit G	0.384811	0.590845	1.05773	0.12602	0.0550871	0.948157	0.836114	0.558421	0.837305	0.307023	0.861452	0	0.366222	0.191828	0	0.600223	1.09545	0.925041	0.631372	0.875715	1.32435	1.35165	0.948056	0	0	0.123237	0.343268	0	0	1.09478	0.61736	0.624363	0	0	1.0751	0.3079635	0.166106	0	1.45166	1.3902261	0.96201	0
K05573	NAD(P)H-quinone oxidoreductase subunit 2 [EC:1.6.5.3]	0	0	0	0.0279122	0	0	0	0	0	0	0	0	0	0	0	0	0	0	0.07305975	0	0	0	0	0	0	0	0	0	0	0	0	0	0	0	0	0	0	0	0	0	0	0
K05574	NAD(P)H-quinone oxidoreductase subunit 3 [EC:1.6.5.3]	0	0	0	0	0	0	0	0	0	0	0	0	0	0	0	0	0	0	0.0394607	0	0	0	0	0	0	0	0	0	0	0	0	0	0	0	0	0	0	0	0	0	0	0
K05576	NAD(P)H-quinone oxidoreductase subunit 4L [EC:1.6.5.3]	0	0	0	0	0	0	0	0	0	0	0	0	0	0	0	0	0	0	0.0239828	0	0	0	0	0.0338538	0	0	0	0	0	0	0	0	0	0	0	0	0	0	0	0	0	0
K05577	NAD(P)H-quinone oxidoreductase subunit 5 [EC:1.6.5.3]	0	0	0	0	0	0	0	0	0	0	0	0	0	0	0	0	0	0	0	0	0	0	0	0	0	0	0	0	0	0	0	0	0	0	0	0	0.0659678	0	0	0	0	0
K05578	NAD(P)H-quinone oxidoreductase subunit 6 [EC:1.6.5.3]	0	0	0	0.0920429	0	0	0	0	0	0	0	0	0	0	0	0	0	0	0	0	0	0	0	0.0720883	0	0	0	0	0	0.0160199	0	0	0	0	0	0	0	0	0	0	0	0
K05579	NAD(P)H-quinone oxidoreductase subunit H [EC:1.6.5.3]	0	0	0	0.0145725	0	0	0	0	0	0	0	0	0	0	0	0	0	0	0.01194	0	0	0	0	0	0	0	0	0	0	0	0	0	0	0	0	0	0	0	0	0	0	0
K05581	NAD(P)H-quinone oxidoreductase subunit J [EC:1.6.5.3]	0	0	0	0.0172435	0	0	0	0	0	0	0	0	0	0	0	0	0	0	0.0423206	0	0	0	0	0	0	0	0	0	0	0	0	0	0	0	0	0	0	0	0	0	0	0
K05582	NAD(P)H-quinone oxidoreductase subunit K [EC:1.6.5.3]	0	0	0	0	0	0	0	0	0	0	0	0	0	0	0	0	0	0	0.02187308	0	0	0	0	0	0	0	0	0	0	0	0	0	0	0	0	0	0	0	0	0	0	0
K05589	cell division protein FtsB	0.0743591	1.144469	10.0069439	0.28828	0	0.305235	3.1701443	0	0	1.769631	5.34214	0	0.750247	2.98665	2.5105	1.700806	0.27596	0.740482	0.641888	0.151573	0	0.167536	0.251476	0.038029	0	0	0.265479	0.775754	4.73696	0.0811207	1.233201	0	25.2885775	2.588107	0.926748	0.309097	0	0	0	0	0	2.556243
K05590	ATP-dependent RNA helicase SrmB	0	0.564135	4.84845	0	0	0.205803	1.982228	0	0	0.0998377	1.034035	0	3.03594	3.08666	8.70134	0.367014	0.287661	0.3791749	0.323067	0	0	0	0.180338	0	0	0	0.138248	0.6927481	0.700569	0.0146554	0.639917	0	5.29939	1.48204	0.16831	0.852174	0	0	0	0	0	1.45004
K05591	ATP-independent RNA helicase DbpA	0	0.251082	1.86611	0	0	0.0152388	0.92496	0	0	0.0103622	0	0.019922	4.15064	3.98759	15.4174	0	0.593928	0	0	0	0	0	0.0964078	0	0	0	0.11746	0.031225	0	0	0.0151477	0.0238845	2.7817361	0.941282	0	1.1416281	0	0	0	0	0	1.059633
K05592	ATP-dependent RNA helicase DeaD [EC:3.6.4.13]	1.8154542	2.3809896	5.7397903	1.6511678	0.197094	2.4536959	6.1032353	4.3174209	1.3345314	8.7900402	12.1148802	5.275195	7.7285074	7.8868763	12.2384851	11.2055963	3.9819609	2.3087918	2.600132	2.5299928	2.0553809	6.0572395	4.4443526	1.8490129	1.669026	5.6046901	2.1769107	24.3285551	6.0118852	6.977942	2.9229041	4.8536472	23.6282866	7.4777551	5.553408	4.0765188	4.0523992	6.5857845	9.8258248	2.2715184	1.5416421	6.6456343
K05593	aminoglycoside 6-adenylyltransferase	0	0.677336	0.268656	0.0923014	0	0	0	2.87451	0.3024679	3.4813	1.84793	0.0173168	1.834463	0.0108162	0.0572163	0.119102	0.0951944	0.168744	0.22279	1.18422	0	0	0	0.387111	0.129071	0	0.0562191	0	0	1.802986	0	0.1026877	0	0.514039	0.579636	2.2579333	0	0	0	0.113358	0.2304601	0.823127
K05594	ElaB protein	0	0	2.8955732	0	0	0	0.5607694	0	0	0.2901359	1.08289	0	4.46686	5.06038	15.7957	0	0.295003	0	0	0	0	0	0	0	0	0	0.165414	0.160372	1.74406	0	0	0	5.87395	0.6023002	0	1.28394	0	0	0	0	0	0.483272
K05595	multiple antibiotic resistance protein	0.995258	1.303481	7.0030181	1.41581	0.443654	0.0107305	1.0007647	2.3094772	0.110074	2.9842949	1.5250429	12.107812	11.989232	8.19543	22.9067949	10.8162386	0.412575	0.707608	0	2.3399898	0.2102407	2.49764	1.0918649	0.0436234	0	3.269925	2.5394509	0.1830902	0.035919	0.972706	21.312599	4.068754	11.144572	1.966887	3.820784	2.9956051	0.95026	4.2558114	7.240705	0.829799	0	7.8952015
K05596	LysR family transcriptional regulator, chromosome initiation	0	0.389853	6.56552	0	0	0.3153064	3.771339	0.0164834	0	0.8032465	1.08369	0	2.23002	5.58327	9.6432	0.535481	0.4206176	0.0817028	0	0	0.0118804	0.0800582	0.1546671	0.0597989	0	0	0.1604463	0	2.3723	0.0110551	0.9910669	0	18.664092	1.859644	0.569668	1.592842	0	0.141685	0	0	0	2.0047052
K05597	glutamin-(asparagin-)ase [EC:3.5.1.38]	0	0	0	0	0	0	0	0	0	0	0	0	0	0	0	0	0	0	0	0	0	0	0	0	0	0	0	0	0	0	0	0	10.8662	0	0	0	0	0	0	0	0	0
K05601	hydroxylamine reductase [EC:1.7.99.1]	7.9965455	7.1534722	10.6501569	7.4808079	10.3647583	7.4608942	19.100014	30.9164265	34.7953997	30.0087011	9.4673136	21.8609002	21.3414459	8.9981545	12.4852221	11.8509884	8.716011	20.637406	29.4342222	7.8836668	10.38012	9.6832933	6.3568755	9.8928681	1.9639851	18.612339	4.5747339	17.256731	58.7847883	12.3615533	4.7693129	12.7740058	12.5444561	6.1159184	14.6070754	4.455375	18.4250061	13.8500447	8.4422385	23.0029269	12.7009685	19.8372814
K05602	histidinol-phosphatase [EC:3.1.3.15]	0	0	0.0571661	0.0326987	0	0	0.0836823	0	0	0.158069	0.596041	0	0	0	0.042612	0	0.0795977	0	0	0	0	0	0	0.1312422	0.0533543	0	0	0.0411947	0	0	0.0686732	0.0870155	0	0.1085619	0	0.255153	0	0	0	0	0	0
K05606	methylmalonyl-CoA/ethylmalonyl-CoA epimerase [EC:5.1.99.1]	1.1106777	1.129743	1.229211	2.48539	0.911878	2.37993	1.5969813	1.108069	1.418245	0.63933	0.9537249	0.3147243	1.441751	0.154334	0	0.831753	1.933637	0.947408	0.853128	1.7071602	1.663114	2.615663	2.205831	0.0492587	0.203173	1.5479801	3.147798	0.68677	0	1.508691	1.36185	2.549775	1.988498	1.246856	0.99602	1.7008579	0.303388	1.30906	2.838574	6.23083	1.1862134	3.195187
K05635	laminin, gamma 1	0	0	0	0	0	0	0	0	0	0	0	0	0	0	0	0.0636196	0	0	0	0	0	0	0	0	0	0	0	0	0	0	0	0	0	0	0	0	0	0	0	0	0	0
K05685	macrolide transport system ATP-binding/permease protein [EC:3.6.3.-]	0.0309667	0	1.87528	0.047984	0	0.0482274	0.18041519	0.0159602	0	0.0166299	0.134429	0.0106572	4.4461957	1.666141	9.60331	0	0.0553626	0.0191321	1.35613	0	0	0.00842314	0.0255843	0.126794	0	0	0.248596	0.0134655	0.53992	0	0.0594439	0	14.2373718	0.398743	0	0.274007	0	0.0247191	0	0	0	0.258422
K05692	actin beta/gamma 1	0	0	0	0	0	0	0	0	0	0	0	0	0	0	0	0.04655402	0	0	0	0	0	0	0	0	0	0	0	0	0	0	0	0	0	0	0	0	0	0	0	0	0	0
K05707	snail 1	0	0	0	0	0	0	0	0	0	0	0	0	0	0	0	0.0833771	0	0	0	0	0	0	0	0	0	0	0	0	0	0	0	0	0	0	0	0	0	0	0	0	0	0
K05708	3-phenylpropionate/trans-cinnamate dioxygenase subunit alpha [EC:1.14.12.19]	0	0	1.92162	0	0	0.029887	0.484907	0.0363705	0	0	0	0.0182894	4.31207	2.80144	17.4966	0	0.401986	0	0	0	0	0.0391208	0.100122	0	0	0	0.101936	0.0434944	0	0	0.172805	0	6.16844	1.49214	0	0.502665	0	0	0	0	0	1.80166
K05709	3-phenylpropionate/trans-cinnamate dioxygenase subunit beta [EC:1.14.12.19]	0	0	2.63832	0	0	0.136442	0.601594	0	0	0	0	0	6.56558	4.69276	27.2691	0	0.249433	0	0	0	0	0.0463109	0.111199	0	0	0	0	0.316398	0	0	0	0	4.61183	0.423827	0	1.53795	0	0	0	0	0	0.66516
K05710	3-phenylpropionate/trans-cinnamate dioxygenase ferredoxin component	0	0	2.93419	0	0	0	0.432726	0	0.124486	0	0	0	7.01284	4.36829	29.680694	0	0.592076	0	0.0182387	0	0	0	0.060958	0.1388505	0	0	0	0.487681	0	0	0	0	7.86792	0.790721	0	3.3297452	0	0	0	0	0	0.9590413
K05712	3-(3-hydroxy-phenyl)propionate hydroxylase [EC:1.14.13.127]	0	0	5.060868	0	0	0.127391	0.915426	0	0	0	0	0.0665951	1.23011	1.43995	3.63197	1.106393	0.389748	0	0	0	0	0	0.0356468	0	0	0	0.0965187	0.34128	3.80816	0	0.434669	0	3.99388	0.423936	0.182699	0.24789	0	0	0	0	0	1.03443
K05713	2,3-dihydroxyphenylpropionate 1,2-dioxygenase [EC:1.13.11.16]	0	0	5.31371	0	0	0.2955386	1.049901	0	0	0	0	0.0211794	0.703251	1.35601	2.94615	0.356359	0.3812284	0	0	0	0	0.0108767	0.0143892	0	0	0	0.0741453	0.415859	3.39427	0	0.3330478	0.0207345	1.96678	0.50066	0.2937613	0.944787	0	0	0	0	0	0.596178
K05714	2-hydroxy-6-oxonona-2,4-dienedioate hydrolase [EC:3.7.1.14]	0	0	2.93384	0	0	0.2125291	1.560399	0	0	0	0	0	3.27735	3.350365	21.6289	0.129522	0.2407397	0	0	0	0	0.0595841	0.1259009	0	0	0	0.0359896	0.0750764	0.042929	0.0292312	0.490657	0	2.95946	1.2630618	0.144764	0.563312	0	0	0	0	0	1.001903
K05715	2-phosphoglycerate kinase	0	0	0.281678	0	0	0	0	1.315	0.0673292	0	0	0	0	0	0	0	0.453639	0	0	0	0	0	0	0	0	0	0	0	0	2.27395	0	0	0	0	0	0	0	0	1.86864	0	0	0
K05716	cyclic 2,3-diphosphoglycerate synthetase	0	0	0.319717	0	0	0	0	5.87648	0.23974	0	0	0	0	0	0	0	4.077365	0	0	0	0	0	0	0	0	0	0	0	0	7.71498	0	0	0	0	0	0	0	0	7.65705	3.18206	0	0
K05732	glucocorticoid receptor DNA-binding factor 1	0	0	0	0	0	0	0	0	0	0	0	0	0	0	0	0.0327355	0	0	0	0	0	0	0	0	0	0	0	0	0	0	0	0	0	0	0	0	0	0	0	0	0	0
K05735	p21-activated kinase 6 [EC:2.7.11.1]	0	0	0	0	0	0	0	0	0	0	0	0	0	0	0	0.0443952	0	0	0	0	0	0	0	0	0	0	0	0	0	0	0	0	0	0	0	0	0	0	0	0	0	0
K05736	p21-activated kinase 7 [EC:2.7.11.1]	0	0	0	0	0	0	0	0	0	0	0	0	0	0	0	0.0524912	0	0	0	0	0	0	0	0	0	0	0	0	0	0	0	0	0	0	0	0	0	0	0	0	0	0
K05756	actin related protein 2/3 complex, subunit 3	0	0	0	0	0	0	0	0	0	0	0	0	0	0	0	0.0211535	0	0	0	0	0	0	0	0	0	0	0	0	0	0	0	0	0	0	0	0	0	0	0	0	0	0
K05757	actin related protein 2/3 complex, subunit 1A/1B	0	0	0	0	0	0	0	0	0	0	0	0	0	0	0	0.00996183	0	0	0	0	0	0	0	0	0	0	0	0	0	0	0	0	0	0	0	0	0	0	0	0	0	0
K05759	profilin	0	0	0	0	0	0	0	0.0487083	0	0	0	0	0	0.0467679	0	0.03104422	0	0	0	0	0	0	0	0	0	0	0	0	0	0	0	0	0	0	0	0	0	0	0	0	0	0
K05766	protein phosphatase slingshot [EC:3.1.3.16 3.1.3.48]	0	0	0	0	0	0	0	0	0	0	0	0	0	0	0	0.0325158	0	0	0	0	0	0	0	0	0	0	0	0	0	0	0	0	0	0	0	0	0	0	0	0	0	0
K05770	benzodiazapine receptor	0	0	0.0674663	0.3309744	0	0.319664	8.7728	0.111952	0.109864	1.03511	1.14571	0	4.482193	0.4504367	0.136706	4.49691	0.606805	0.578922	0	1.499747	0.330737	0.705249	0.7237901	0.191835	1.256414	1.77843	0.92235	15.4346	0.177175	2.2194132	0.136728	0.458781	2.0086	3.11205	0.293661	9.440729	2.0724417	0.864501	0.174792	0	0	4.091856
K05772	tungstate transport system substrate-binding protein	0	0	0	0.403337	0	0	0	0.0619987	0	0	0	0.347853	0.659887	0	0	0.966288	0.258906	0	0	0	0	0.264648	0.744876	0	0	0	0.0507464	0	0.0720262	1.087887	0.241774	0.0752296	0.640149	0	0	0	0	0	0	0	0	0
K05773	tungstate transport system permease protein	0	0	0	0.53316	0	0	0	0	0	0	0	0	0	0	0	0.600007	0	0	0	0	0	0.109543	0.150301	0	0	0	0.0472611	0	0	0.1183	0.322133	0.0778474	0	0	0.0475255	0	0	0	0	0	0	0
K05774	ribose 1,5-bisphosphokinase [EC:2.7.4.23]	0.491917	0.2648208	10.98846	0	0	0.315221	3.221893	0.1290238	0	0.0507518	1.2045	0	0	2.85026	0	0.81262	0.673502	0.0648332	0	0.0336047	0	0	0.218046	0.0336225	0	0.0223661	0.189739	0	0	0.0678488	0.5728489	0	18.056062	1.317515	0.3769934	1.942627	0	0.107653	0	0	0	0.435959
K05775	maltose operon periplasmic protein	0	0.296733	4.468	0	0	0.0979516	0.918596	0.0457391	0	0.062358	1.95205	0.0763339	4.20375	3.24784	16.63526	0	0.847588	0.123894	0	0	0	0.0262103	0.1582185	0	0	0	0.223126	0.257612	4.11082	0.083777	0.371801	0	14.660294	2.731697	0	1.515418	0	0.182297	0.0369415	0	0	2.360274
K05776	molybdate transport system ATP-binding protein	0	0.225461	2.951042	0.344788	0	0.00954093	0.842891	0.0141077	0	0.0914071	0.0593621	0	4.73422	0.72775	1.80693	0.965669	0.1953074	0	0	0	0	0.2274358	0.0132106	0	0	0	0.10275165	0.3943209	0.610975	0.0544392	0.7920933	0.11550655	6.1489957	0.9756038	0.2282876	0.55965	0	0.0140567	0	0.0706268	0	1.277387
K05777	putative thiamine transport system substrate-binding protein	0	0	2.97489	0	0	0.0638217	0.893463	0.072264	0	0.723052	1.741278	0	6.02323	3.86572	22.531	0	0.295691	0.142358	0	0	0	0	0.1416149	0	0	0	0.146624	0.113926	3.948451	0	0.0149894	0	6.199612	0.657905	0	1.304166	0	0	0	0	0	0.522031
K05778	putative thiamine transport system permease protein	0	0	1.0902831	0	0	0.0363255	0.1941715	0	0	0.596311	0.94737	0	0	0.153142	0	0	0	0.0501232	0	0	0	0	0.114123	0	0	0	0.143027	0	3.24653	0	0.111833	0	6.051402	0.0317905	0	0.108034	0	0	0	0	0	0.305935
K05779	putative thiamine transport system ATP-binding protein	0	0	1.14412	0	0	0	0.146818	0	0	0	0	0	9.46919	8.02343	31.8792	0	0.0738344	0	0	0	0	0.0496059	0	0	0	0	0.102399	0	0	0	0.045354	0.0846801	4.7028559	0.313348	0	0.728585	0	0	0	0	0	0.6294003
K05780	alpha-D-ribose 1-methylphosphonate 5-triphosphate synthase subunit PhnL [EC:2.7.8.37]	4.094137	1.168971	2.2687529	6.330823	1.286707	0.2900284	0.516103	0	0.1418328	0.3125354	0.3664988	0.4441183	0.2656618	2.2047671	0.00551298	0.193514	0.5390242	0.0790878	0.0904957	1.6256505	1.407439	1.4489832	1.728643	0.204414	2.70527	0.587508	2.262515	0.546843	0.533703	0.3025389	0.398079	0.216782	18.9863076	3.529461	0	2.38895	1.45615	0.624032	1.60978	1.24225	1.721371	0.709937
K05781	putative phosphonate transport system ATP-binding protein	3.32894	0.826344	1.04623	6.92311	1.18506	0.832961	3.913243	0.1003819	0.194696	0.582294	1.165212	0.342927	0.341885	2.73189	0.0412396	0.525187	0.0568435	0.1445772	0.139753	1.69559	1.08676	0.925338	1.748023	0.242829	2.35606	0.5890278	2.09715	0.762388	5.567016	0.434863	0.730782	0.334777	22.4645	5.84092	0.14203	0	1.24527	0.937099	1.64433	1.55043	1.53272	2.440311
K05782	benzoate membrane transport protein	0	0	4.85831	0.381653	0	0.0986491	1.1694416	0.1328902	0	0.755719	0.142198	0.4017823	7.412001	3.23457	12.93748	1.287887	0.6143784	0	0	0	0	0.2545798	0.6125874	0	0	0	0.2956002	0.2124558	0.414768	1.0689024	0.6506535	0	3.56743	0.933492	0.41455	1.382694	0	0	0.0493806	0	0	0.567681
K05783	dihydroxycyclohexadiene carboxylate dehydrogenase [EC:1.3.1.25 1.3.1.-]	0	0	0	0	0	0	0	0	0	0	0	0	0	2.81586	0	0	0	0	0	0	0	0	0	0	0	0	0.137845	0	0	0	0	0	0.0466186	0	0	0	0	0	0	0	0	0.203452
K05785	transcriptional antiterminator RfaH	0	0	2.73925	0	0	0.099011	0.339543	0.182046	0	0.0354894	2.58221	0	0	0.851342	0	0	0.624466	0.0512321	0	0	0.0397339	0	0.169455	0	0	0	0.228359	0.368998	5.39168	0.0544392	0	0	8.49257	0.523502	0.102061	0	0	0.310954	0.0139993	0	0	0.873822
K05786	chloramphenicol-sensitive protein RarD	0.112001	0.6964784	4.4985791	0.3468539	1.61886	1.350817	4.6957394	0.4976215	1.0071467	37.9086607	28.374587	0.246624	5.739859	4.04154	10.5004834	0.868994	0.660988	2.3180459	2.6691354	9.8117098	0.311969	0.0181422	1.657059	24.1100978	0.389576	0	1.1213617	0.2204288	1.884329	1.0710313	1.860176	0.911689	28.912903	4.913739	5.660903	2.1523072	0.2175789	0.3074532	0	0.358119	1.60909	7.375209
K05787	DNA-binding protein HU-alpha	0.0256832	1.028822	11.7153829	0.00988944	0	0.272884	3.4095817	0.00997309	0	0.93487	4.907099	0.136709	10.6718	10.4897	46.5638	0.35989	0.82313	0.4236013	0.60588	0.1838522	0	0.277865	0.418839	0.0961693	0	0	0.62938	1.6949896	5.61503	0.3209556	1.04672	0	16.63473482	2.7576659	0.421934	3.40184	0	0.214255	0	0	0	1.30738
K05788	integration host factor subunit beta	0	0	4.79634	0.560088	0.00721259	0.18512	1.99322	0	0.0386241	0.337534	0.68255	0.187337	3.913306	1.94918	10.7036	1.671065	0.33941	0	0	0	0	0.219717	0.2783061	0.0240812	0	0	0.1319811	0.326458	4.23782	0.292935	1.22692	0.202403	10.934256	0.754693	0.695434	1.17457	0	0	0.0409668	0	0	0.620118
K05789	chain length determinant protein (polysaccharide antigen chain	0	0	1.14919	0	0	0	0	0	0	0.1194377	0.306796	0	0.394699	1.44313	1.02831	0	0.0248836	0	0	0	0	0	0.0146187	0	0	0	0	0.0386048	0	0	0	0	1.44064	0.0862564	0	0	0	0	0	0	0	0.144587
K05790	lipopolysaccharide biosynthesis protein WzzE	0	0.238353	3.70682	0	0	0.0242443	0.384905	0.01235	0	0	1.09169	0.0105913	1.89695	1.83584	4.67296	0	0.269394	0.0117376	0	0	0	0.0178154	0.133708	0.0187921	0	0	0.197235	0.278908	5.30413	0.061722	0.101517	0	4.00516	0.422987	0	0.381461	0	0.0881383	0	0	0	0.320805
K05791	tellurium resistance protein TerZ	0	0	0	0	0	0	0	0	0	0	0	0	0	0	0	0	0	0	0	0	0	0	0	0	0	0	0	0	0	0	0	0	0	0.0318899	0	0	0	0	0	0	0	0
K05792	tellurite resistance protein TerA	0	0	0	0	0	0	0	0	0	0	0.190192	0	0	0	0	0.121203	0	0	0	0	0	0	0	0	0	0	0	0	0	0	0	0	0	0	0	0	0	0	0	0	0	0
K05794	tellurite resistance protein TerC	0	0	0.085342	0	0	0	0.1639885	0	0	0.184314	0.452116	0	0	0	0.0363511	0	0.0388461	0	0	0.0361246	0	0	0	0.1379743	0	0	0	0	0	0	0.0518946	0	9.98141	0.0401274	0	0.2735949	0	0	0	0	0	0
K05795	tellurium resistance protein TerD	0	0	2.1355729	0	0	0	0.257819	0.343914	0	0.0906846	0.664468	0	0	1.01433	0	0	0	0	0	0	0	0	0	0	0	0	0	0	0	0	0.215104	0	0	0	0	0	0	0	0.0346285	0.10226	0.0481913	0.0444283
K05796	electron transport protein HydN	4.18513	1.379648	4.0320715	6.3834	0.807993	0.4829331	2.675867	0.2050049	0.073011	0.466911	0.242996	0.6650486	9.962687	4.44635	36.2651	0.130745	0.3289214	0.0916017	0.0698764	1.47153	1.26381	1.20775	1.652118	0.2584906	2.38643	0.747783	1.533822	1.184075	1.460337	0.253073	0.7939565	0.0716625	13.0204183	4.68694	0	3.237973	1.06997	0.50038	0.309757	0.49978	1.49081	1.45723
K05798	LysR family transcriptional regulator, transcriptional activator for	0	0.545761	2.07236	0	0	0	1.769459	0.0665374	0	0.017119	1.19768	0	0	2.2076	0	0	0.243127	0.120154	0	0	0	0.0149789	0.0630056	0	0	0	0.108195	0.0418013	4.0278	0	0.1246532	0	5.3906057	1.642421	0	0.0194639	0	0.121546	0	0	0	0.827949
K05799	GntR family transcriptional regulator, transcriptional repressor for	5.9828452	3.991479	10.0056115	7.2813555	3.413065	4.67578	7.1814424	4.0348382	5.6731055	4.4214672	4.6037403	3.7176573	15.2918261	8.462826	13.563351	2.782444	8.4011058	8.066175	9.099223	4.4068597	13.3948989	5.3820299	10.6506814	1.8009124	0.8943118	2.9971955	3.4551062	3.7141047	4.746282	10.909655	3.9136525	5.1156288	11.65979	3.619113	3.7088752	9.1304334	0.7908067	2.8489832	5.116687	13.6156315	12.5391548	6.3573933
K05800	Lrp/AsnC family transcriptional regulator	0	0	2.20543	0	0	0	0.0819248	0	0	0	0	0	0	0	0	0.315165	0	0	0	0	0	0	0	0	0	0	0	0	0	0	0.147347	0	0.828368	0.734499	0.11197	0	0	0	0	0	0	0
K05801	DnaJ like chaperone protein	0	0.633113	3.37483	0	0	0.373214	3.685819	0.278553	0.177683	3.016697	7.95849	0.1396544	5.588426	1.868548	3.892302	4.6714	0.982396	1.0636895	0.4133968	0.821644	0.781778	1.2999804	0.886833	0.8761802	0.545646	2.82932	1.202504	21.3192603	4.968309	2.0756652	0.273455	0.362599	10.7892226	5.527158	0	0.701752	2.59373	1.4159949	0.101479	0	0.0814956	1.652048
K05802	potassium efflux system protein KefA	1.21628	0.516511	1.51034	0	0	0.0117244	0.128284	0.0105862	0	0.00916364	0.0557253	0.2900332	2.750472	1.3580649	8.83868	0	0.729185	0	0	0	0	0	0.6873729	0	0	0	0.0757902	0.0170325	0.0854665	0.8887817	0	0.00882535	9.918443	0.655889	0	0.239657	0	0	0	0	0	0.33529
K05803	lipoprotein NlpI	0.0956517	0.6701876	6.34828	0	0	0.20112	2.65111	0.0359845	0	1.268926	6.1457	0.0597181	2.82216	5.06993	12.9871	0.385449	0.400722	0.5408821	0.616845	0.34809	0	0.0143547	0.200974	0.0213357	0	0	0.0819193	1.07736	1.2244	0.0260172	0.658814	0.0125793	6.646802	1.87413	0.305974	1.46474	0	0.0193335	0.0201833	0	0	2.68302
K05804	right origin-binding protein	0	0.313852	1.8433043	0	0	0.0244588	1.40286	0	0	1.1306739	0.184244	0.0128403	6.85351	3.72547	25.1198	0	0.178968	0	0	0	0	0	0.0683871	0	0	0	0.0955725	0.081077	0.77514	0	0.229237	0.0225083	7.65635	1.447536	0	0.428872	0	0	0	0	0	1.9441264
K05805	CreA protein	0	0.535015	2.7505	0	0	0.103595	0.659773	0.136053	0	0.0812293	1.16128	0.0198762	6.9773	4.24419	17.1453	0	0.340892	0	0	0	0.0308597	0.052743	0.303943	0	0	0.0401562	0.292027	0.2966191	2.04551	0.0418953	0.224841	0.0345118	23.8121675	2.24312	0	1.3395	0	0.135562	0	0	0	1.48897
K05807	putative lipoprotein	0.860878	1.198953	5.11987	0.0192763	0	0.3601018	3.3531686	0.3895706	0	2.4021011	0.8080899	19.8486481	8.202911	7.3335	29.6767	4.774985	0.2144056	0.2758743	0	0	0	1.958314	1.774711	0	0	0.438544	0.362786	7.533683	54.8260691	0.749047	0.864456	2.0284814	17.103587	1.7688188	0.385301	2.21414	0.0657186	0.2524204	0	0	0	2.829648
K05808	putative sigma-54 modulation protein	11.2458372	11.4198956	14.6195603	40.3278147	26.3034688	2.1306268	14.1009103	15.3250131	13.4229274	51.083623	49.098166	2.6987459	45.1301403	22.1840361	28.4237395	5.7618478	31.389014	16.5963383	18.373022	41.2095284	17.1020038	20.451912	20.7002273	17.5012394	1.819663	16.219118	28.1152948	11.4616678	2.941027	14.7697533	71.2061616	22.0557831	25.5960311	8.807907	35.3445446	32.366884	28.2950012	15.8613379	50.9724873	21.9195252	5.2476732	40.5981616
K05809	ribosome-associated inhibitor A	0	0	4.4099556	0	0	0	0.385396	0	0	0	0.0799863	0	7.08984	4.81892	31.4004	0	0.143814	0.0998142	0.142765	0	0	0	0.21371	0	0	0	0.179198	0	2.867933	0	0.0948548	0	2.31073	0.264088	0	0.912802	0	0	0	0	0	0.264487
K05810	conserved hypothetical protein	39.1242508	28.5587702	9.1356509	45.5005733	38.0235814	17.2918242	21.4012831	28.6966519	37.3124774	22.6693951	13.553038	2.4864064	26.945116	16.5544489	34.8885628	7.4185775	25.1752334	16.206586	22.7723944	40.6796588	41.749422	14.3575318	15.4076183	2.948237	9.7872245	23.393093	36.629141	15.2115667	7.8505195	13.3696129	45.9917588	23.3195953	31.2122889	13.0481031	31.8957237	11.4704317	38.7217651	40.9013705	81.9043831	91.5493593	51.4163218	25.0389613
K05811	putative lipoprotein	0	0	4.01836	0	0	0	0.53475	0	0	0.035128	0	0.16762	7.24629	5.10683	23.3401	0	0.7483	0	0	0.0509954	0	0	0.333596	0	0	0	0.279724	0.0677996	0	0	0	0	0	0.412235	0.0703223	2.03552	0	0	0	0	0	0.619287
K05812	conserved hypothetical protein	0	0	3.51931	0	0	0.0764225	0.793724	0.144528	0	0.0239471	1.11893	0.0303111	8.94393	7.34425	29.2226	0	0.821495	0.0469345	0	0	0	0.0197888	0.322044	0	0	0	0.376023	0.273421	2.23647	0.0672309	0.0829332	0.0464532	9.306529	1.077518	0	2.56905	0	0.128007	0	0	0	0.801652
K05813	sn-glycerol 3-phosphate transport system substrate-binding protein	0.52094	4.4003926	4.95833	7.2987274	4.7994052	18.3979243	17.002207	2.4653284	6.55797	1.2307493	1.917282	0.0564677	8.8258089	7.26329	29.89745	0.592669	7.125269	4.217715	6.94915	6.683714	6.472913	4.2357745	2.9605826	15.0225	4.727489	5.8004504	23.962456	0.5711309	1.29721	3.20824	3.68127082	7.050268	2.765545	0.966941	6.758141	2.802897	8.91813	4.1581664	4.19028	22.100487	3.180471	1.103607
K05814	sn-glycerol 3-phosphate transport system permease protein	0	0.600146	16.179797	0.191524	0	0.1860342	1.662787	0	0	0.3937151	1.50868	0.146269	2.94243	5.88896	18.9056	0	0.496198	2.7277194	2.688736	0.120975	0	37.7323817	70.1316785	0	0	0	0.4601353	0.316398	4.29164	0.1906958	0.4549605	0.3687763	11.3481302	2.375213	0	2.2503398	0	0.0833213	0	0.0413742	0	2.3342599
K05815	sn-glycerol 3-phosphate transport system permease protein	0.570269	0.28316	17.9445137	0.1832991	0.3023199	0.5923388	1.97718	0.278088	0	1.0911488	1.173534	0.026832	4.951436	7.7836245	15.794152	0.4189183	0.5389304	4.48071063	5.468764	0.8513054	0.1568196	40.0589798	78.6106675	0	0.385946	0.255004	0.367732	0.3754878	0.215969	0.0582835	0.8150485	0.4018929	4.939244	2.324055	1.278364	3.1058915	0.188243	0.3572857	0	0.101701	0.0550271	3.2216769
K05816	sn-glycerol 3-phosphate transport system ATP-binding protein [EC:3.6.3.20]	0.44478	0.530951	3.5758341	0.191769	0	0.6497951	3.743533	0.1342017	0	1.1805412	1.559702	0.0343597	12.184679	12.3731561	26.4567348	0.192254	0.7779669	1.9110409	5.02389	0.294334	0.0604942	0.3416878	1.2187527	0	0.171553	0.247621	0.3583215	0.5175039	2.93897	0.2080365	0.5103202	0.5146767	7.5809291	2.2081982	1.3038079	3.115468	0.179635	0.4057462	0.143849	0	0	4.088823
K05817	LysR family transcriptional regulator, hca operon transcriptional	0	0	1.85956	0	0	0	0.366153	0	0	0	0	0	3.60849	2.42852	13.8505	0	0.173896	0	0	0	0	0.0237586	0.0154811	0	0	0	0.069648	0	0	0	0	0	1.33477	0.228092	0	1.00237	0	0	0	0	0	0.49114
K05818	IclR family transcriptional regulator, mhp operon transcriptional	0	0	2.48805	0	0	0.0841222	0.399043	0	0	0	0	0	1.57881	2.2586	15.5294	0	0.313956	0	0	0	0	0.044016	0.0139822	0	0	0	0.0827783	0	0	0	0.0639802	0	2.17935	0.358386	0	0.573456	0	0	0	0	0	0.686729
K05819	MFS transporter, AAHS family, 3-hydroxyphenylpropionic acid	0	0	1.0673	0	0	0.0141653	0.162578	0	0	0	0	0.0142499	2.72378	3.70103	9.41892	0	0.1499827	0	0	0	0.095405	0.0994243	0.0262601	0	0	0	0.0902033	0.0305459	0	0	0	0	0.544754	0.813676	0	1.92763	0	0	0	0	0	0.54688
K05820	MFS transporter, PPP family, 3-phenylpropionic acid transporter	0.733861	0.778573	2.118695	5.372625	2.167	3.5079313	1.174068	3.67188	3.388609	0.00998549	0.817723	0.5325939	3.3108775	2.744048	11.6887483	0.3677513	1.412916	0.840832	0.362439	1.33673	1.99725	0.5922877	0.834098	2.593209	0.2375579	1.0110569	2.3943173	0.0601583	0	1.4035	0.1462044	1.04301	1.802326	0.2456662	0.420302	2.3567	0	0.2488516	1.803655	5.72537	0.637316	0.7028362
K05822	tetrahydrodipicolinate N-acetyltransferase [EC:2.3.1.89]	6.12619	6.91399	1.803579	29.841288	17.186	0.167216	0	3.07146	2.9038458	3.8857407	6.386578	2.29142	17.9396	4.08213	0.881395	3.062103	18.957	3.00126	1.58344	20.189	12.9923	12.431105	10.514668	0.0933251	0	9.63623	20.0452	7.3623	0.0979124	12.24493	74.443301	18.714888	6.9281535	3.64843	20.6833	7.969739	14.945	11.8469	38.123	16.826318	0	19.4817255
K05823	N-acetyldiaminopimelate deacetylase [EC:3.5.1.47]	0.309678	0.2119785	2.3673713	1.4903404	2.271503	0.9865814	7.6995497	0.448361	0.7064154	42.46925	30.723066	0.83252	1.44926	2.242867	1.172328	1.9313531	0.121971	2.1798881	5.102365	11.8287192	0.229399	1.8397305	2.6363301	24.968915	1.1626335	0.0585953	1.0212726	0.2589711	0.20623	3.3465376	20.2267564	2.4933614	0.7082774	2.2838248	7.1623688	2.7784359	0.2591375	0.0535637	0.0432112	0.4629033	1.9251771	10.9678566
K05825	2-aminoadipate transaminase [EC:2.6.1.-]	0	0.90826	0	0	0	0	0	2.29136	0.275855	0	0	0.1911411	1.299775	0	0	0.831064	0.541898	0	0	0	0	0.2617903	0.460952	0	0.0874617	0	0	0	0	2.29126	0.216359	0.19788	0	0	0	1.383639	0	0.0782018	0.304741	0.1610243	0	1.1099539
K05826	alpha-aminoadipate/glutamate carrier protein LysW	0	0	0	0	0	0	0	0	0	0	0	1.86836	1.86926	0	0	0	0.511339	0	0	0	0	0	2.27957	0	0	0	0	0	0	5.12635	0	0	0	0	0	0	0	0	0	0	0	0
K05827	[lysine-biosynthesis-protein LysW]---L-2-aminoadipate ligase [EC:6.3.2.43]	0	0	0	0	0	0	0	0.0638856	0	0	0	0.324421	0.735396	0	0	0	0.280125	0	0	0	0	0	0.642244	0	0	0	0	0	0	1.06148	0	0	0	0	0	0	0	0	0	0	0	0
K05828	LysW-gamma-L-alpha-aminoadipate/LysW-L-glutamate kinase [EC:2.7.2.-]	0	0	0	0.0581732	0	0	0	0.0667895	0	0	0	0.414974	0.651302	0	0	0	0.209184	0	0	0	0	0.051784	0.621701	0	0	0	0	0	0	0.978668	0	0	0	0	0	0	0	0	0	0	0	0
K05830	LysW-gamma-L-lysine/LysW-L-ornithine aminotransferase [EC:2.6.1.-]	0	0	0	0	0	0	0	0.060326	0	0	0	0.29587	0.689084	0	0	0	0.224929	0	0	0	0	0	0.681865	0	0	0	0	0	0	0.820827	0	0	0	0	0	0	0	0	0	0	0	0
K05831	LysW-gamma-L-lysine/LysW-L-ornithine carboxypeptidase	0	0	0	0	0	0	0	0.119138	0	0	0	0.350329	0.574852	0	0	0	0.269489	0	0	0	0	0	0.693112	0	0	0	0	0	0	0.935213	0	0	0	0	0	0	0	0	0	0	0	0
K05832	putative ABC transport system permease protein	76.7592312	54.1369842	24.0528332	31.4872414	46.6305795	43.344662	53.6091877	34.1598017	53.5240244	77.678186	48.182967	1.564858	18.4602703	32.3967595	3.0652728	2.9682099	14.1446455	33.6425562	45.1727722	81.930373	74.4313107	41.2929436	65.5335588	40.7961467	20.7218098	30.677068	56.8577228	11.5711399	4.60219	10.6405057	10.8864636	27.0378109	35.8650564	25.6031413	32.3983113	13.265528	63.3978547	74.5489173	93.3694271	165.3316651	133.7825968	20.8866679
K05833	putative ABC transport system ATP-binding protein	72.3702994	52.48539	5.6432372	49.2205279	42.647213	49.4270894	43.843809	18.3721251	25.3672602	22.46832	20.5193216	1.1210213	5.820298	15.1753856	1.9580441	4.1808124	13.1123553	24.3358744	33.6207156	74.0705618	57.497912	17.0544996	15.1019713	18.59904	26.6478108	30.149212	56.4694981	5.6700584	0	16.1795093	10.9786712	17.2600445	43.5757523	22.1019949	15.1179703	9.3426841	50.711872	62.4481786	95.7575202	148.0628662	114.7468737	15.4991752
K05834	homoserine/homoserine lactone efflux protein	0	0	2.13056	0	0	0.053447	0.366577	0.0748723	0	0	1.27163	0.214207	0	1.15341	6.62345	0	0.312666	0	0	0	0	0.0174972	0.121964	0	0	0	0.0547868	0	4.25092	0.0229598	0	0	5.249788	0.430615	0	0	0	0	0	0	0	0.592991
K05835	threonine efflux protein	0	0.364628	4.17619	0	0	0	0.993357	0	0	0.0281445	0	0	9.66816	11.5161	39.9153	0	0.543501	0	0	0	0	0	0.209082	0	0	0	0.127836	0.354113	0	0.117547	0.116001	0	9.68127	2.50519	0	2.71107	0	0	0	0	0	2.85208
K05836	GntR family transcriptional regulator, histidine utilization	0	0	0.377038	0	0	0.101976	2.584073	0	0	0	0	0	0	2.706367	0	0.287837	0.0198107	0	0	0	0	0	0.0569892	0	0	0	0.0702739	0	0	0	0.221328	0	12.8087884	0.27876	0.0241228	0	0	0	0	0	0	0.264487
K05837	rod shape determining protein RodA	1.8532942	3.838738	5.0102227	3.9122716	1.7904751	2.0665384	13.153676	5.262282	2.8109514	42.7637635	28.3249534	4.3586228	15.2560222	28.4895052	7.84092	21.7484011	2.9670053	6.1120069	6.1089975	11.1511212	2.6302762	5.7731251	3.0178067	23.83286	3.4924924	6.0768165	4.5599794	35.7001248	6.482237	7.9173999	4.8134776	4.3648438	15.6087576	9.648883	7.4725074	5.035312	3.5489913	5.0859235	2.1216908	1.6426753	7.0231021	14.069898
K05838	putative thioredoxin	0.0527768	0.165969	6.06506	0	0	0.0476096	0.256583	0.0812551	0	0.829639	4.870047	0	7.19471	3.10639	18.7588	0	0.365553	0.6016843	0.374254	0.3845	0	0	0.104763	0.0445713	0	0.0422286	0.156213	0.906963	3.03046	0.0457654	0.2071864	0.0176179	6.555501	0.4515986	0.036807	0.6968205	0	0	0	0	0	0.4665426
K05839	haemolysin expression modulating protein	0	0.0134508	2.60479	0	0	0.121611	0.476625	0.127771	0	0.0411986	0	0	2.70089	2.21436	12.4819	0.513234	0	0	0	0	0.01732906	0	0.0444604	0	0	0	0	0.13334403	0	0	0.27757591	0	0.432481	0	0	0.362853	0	0	0	0	0	0.270662
K05840	dopamine receptor D5	0	0	0	0	0	0	0	0	0	0	0	0	0	0	0	0.0768551	0	0	0	0	0	0	0	0	0	0	0	0	0	0	0	0	0	0	0	0	0	0	0	0	0	0
K05844	ribosomal protein S6 modification protein	0.060193	0.516984	6.3561962	0.254565	0.0589327	0.1572728	2.580462	0.040698	0.0399506	1.350468	5.255844	0	2.2433142	4.4753	8.134157	0.211632	0.355109	0.2948901	0.23185	0.3338844	0.170337	0.1158639	0.2576175	0.6534447	0	0	0.139119	0.9233034	1.72622	0.0152858	0.9365904	0.049059	14.1048672	1.6333586	0.338158	0.6924428	0	0.0221873	0.042325	0	0	1.7094506
K05845	osmoprotectant transport system substrate-binding protein	5.9629768	2.3980109	7.8313687	8.1453985	2.95111	0.359934	7.68291	0.887645	3.158685	29.4983541	22.3578668	0.560391	9.005173	5.1394541	15.734067	0.716275	2.7599581	1.732148	4.8575748	8.8027421	10.6498965	2.3145545	2.6269189	0.8137015	2.264192	0.7279186	2.7850192	2.34534	1.045551	0.8837513	2.8049861	1.7892985	14.596205	8.2540573	2.7017808	6.8957229	0.6706779	1.4867844	1.299515	5.1711172	11.2799254	7.893931
K05846	osmoprotectant transport system permease protein	8.5945148	3.4176152	9.066782	7.8519485	2.4224966	0.3623787	7.1522536	1.5812081	6.4487195	30.2804679	24.3161815	0.5707801	13.1313203	7.2845701	25.3679735	0.7572835	5.5404549	1.92396	2.2885448	10.55907587	19.9928172	2.5767985	2.05305883	1.8641994	2.264192	1.0687996	3.65746	4.2466553	0.994421	1.247927	3.8282766	2.3887303	20.431967	4.7112582	3.0313029	12.0679326	0.8015928	1.84510012	2.46557971	9.8845444	19.7664727	7.3935504
K05847	osmoprotectant transport system ATP-binding protein	2.125967	2.15215	2.2148047	2.4672391	0.1319015	0.0510413	0.0737531	0.54421	2.6806087	0.5035424	1.9597383	2.5076337	5.3047093	7.6056854	0.545276	2.1650265	2.380981	0.076577	0.1939627	1.258989	8.9583194	0.648867	2.4495863	0.3644531	0.0516947	0.5901488	1.413312	1.5396594	0	1.124258	60.2854116	8.6726103	6.799706	1.1918451	0.8777145	5.973506	0.292254	0.3877749	1.202019	5.06011	13.69619	14.9391258
K05849	solute carrier family 8 (sodium/calcium exchanger)	0	0	0	0	0	0	0	0	0	0	0	0	0	0	0	0.02796111	0	0	0	0	0	0	0	0	0	0	0	0	0	0	0	0	0	0	0	0	0	0	0	0	0	0
K05850	Ca2+ transporting ATPase, plasma membrane [EC:3.6.3.8]	0	0	0	0	0	0	0	0	0	0	0	0	0	0	0	0.102979	0	0	0	0	0	0	0	0	0	0	0	0	0	0	0	0	0	0	0	0	0	0	0	0	0	0
K05851	adenylate cyclase, class 1 [EC:4.6.1.1]	0	0.301675	0.983161	0	0	0.0667801	1.95758	0.00697065	0	0.247964	0.358208	0.00670138	0.111222	1.73866	1.39736	0.125265	0.0867526	0.010279	0	0	0	0.0409809	0.2795871	0.0254756	0	0	0.12938	0.217642	3.24291	0.00863662	0.478117	0.00961191	4.7412142	1.98541	0.089988	0.400351	0	0.0149033	0	0	0	1.79193
K05862	voltage-dependent anion channel protein 1	0	0	0	0	0	0	0	0	0	0	0	0.0804945	0	0	0	0.0437307	0	0	0	0	0	0	0	0	0	0	0	0	0	0	0	0	0	0	0	0	0	0	0	0	0	0
K05863	solute carrier family 25 (mitochondrial adenine nucleotide translocator), member 4/5/6/31	0	0	0	0	0	0	0	0	0	0	0	0	0	0	0	0.0438276	0	0	0	0	0	0	0	0	0	0	0	0	0	0	0	0	0	0	0	0	0	0	0	0	0	0
K05873	adenylate cyclase, class 2 [EC:4.6.1.1]	2.21653	0.747747	2.7239774	0.673662	0	0	0	2.756	3.544268	0.113333	1.34517	0.0660393	4.71187	1.2367514	0.4727325	0.348725	2.725858	0.211286	0.100734	1.61329	11.0626474	0.551294	0	0.115164	0	0.74347	0.690633	1.33917	0	3.596996	1.377851	0.6737064	0.247725	1.41875	0.0841815	4.638535	0	0.235107	3.4831121	6.0292353	9.88097	0
K05874	methyl-accepting chemotaxis protein I, serine sensor receptor	0	0	2.48637	0	0	0	0.310006	0	0	0.764006	0	0	0.352988	2.37564	3.45511	0	0.243052	0	0	0	0	0.0394789	0.081252	0	0	0	0.119229	0.137613	2.19188	0	0.0540954	0	5.824263	0.462983	0	0.561883	0	0	0	0	0	0.414733
K05875	methyl-accepting chemotaxis protein II, aspartate sensor receptor	0	0	1.02525	0	0	0.0123565	0.0909649	0	0	0	0.253064	0	4.22819	1.29684	7.09481	0	0.0913104	0.0091664	0	0	0	0.0156486	0	0	0	0	0.149577	0.0770218	0.590582	0	0.0108647	0	4.15572	0.194138	0	0.463645	0	0	0.0136757	0	0	0.265708
K05876	methyl-accepting chemotaxis protein III, ribose and galactose sensor receptor	0	0	1.25064	0	0	0.050651	0.159914	0	0	0	0	0	3.23346	1.01906	2.09873	0	0.223737	0	0	0	0	0	0	0	0	0	0.0188721	0	0	0	0	0	2.54611	0.402947	0	0.643693	0	0	0	0	0	0.385999
K05877	methyl-accepting chemotaxis protein IV, peptide sensor receptor	0	0.118278	1.20171	0	0	0	0.0691008	0	0	0	0	0	3.15848	0.765825	4.08283	0	0.153324	0	0	0	0	0	0.01272	0	0	0	0	0	0	0	0	0	3.09533	0.172807	0	0.413832	0	0	0	0	0	0.206849
K05878	dihydroxyacetone kinase, N-terminal domain [EC:2.7.1.-]	80.5329663	51.2499531	14.7894156	9.9045802	11.9120683	0.5951488	5.66699	3.9183622	11.5408589	10.4744346	6.225744	0.742082	6.890766	4.1886643	11.1709109	0.525347	1.00844	7.4348994	6.293868	73.6738674	58.9181633	6.5047242	9.6169343	0.2073677	2.066007	22.344428	39.909644	4.08314	3.405088	5.749336	2.1742099	7.67061	14.460524	8.393578	5.342699	1.0263627	43.5954279	63.2960511	40.015868	134.283816	101.682694	1.1149425
K05879	dihydroxyacetone kinase, C-terminal domain [EC:2.7.1.-]	41.5269897	28.6713	4.089938	6.872803	13.370164	0.3851993	7.256309	4.2072793	7.128861	33.44974	25.6116687	0.4842778	7.2407542	4.92532	21.881237	0.878674	0.8616303	6.95897	11.163812	47.95331	31.22244	6.2232887	9.0469119	0.628192	0.3627268	12.0821816	24.510704	2.4634486	2.175696	4.0737918	2.003952	5.0944059	9.7013566	5.619016	5.544674	0.865681	23.8937081	33.124983	21.2173	72.4143881	53.5953197	5.4875396
K05880	transcriptional activator for dhaKLM operon	0	0	2.37356	0	0	0.0608207	0.235565	0.012583	0	0.0111811	0.121471	0	2.99847	1.69288	10.5886	0	0.249603	0	0	0	0	0.0159565	0.0153116	0	0	0	0.0731378	0.0200871	0.232542	0.0127503	0.0668807	0	4.4971449	0.195754	0	0.631815	0	0	0	0	0	0.272542
K05881	PTS hybrid protein	0	0.133754	16.71817	0.235237	1.769912	0.0284296	10.872714	0	0.615239	34.1896	27.964711	0	3.12231	4.76314	13.143955	0.594531	1.38217	4.58644	3.362048	8.49638	0.3488709	0.1376743	0.3050818	0.38367	0.812662	0	0.668577	0.284367	1.02252	0.457215	24.1530971	2.815015	5.526262	2.1701086	2.11436	2.119599	0.114613	0.234252	0	0.194976	0.83246	10.23776
K05884	L-2-hydroxycarboxylate dehydrogenase (NAD+) [EC:1.1.1.337]	0	0	0.339626	0.554648	0	0	0	1.66928	0	0	0	0	0	0	0	0.040288	0.60527	0	0	0	0	0	0	0	0.078588	0	0	0	0	3.00258	0.0559131	0	0.0446471	0.0518809	0	0	0	0.0449287	2.00802	0	0.0484288	0.0519505
K05887	quinate/shikimate dehydrogenase [EC:1.1.1.282]	0	0	3.55826	0	0	0.0468127	0.459679	0	0	0.0203804	0.385541	0	7.595817	3.938664	29.60918	0.128869	0.597413	0	0	0	0	0.0138585	0.013845	0	0	0	0.2373089	0.162833	0.788113	0	0.193276	0.0355688	8.4463	1.491594	0.0624255	2.987321	0	0	0	0	0	0.720055
K05895	precorrin-6A/cobalt-precorrin-6A reductase [EC:1.3.1.54 1.3.1.106]	7.571974	3.428159	6.9129737	0.1944217	0.68029	1.6301536	7.746085	9.8194843	9.93591	5.411933	18.900037	0.5689152	7.786581	8.828598	3.7236198	2.0322518	16.816604	3.022709	4.72162	10.29421	36.3362703	0.399286	1.418585	7.6825219	0.0375792	3.024922	1.295513	2.993913	0.362251	6.0039247	10.983826	19.882202	9.835661	25.31216	4.166605	4.5962537	4.172754	4.879691	7.0990156	8.702153	15.50733	9.22647
K05896	segregation and condensation protein A	34.3197379	24.2156603	14.7062762	11.8270436	20.3784992	20.4039957	21.4119347	11.142147	13.3004381	67.9100235999999	53.202985	13.0360334	7.9027309	6.7777029	2.0240858	8.1000282	7.0241995	16.5713345	16.306824	48.3084399	29.8919199	40.329414	63.4300755	31.9797522	19.966775	14.922385	26.2259148	4.259971	25.82075	13.3252563	26.286714	13.7810476	20.7761188	20.4628246	17.8330066	12.5594929	24.9437999	31.3444576	46.526876	60.509123	55.4879049	24.4863302
K05906	prenylcysteine oxidase / farnesylcysteine lyase [EC:1.8.3.5 1.8.3.6]	0	0	0	0	0	0	0	0	0	0	0	0	0	0	0	0.0482715	0	0	0	0	0	0	0	0	0	0	0	0	0	0	0	0	0	0	0	0	0	0	0	0	0	0
K05910	NADH peroxidase	0	0	0	0.802759	0	0.196778	0	0	0	0	0	0.936528	0	0	0	0	0	0	2.52276	0.137715	0	0.2205727	0.329908	0	0	0	0	0	0	3.28447	0.111868	0	0	0	0	0.0555826	0	0	0	0	0	0
K05916	nitric oxide dioxygenase [EC:1.14.12.17]	0	0.318444	2.253111	0.0225829	0	0.0725463	0.672223	0.0581964	0.0574096	0.2937534	0.86804	0.01827	3.40919	2.5033	10.4063999	0	0.4516153	0.036909	0	0.0584093	0	0.0869091	0.209005	0	0	0	0.238273	0.0227007	0.991821	0	0.2534705	0	22.272581	1.5579366	0.0716952	1.212932	0	0.0134917	0.0166405	0	0	1.51223
K05919	superoxide reductase	50.229455	33.9906679	3.947467	20.9051606	22.8157	17.2947	15.5952	4.65172	11.162516	9.482049	6.65898	0.474446	6.656023	4.038099	0.675829	1.761159	3.990084	5.343678	5.0550306	43.795801	45.603435	4.677233	7.6016751	0.679682	5.512122	12.662929	20.68894	4.9298322	0	5.422121	2.694864	5.1142952	16.6424101	13.985796	3.3827073	6.705041	28.5023298	37.929954	58.294724	99.20016	85.405541	0.4234386
K05934	precorrin-3B C17-methyltransferase [EC:2.1.1.131]	1.8157581	1.1914787	7.4155161	2.3343787	6.1071005	2.8987221	14.061697	18.660139	24.4615268	12.49307	0.683014	0	7.878482	3.8503894	0.3287059	1.573187	2.498139	11.740229	20.165755	1.9352823	7.114108	1.2865489	0.7876892	1.0679704	0.267058	3.63503	0.4682944	4.5076753	0	4.5827779	2.844551	7.9009882	4.8493107	2.215916	9.5616666	0.3472182	12.6455742	7.1052967	2.758949	12.9937383	8.006658	6.096866
K05936	precorrin-4/cobalt-precorrin-4 C11-methyltransferase [EC:2.1.1.133 2.1.1.271]	3.680347	2.993861	5.4295418	1.051214	1.0191	1.5805495	4.5944455	5.729295	3.244041	2.971015	3.8877471	0.183081	1.0083845	2.5925821	0.4001449	2.4870056	2.1641226	6.375861	7.485331	3.2408691	1.621269	2.508494	2.0604602	8.036014	0.395898	3.2278671	0.7225281	0.8977832	0	3.770141	2.383285	1.322954	18.098784	5.0515478	2.8834767	1.623181	3.5672775	4.9411629	3.2965438	2.587255	4.6575209	11.4207904
K05937	hypothetical protein	0	0	0	0	0	0	0	0.0531097	0	0	0	0	0	0	0	0	0	0	0	0	0	0	0	0.0788363	0	0	0	0	0	0	0	0	0	0	0	0	0	0	0	0	0	0
K05939	acyl-[acyl-carrier-protein]-phospholipid O-acyltransferase / long-chain-fatty-acid--[acyl-carrier-protein] ligase [EC:2.3.1.40 6.2.1.20]	0	0.337274	3.352596	0	0	0.2357152	2.640197	0.0110358	0	0.0899594	0.0428714	0.0165494	3.06055	4.24419	6.48517	0.145352	0.2879125	0.0137145	0	0	0	0.1074892	0.1780973	0	0	0	0.1588606	0.0384681	0.1093296	0.032491	0.4689313	0.0141833	5.4842655	1.840553	0.108549	1.2598	0	0.0159935	0	0	0	1.9208489
K05942	NO_NAME	3.196218	0.960465	5.76263	2.3559776	6.41748	2.95334	12.28514	19.724194	26.23935	11.613136	3.620659	0	7.07787	3.228145	0.3521858	1.1368045	4.50815	14.51183	21.44937	5.111084	5.64004	1.5881288	0.2985828	2.0275567	2.452264	9.749143	1.5186676	5.160802	0	3.845398	2.013735	9.3860194	2.376271	1.3140205	10.1129042	0.484217	25.412166	7.4666894	1.497097	11.88763	7.860358	12.0540346
K05946	N-acetylglucosaminyldiphosphoundecaprenol	4.857427	2.016687	5.6208021	3.2784463	1.243059	2.285598	8.2675634	9.5159113	11.41952	19.7859445	31.28614	0.0828338	5.3209659	10.936517	4.3738875	5.2341498	21.4405026	7.098953	7.191409	14.886318	39.1914	0.95979	2.3723096	2.3578509	0.6317952	3.0088091	2.3355129	2.3752322	2.78602	4.6303718	12.7000483	24.4995486	10.9288451	25.5971425	8.4250702	26.1327366	0.720083	0.135352	5.8250476	6.825476	13.2354251	8.6503983
K05952	hypothetical protein	0.0405426	0.1238682	2.952313	0	0	0	0	0.041783	0	2.237106	6.27797	0	0	0	0	0	0	1.25172	0.67138	0.122632	0	0	0	0.077771	0	0.0402272	0	1.317099	0	0.0591502	0	0	1.4732279	0	0	0	0	0	0	0	0	0.156733
K05964	holo-ACP synthase [EC:2.7.7.61]	0	0.224849	4.86211	0	0	0.0626208	1.274957	0	0	0	1.52814	0.811665	3.330679	3.31511	13.6585146	0	0.828376	0	2.27179	0.0519442	0	0.062579	1.151888	0	0.0417143	0	0.235365	0.248936	4.239717	1.33628	0.1112897	0	5.1718758	0.733512	0.521099	2.856786	0	0.0874075	0	0	0	1.0007168
K05966	triphosphoribosyl-dephospho-CoA synthase [EC:2.4.2.52]	0	0.297725	8.0337	0.0502643	0.294748	0.2572561	1.158459	1.4145589	0.0643523	1.644948	1.2101182	0.766136	3.296083	3.5531768	12.35885	1.404742	1.805102	0.0468763	2.7868673	0	0	0.0953888	2.5200246	0	0	0	0.1385579	0.3898814	3.92355	3.9991099	0.7205276	0.0325386	8.285608	0.8808497	0.105914	3.3845255	0	0.266638	1.86488	0	0	1.4897191
K05967	hypothetical protein	33.4742	22.663	0.5034714	10.1912	13.5152	10.0243	9.41339	2.4094	5.08719	5.72201	3.95858	0	0.369066	2.03862	0.108969	0	0.4349104	3.0744	4.45734	28.9714	20.3835	2.37048	3.44909	0.28088	2.56275	5.18415	1.81647	1.13954	0	2.5982	0.471328	3.11525	12.154469	8.0104914	1.95199	0	18.7047	26.5717	37.1814	57.61566	47.9379392	0
K05970	sialate O-acetylesterase	4.639995	47.0807878	9.811559	0.0686732	0	0.5407976	3.5416303	3.2939607	0.8853708	4.6345613	3.232301	25.861633	12.471809	0.931664	0.192425	38.2363217	2.8489427	8.2881944	1.3039984	6.8510651	1.5048972	23.479531	46.5406511	1.3107878	3.2165213	25.1888926	9.8082903	46.7169663	67.6374264	9.4765668	9.2229217	5.860477	4.565744	5.1534013	0.3038292	0.825715	5.2494539	3.459442	0.9467507	0.2064276	0.0611931	4.263866
K05979	2-phosphosulfolactate phosphatase [EC:3.1.3.71]	0	0	0.611031	0	0	0	0	5.084812	0.1255625	0	0	0.469461	0.822606	0.200063	0	3.4683	2.001665	0	0	0	0	1.36159	0.624857	0	0	1.08722	0	0	0	6.318409	0.4184003	0.2522372	0	0	3.3751	0	0.448089	3.17915	9.72112	0.967167	0	0
K05982	deoxyribonuclease V	0	0.17316	7.4702	0	0	0.280408	2.205081	0	0	0.0425321	0.31583	0.0226012	5.66566	4.60194	20.5872	0.474889	0.493706	0.041996	0	0.0200501	0	0.0229613	0.127571	0	0	0	0.0485235	0.30354	1.55028	0.0595079	0.819895	0	5.67033	1.3389566	0.480536	2.15835	0	0	0	0	0.0450465	1.5632
K05984	excinuclease Cho	0	0	2.6992	0	0	0.03594	0.289656	0.0825849	0	0	0.457808	0	4.92967	2.08184	8.06529	0	0.311792	0	0	0	0	0.0195771	0	0	0	0	0.169845	0	1.40849	0	0	0	3.48844	0.274824	0	1.09692	0	0	0	0	0	0.321112
K05985	ribonuclease M5	3.521509	2.6010796	3.3737694	1.4854359	1.297571	2.1258561	8.0386324	3.31233	1.900394	3.0378207	4.8815565	0.876361	1.5475495	0.3723757	0.3500559	1.0485294	0.6978758	3.6522261	7.2244353	1.9997868	0.1820365	2.4011979	4.834643	13.4252708	0.858389	11.2410098	1.3175107	0.6242777	4.9893026	5.4231526	20.4259093	3.1686835	12.98554	4.0032155	2.1991843	2.5299983	3.7895038	10.2851809	0.4487847	1.3581126	2.27398	15.0605121
K05988	NO_NAME	0.0466944	0.265083	0	0	0	0	0.0908485	0	0	0.79796	0.1918161	1.110936	0.3364572	0	0	5.4676953	0	0.218562	0	0.428708	0.12258	0.468612	0.210037	3.39846	0.699693	0.3589543	0.0475222	3.736312	4.42387	2.149378	0	0.130463	0.129468	0.140069	0.323119	0	0	0.537282	0.0957652	0.0538607	0	0.411718
K05989	alpha-L-rhamnosidase	5.569305	2.8765757	2.012143	5.59333	17.361655	30.2433098	18.644293	6.1743281	5.12359	2.476694	3.5116694	6.97346	8.1163277	10.1743165	0.5680947	17.475111	3.688393	14.011687	6.4582711	22.8524863	3.9606805	5.9863622	10.522368	8.906505	6.0422456	12.3917346	5.6761379	13.627958	7.8864273	7.917336	20.57763	9.3531068	15.9862055	10.5905873	9.9317429	5.099124	33.424031	15.4160703	12.6796253	2.4336868	32.100543	7.763289
K05994	bacterial leucyl aminopeptidase	0	0	0	0	0	0	0	0	0	0	0	0	0	0	0	0	0	0	0	0	0	0	0	0	0	0	0	0	0	0	0	0	0.58245	0	0	0	0	0	0	0	0	0
K05995	dipeptidase E	2.0073511	4.8667834	4.08763	2.92486	7.99199	1.51353	3.464313	17.1807879	15.3788	0.8327871	5.6663	1.490466	7.86924	9.88335	31.269445	3.960468	5.203579	0	0.7994038	2.495251	6.47109	6.3139078	0.2826665	0	0	5.76174	3.614972	0.6716716	1.5323573	5.5947988	5.2106993	1.767527	4.1616332	1.921466	4.98937	2.336836	2.791775	5.2608553	8.861918	3.8640503	0	7.1024479
K05997	Fe-S cluster assembly protein SufA	0	0	1.19683	0.0829619	0	0.0397059	0.112627	0.0805133	0	0	0.806437	0.053045	2.33091	3.82905	9.17637	0	0.252167	0.237913	0	0	0	0	0.187362	0	0	0	0.157105	0	4.47844	0	0	0	4.78192	0.231529	0	1.21945	0	0	0	0	0	0.491726
K06001	tryptophan synthase beta chain [EC:4.2.1.20]	4.7113579	4.4085987	0.151105	1.3218526	0.0961679	0.3374591	1.5976678	4.6877625	1.368901	9.025512	1.773002	37.5997048	10.6389964	0.125239	0.104267	25.1461893	1.5162567	3.469976	1.98214	2.133795	0.5351655	7.5797102	2.7382957	1.6002493	6.6121989	5.729713	1.5388509	22.9663368	58.5842	8.1062318	1.292327	2.9444797	5.5976644	2.4826051	0.2762972	0.5605262	0.4168432	4.7269652	0.6967838	0.7581231	1.4424934	3.0122496
K06006	periplasmic protein CpxP	0	0.489287	4.5477	0	0	0.119533	0.837613	0.150704	0	0.283273	1.430769	0	5.37066	7.5625	20.45673	0	0.956961	0.148442	0	0	0	0.0762889	0.1434125	0	0	0	0.449856	0.215951	4.058884	0	0.216811	0	13.20195	2.65356	0	1.860104	0	0.175188	0	0	0	1.889624
K06012	spore protease	45.6922301	25.476769	14.1348669	15.584021	15.8760082	18.254006	21.418842	20.5467913	17.978754	15.853772	38.638156	0.958775	8.953435	20.6278933	6.8024167	6.1165575	21.477886	10.982699	46.774847	37.87124	53.7405461	9.259137	5.1326637	22.2825491	2.8763953	15.0686332	7.5809772	4.291968	0	12.689058	12.330255	22.967195	22.8148622	32.9932333	13.3515882	7.0815066	21.8391023	28.5701585	45.2554079	68.6687903	54.6434731	12.3703839
K06013	STE24 endopeptidase [EC:3.4.24.84]	0.154238	0.171936	0	0	0	0	0	0	0	0.0773516	0	2.07907	0.256878	0	0	0	0	0	0	0	0	0.379233	0.0892005	0	0	0	0	0	0	0.133731	0	0.8788414	0.144923	0	0	0	0	0	0	0	0	0
K06015	NO_NAME	0.127391	0.232924	0.149317	0	0	0	0	0.0802136	0	0	0.865086	0.368573	0.9877933	0.10021	0	0	0.456779	0.0955457	0.546521	0.0644229	0	0.37608	1.216844	0	0	0	0	0	0	1.17537	0	0	0	0	0.0654089	0	0.088655	0	0.0457684	0	0	0
K06016	beta-ureidopropionase / N-carbamoyl-L-amino-acid hydrolase [EC:3.5.1.6 3.5.1.87]	40.4534292	28.285354	0.9890193	13.2759	17.3216	15.6226	12.834	5.7107622	6.286419	7.6388387	6.901923	0.473846	2.528582	8.50638	0.625333	0	0.721545	5.0198225	7.0669714	36.8096	29.1255722	3.923385	6.4754012	1.08856	11.9557	7.1631468	2.9291707	2.644167	0	5.7582459	0.917852	4.069291	15.5645679	11.7105	3.667121	0.151539	23.6822717	32.9496715	48.9417	69.2150326	64.546595	1.335152
K06019	pyrophosphatase PpaX [EC:3.6.1.1]	0.101357	0.2353705	0.0597905	0.630099	0.2215855	0	0	0	0.223162	0	0.0390442	0.083409	0.208997	0.102889	0	0.307987	0.428118	0	0	0	0.141168	0.152578	0.0651306	0.157913	0.0730777	0.202094	0.511995	0.169499	0	0	0.2131351	0	0.230873	0.117373	0	0.237477	0	0	0	1.2934095	0	0
K06023	HPr kinase/phosphorylase	10.8605176	10.4445038	21.2634988	74.8250603	32.3743935	45.866689	50.719058	29.6893164	33.6677836	21.4442621	34.0776626	4.9896417	21.2248094	24.1494212	8.456043	6.9910297	43.4991939	35.2710263	26.2520299	49.9962902	91.63386	44.1688023	69.3351888	65.5752876	42.0712658	22.391642	73.0682253	8.235478	1.5850682	21.685509	24.6259932	46.6198608	29.8127405	53.991949	31.5708712	35.6693836	17.28236	12.767073	19.0215849	35.8226051	43.5899622	22.8268903
K06024	segregation and condensation protein B	19.8409045	9.8640387	22.3755996	28.9442979	26.5024758	21.6231524	27.1507555	29.9309167	31.7189804	39.9150161	26.6539463	5.5495476	38.8061495	8.4417144	1.9855851	9.7265958	24.7578606	15.1414921	23.3519104	27.1879089	18.9363193	55.3331269	81.7039252	53.005877	1.4011565	13.2924666	22.3285321	13.9232216	0.341801	19.0772333	71.3872925	29.4656285	11.3767331	8.1961646	36.9046184	18.5922962	37.2272411	22.7494901	41.6484019	29.8261663	15.4181073	40.4277495
K06034	sulfopyruvate decarboxylase subunit alpha [EC:4.1.1.79]	0	0	0.243537	0	0	0	0	1.8158	0.0703398	0	0	0	0	0	0	0	0.573697	0	0	0	0	0	0	0	0	0	0	0	0	2.55067	0	0	0	0	0	0	0	0	2.48687	0	0	0
K06039	uncharacterized protein involved in oxidation of intracellular	0	0.332558	6.753239	0	0	0.2878034	2.911883	0	0	0.732047	0	0	0	7.53135	24.0174	0.694375	0.586535	0	0	0	0	0.0837682	0.2219476	0	0	0	0.182789	0.163517	0	0	1.205214	0	4.34942	1.926449	0.212001	0.654558	0	0	0	0	0	1.713971
K06041	arabinose-5-phosphate isomerase [EC:5.3.1.13]	0.8433734	1.020027	4.6783689	0	0	0.4573664	3.6461028	0.8001877	0.462516	3.298965	4.959413	1.0706883	6.7960525	3.274369	4.9021447	6.1772385	1.3430891	1.5253163	0.602019	0.8509722	0.689949	2.375747	2.298934	0.9685514	1.3343	4.118388	1.504047	27.096646	8.6178599	3.5997605	0.5229709	2.0768884	22.800232	7.2652423	0.525749	0.707806	2.972167	1.1439088	0.3528747	0.154948	0.0463266	1.531331
K06042	precorrin-8X/cobalt-precorrin-8 methylmutase [EC:5.4.99.61 5.4.99.60]	1.3541208	1.611142	3.0874544	5.393185	1.66066	4.902309	3.8510761	3.3375341	3.688035	2.3553489	3.286722	0.562936	1.3328812	1.404889	0.3285001	2.192683	3.4699923	2.2068238	2.2886362	2.9486626	3.4587312	2.576404	1.551326	2.3792189	0.3426893	1.3748347	3.171021	0.4266602	0	2.4618593	2.4555171	1.934047	3.0316304	0.3045737	2.0786185	2.1088416	0.1876587	0.4058424	3.1984159	6.14074	2.54348	0.2091171
K06044	(1->4)-alpha-D-glucan 1-alpha-D-glucosylmutase [EC:5.4.99.15]	0	0	0.0387517	0	0	0	0.0673642	0	0	0.699667	0	0	0	0	0	0	0	0	0	0	0	0	0.0396062	0.0555526	0	0	0	0	0	0	0	0	0	0	0	0	0	0	0	0	0	0.10949
K06048	carboxylate-amine ligase	0	0.34514	6.033503	0	0	0.2889811	2.0115982	0.0636878	0	0.1396658	1.052768	0	5.84496	2.8207	21.6945984	0.6353794	0.494308	0.0230345	0	0.0925887	0	0.0228242	0.1160357	0.256055	0	0	0.152326	0.0937287	0.633551	0.0142638	0.7410027	0	12.18546	0.5966659	0.406107	0.524003	0	0	0	0	0.0763142	0.8703747
K06056	pre T-cell antigen receptor alpha	0	0	0	0	0	0	0	0	0	0	0	0	0	0	0	0.0204351	0	0	0	0	0	0	0	0	0	0	0	0	0	0	0	0	0	0	0	0	0	0	0	0	0	0
K06058	deltex [EC:2.3.2.27]	0	0	0	0	0	0	0	0	0	0	0	0	0	0	0	0.111498	0	0	0	0	0	0	0	0	0	0	0	0	0	0	0	0	0	0	0	0	0	0	0	0	0	0
K06061	mastermind	0	0	0	0	0	0	0	0	0	0	0	0	0	0	0	0.1375331	0	0	0	0	0	0	0	0	0	0	0	0	0	0	0	0	0	0	0	0	0	0	0	0	0	0
K06072	deoxyhypusine monooxygenase	0	0	0	0	0	0	0	0	0	0	0	0	0	0	0	0.0773829	0	0	0	0	0	0	0	0	0	0	0	0	0	0	0	0	0	0	0	0	0	0	0	0	0	0
K06073	vitamin B12 transport system permease protein	0	0.445964	3.4512992	0	0	0.263538	1.8752798	0	0	0.3128291	0.674542	0	2.37912	3.307177	8.924582	0.253858	0.2289825	0	0	0	0	0	0	0	0	0	0.1278	0	0.58747	0	0.6370788	0	5.8707208	1.367142	0.17568	0.472014	0	0.0228515	0	0	0	1.208717
K06074	vitamin B12 transport system ATP-binding protein [EC:3.6.3.33]	0	0.256103	1.59128	0	0	0.0779711	1.025416	0.0881621	0	0.589293	0.140776	0	3.90279	2.29186	13.5089	0	0.368164	0	0	0	0	0	0.0410323	0	0	0	0.114687	0.0304547	0.860405	0	0.0998514	0.0142045	3.84231	0.47888	0	0.20864	0	0.0266246	0	0	0	0.619407
K06075	MarR family transcriptional regulator, transcriptional regulator for	0	0	13.248615	0	0	0.3472425	2.5061372	1.1999965	0.0900653	0.0613525	3.686672	0.0885014	22.36523	15.2039	84.7875	0.786669	1.0260626	0.152348	0	0	0	0.949373	0.61497	0.035235	0	0.327605	0.689127	2.696881	8.96306	0.0647539	1.471653	0.0099736	22.0425847	0.976682	0.443432	7.06205	0	0.0924679	0	0	0	2.143836
K06076	long-chain fatty acid transport protein	0.622024	1.7749597	4.278542	0.378169	0	0.3898196	2.5498568	0.3210916	0.121354	3.3452047	3.6841707	2.8445418	5.1449454	1.2745161	1.58023	9.343977	1.097336	0.9141726	0.053856	0.746351	0.544407	1.7982575	1.973294	0.6991642	1.19215	3.57986	1.2832491	23.2440892	6.9400928	3.230117	0.5003886	1.0326629	14.175468	4.6523944	0.4280058	0.40642	2.8015	1.362827	0.159	0.1347032	0.0450708	0.6331901
K06077	outer membrane lipoprotein SlyB	0	0.341092	2.33141	0	0	0	0.669375	0.0554479	0	0	0.115305	0	3.82202	3.55017	16.7616	0	0.376268	0	0	0	0	0	0.1534184	0	0	0	0.135244	0.157346	0.2977056	0	0.143177	0	18.27175	0.9530408	0	1.7058622	0	0	0	0	0	1.064603
K06078	murein lipoprotein lipoprotein	0	0.519479	9.98502	0	0	0.2893514	3.842	0.101336	0	0.892332	1.1473908	0	13.87698	13.36676	53.01813	0.712333	1.586914	0.199628	0	0	0	0	0.377308	0	0	0	0.4943401	0.670982	5.131958	0.318187	1.316267	0	22.47537	3.49814	0.596527	6.140419	0	0.100971	0	0	0	3.43908
K06079	copper homeostasis protein (lipoprotein)	0	0	3.3180744	0	0	0.5352953	3.218137	0.5334223	0.204172	2.08395	2.894237	0.512682	9.002805	3.226882	13.400499	5.51061	1.64754	0.435473	0.0732775	0.736651	0.742696	0.8446335	1.610989	1.06952	0.99339	3.25496	0.8632324	22.0421	0.935648	2.169166	0.1235618	0.50153	5.28898	5.780084	0	0.609929	3.4739	1.29564	0.135348	0	0	0.241386
K06080	RcsF protein	0	0.389915	3.566	0	0	0.162648	0.894979	0	0	0.0805764	1.2045	0	4.63918	6.40599	27.226	0	0.577512	0.136217	0	0	0	0	0.128729	0	0	0	0.371046	0.29433	2.73579	0.144744	0.17855	0	11.5254	1.91386	0	1.73458	0	0	0	0	0	1.93335
K06087	claudin	0	0	0	0	0	0	0	0	0	0	0	0	0	0	0	0.9245652	0	0	0	0	0	0	0	0	0	0	0	0	0	0	0	0	0	0	0	0	0	0	0	0	0	0
K06093	partitioning defective protein 6	0	0	0	0	0	0	0	0	0	0	0	0	0	0	0	0.05587878	0	0	0	0	0	0	0	0	0	0	0	0	0	0	0	0	0	0	0	0	0	0	0	0	0	0
K06109	Ras-related protein Rab-13	0	0	0	0	0	0	0	0	0	0	0	0.0235761	0	0	0	0.0271776	0	0	0	0	0	0	0	0	0	0	0	0	0	0	0	0	0	0	0	0	0	0	0	0	0	0
K06113	arabinan endo-1,5-alpha-L-arabinosidase	0.196498	0.427067	0.110129	0	0	0	0.119156	1.574755	0.8083442	0.1393226	0	21.75045	0.7707773	0.120917	0	6.68273	0.0555803	3.2334766	2.2699225	0.0815744	0.0822437	2.140624	0.525292	1.0345753	0.104566	0.749648	0	17.3872631	58.8012	3.1384959	0	0.9541388	0.195354	0.1203	0.240536	0.344762	0.0726714	0.784129	0.0702361	0.2342541	0.624604	0.8579409
K06117	glycerol 3-phosphatase 2 [EC:3.1.3.21]	0	0	1.148795	2.98075	9.0293584	23.0279	9.984129	0.0782064	0	0.131137	0.683126	1.19012	3.48711	0.0968993	0.0229902	0.212236	0.315209	1.0607	0.179597	16.6817	0.0693756	1.91175	7.31648	0.0829577	0	0.474782	1.23721	0	0	0	16.3129402	6.0027042	12.0378	0.7610746	0.888662	0.4239497	27.4463	11.1611	10.926	0.420667	16.736	1.83571
K06120	glycerol dehydratase large subunit [EC:4.2.1.30]	0	0	0	0	0	0	0	0	0	0	0	0	0	0	0	0	0	0	0	0	0	0	0	0	0	0	0	0	0	0	0	0	0.0408911	0	0	0	0	0	0	0	0	0
K06121	glycerol dehydratase medium subunit [EC:4.2.1.30]	0	0	0	0	0	0	0	0	0	0	0	0	0	0	0	0.0224134	0.0435331	0	0	0	0	0	0	0	0	0	0	0	0	0	0.0809428	0	0.1892421	0	0	0	0	0	0	0	0	0
K06122	glycerol dehydratase small subunit [EC:4.2.1.30]	0	0	1.89932	0	0	0	0	0	0	0	0	0	0	0	0	0.22454	0.566919	0	0	0	0	0	0	0	0	0	0	0	0	0	0.230951	0	0	0.0222654	0.250714	0	0	0.0469757	0	0	0	0.122661
K06124	phosphoethanolamine/phosphocholine phosphatase [EC:3.1.3.75]	0	0	0	0	0	0	0	0	0	0	0	0	0	0	0	0.0411833	0	0	0	0	0	0	0	0	0	0	0	0	0	0	0	0	0	0	0	0	0	0	0	0	0	0
K06128	lysophospholipase I [EC:3.1.1.5]	0	0	0	0	0	0	0	0	0	0	0	0.039288	0	0	0	0	0	0	0	0	0	0	0	0	0	0	0	0	0	0	0	0	0	0	0	0	0	0	0	0	0	0
K06131	cardiolipin synthase A/B [EC:2.7.8.-]	48.0115404	36.1369902	23.2513378	42.3915849	35.956899	48.9626196	51.0062146	26.9234943	33.970934	67.6274701	60.3571671	21.9604559	22.6417994	22.3475215	20.9152417	15.6141897	25.9698161	23.4859719	52.4066102	62.7870636	61.8148258	54.85536	65.6043094	56.8105638	24.6815655	45.8925153	58.4436924	6.5185952	28.5269	17.1830717	16.0558788	22.56452776	41.1680941	24.2111629	39.4649611	50.8580999	45.2712835	51.3325582	63.241074	105.9767003	79.8993968	29.3742626
K06132	cardiolipin synthase C [EC:2.7.8.-]	0	0.142857	1.50903	0	0	0.0320928	0.136187	0	0	0.0110322	0.0658015	0.0449643	3.1567949	2.01782	11.5378	0	0.243479	0	0	0.0866068	0	0.1986954	0.3180003	0	0	0	0.0900121	0	0.447939	0.0140518	0	0	10.00322	0.209542	0	0.413344	0	0	0.0659236	0.0787322	0	0.433666
K06133	4'-phosphopantetheinyl transferase [EC:2.7.8.-]	6.9068422	3.8015446	8.7073119	5.405058	2.4118319	5.9268178	14.022867	12.964771	11.444552	5.0833379	25.4616216	3.8259066	12.5011919	18.580607	32.4405017	7.4688574	25.023128	1.8796389	1.2288858	14.540076	49.9834404	3.3735703	3.117538	2.8409708	0.333658	11.163622	20.92049	2.0749598	0.684884	8.2518344	27.2460542	31.3886311	11.8809545	32.7389481	9.2315647	8.9913811	0.77155	1.9581275	16.0748591	12.8556354	10.695604	2.2590203
K06134	ubiquinone biosynthesis monooxygenase Coq7 [EC:1.14.13.-]	0	0	0	0	0	0	0	0	0	0	0	0	0	0	0	0	0	0	0	0	0	0	0	0	0	0	0	0	0	0	0	0	11.2009	0	0	0	0	0	0	0	0	0
K06135	pyrroloquinoline quinone biosynthesis protein A	0	0	0	0	0	0	0	0	0	0	0	0	0	0	0	0	0	0	0	0	0	0	0	0	0	0	0	0	0	0	0	0	0.279712	0	0	0	0	0	0	0	0	0
K06136	pyrroloquinoline quinone biosynthesis protein B	0	0	0	0	0	0	0	0	0	0	0	0	0	0	0	0	0	0	0	0	0	0	0	0	0	0	0	0	0	0	0	0	22.3499	0	0	0	0	0	0	0	0	0
K06137	pyrroloquinoline-quinone synthase	0	0	0	0	0	0	0	0	0	0	0	0	0	0	0	0	0	0	0	0	0	0	0	0	0	0	0	0	0	0	0	0	16.57124	0	0	0	0	0	0	0	0	0
K06138	pyrroloquinoline quinone biosynthesis protein D	0	0	1.74157	0	0	0.130096	1.4659	0	0	0	0	0	0	0	0	1.3726	0.142699	0	0	0	0	0	0	0	0	0	0	0	0	0	0.0705896	0	11.9522	0.0655103	0.87167	0	0	0	0	0	0	0
K06139	pyrroloquinoline quinone biosynthesis protein E	0	0	0	0	0	0	0	0	0	0	0	0	0	0	0	0	0	0	0	0	0	0	0	0	0	0	0	0	0	0	0	0	10.76761	0	0	0	0	0	0	0	0	0
K06140	regulator of nucleoside diphosphate kinase	0	0.484847	4.04565	0	0	0.0643003	0.787528	0	0	0	0.617825	0	5.02924	5.59387	16.4258	0	0.387912	0	0	0	0	0.163685	0.188654	0	0	0	0.263648	0.191709	2.27196	0	0.209335	0	14.040226	1.5218	0	2.7499	0	0	0	0	0	2.39964
K06141	MFS transporter, TsgA protein	0	0.204725	4.00979	0	0	0.28395661	3.2898003	0.0854284	0	0.1258014	0.520841	0	3.5881	5.29725	13.3944	0.247346	0.2110055	0.0344143	0	0	0	0.0365277	0.2478514	0	0	0	0.183366	0.0969692	1.08835	0.0149629	0.422314	0.0350377	7.89229	2.200887	0.174993	1.39094	0	0.0602851	0	0	0	2.056232
K06142	outer membrane protein	5.991676	3.672936	9.70237	1.1413083	0	1.488143	5.6388349	3.819343	0.5783994	9.3419158	8.434251	81.7909712	25.5074123	9.402991	33.556457	46.1485804	3.4696168	2.323351	0.475733	1.8043121	1.380849	13.412088	5.8240259	1.1379926	7.356539	10.416877	2.2838844	53.0295803	191.229622	11.638841	3.0380329	6.6365705	25.9751005	7.6049889	6.149922	2.30995	4.8094627	8.7472057	8.8711904	2.0372592	0.1879013	3.5063069
K06143	inner membrane protein	0.462393	1.197003	3.25571	0	0	0.2092562	1.0945914	0.164738	0	6.4240592	0.3156746	5.5040147	10.602301	5.77814	22.519798	5.5649605	0.4361045	0.435132	0	0.574567	0.301926	1.7811082	0.3415058	0	1.03358	0.950761	0.607544	8.72671	5.083274	1.036393	0	1.550263	6.674351	1.8178174	0.132136	1.42215	0	2.4658008	0.127922	0	0	1.1008914
K06144	universal stress protein B	0	0.437368	7.32771	0.0165442	0	0.2412718	3.31524	0.142197	0	0.292167	1.073365	0	4.269152	6.662922	20.29641	0.761573	0.494844	0	0	0	0	0	0.176483	0	0	0	0.2312235	0.179341	4.27577	0	0.73436	0	8.32819	2.771506	0.604545	1.256327	0	0.0138867	0.0295814	0	0	2.684685
K06145	LacI family transcriptional regulator, gluconate utilization system	0	0.259014	6.94591	0	0	0.247966	4.116461	0	0	0.524783	0.0519026	0.0193161	2.10708	6.05023	30.0544	1.177354	0.2711871	0.0186361	0	0	0	0.0188958	0.34052	0.0163016	0	0	0.183359	0.248795	3.58836	0.083507	1.08713	0	5.3306	2.241187	0.500984	0.512969	0	0.0355019	0	0	0	2.15094
K06146	LacI family transcriptional regulator, gluconate utilization system	0	0	0	0	0	0	0.154945	0	0	0.0436711	0.560752	0	0	0	0	0	0	0.0178739	0	0	0	0	0.0349457	0	0	0	0	0	2.41581	0	0.0429025	0	0	0.189123	0	0	0	0.0724277	0	0	0	0.4486
K06147	ATP-binding cassette, subfamily B, bacterial	239.4970691	253.3390878	106.4378485	338.5045409	376.1736427	218.5261636	222.6943712	205.9730631	169.0782616	172.7115061	203.8049818	78.2439652	204.9833242	115.2766085	33.3878509	140.1902156	252.5926821	147.6095743	158.1024745	314.4350101	319.8546453	285.8610043	330.9542883	183.4384635	144.4377867	292.3799235	343.9252893	93.770518	102.7722756	197.0630544	338.2592867	226.7954589	201.2431348	260.4228676	210.7125914	161.4200617	228.3409747	210.1354043	389.6022162	317.9332296	269.7776798	213.1165085
K06148	ATP-binding cassette, subfamily C, bacterial	0.1693256	0.449477	6.3448196	0.119191	0.0412867	0	0	0.0839639	0	2.78312	14.035814	0	0	0	0.1452401	1.184973	0.0759703	1.189989	1.005891	0.591198	0	0	0	0.1930101	0	0	0	2.072842	2.1417012	0.517651	1.2557733	0.0353035	0.0737591	0.053656	1.1740742	0.18483	0	0	0	0	0.0349403	0.5000994
K06149	universal stress protein A	0	0.544447	10.43089	0.0228573	0.02540106	0.320497	4.486524	0.185604	0	0.911147	0.78134	0	9.2967509	9.61034	30.7061	0.676293	0.999129	0.3745778	0.480021	0	0	0.1902549	0.325458	0.031512	0	0	0.2347377	0.386116	4.448629	0	1.0987511	0	8.1375303	2.618336	0.51057	2.9566535	0	0.123291	0	0	0	3.267887
K06153	undecaprenyl-diphosphatase [EC:3.6.1.27]	49.3052663	57.43532736	23.7521453	34.1724435	86.4031948	58.3243053	52.5519428	40.2422746	27.1104074	66.8129462	64.6628032	44.3675701	40.02036098	30.1871755	40.5579398	44.5476903	32.9322464	22.1235258	20.8752035	74.2229302	61.8955482	33.7553063	55.9447473	35.9652393	13.7170619	40.111828	45.3500707	52.3383399	79.9845726	34.2590688	44.13504	48.40732436	60.8840779	49.7120142	27.1785409	17.1025906	55.3158522	55.0838966	74.3171176	75.7994389	67.2271712	25.1578823
K06155	Gnt-I system high-affinity gluconate transporter	0	0	2.97186	0	0	0.0137047	1.39244	0.0940167	0	0.230689	0.361892	0.0163137	3.7083	2.15301	13.8402	0	0.355	0	0	0	0.0146537	0.0130477	0.16877	0	0	0	0.214056	0.240307	0.98636	0	0.323003	0.0145563	10.2015	2.13464	0.0201673	1.17282	0	0.0465015	0	0	0	1.56433
K06156	Gnt-I system low-affinity gluconate transporter	0.0522178	0.65919	5.281207	0.0286434	0	0.351641	4.37016	0.0478691	0	0.880313	0.893607	0	5.17047	5.55915	16.997	0.31964	0.326757	0.2212516	1.04112	0.0528092	0.199547	0.932342	0.225535	0.0206764	0	0.0172729	0.194112	0.3115564	0.55646	0.0199321	0.762432	0.0167726	6.58862	2.03921	0.607248	0.882911	0.085676	0.0776459	0.0350559	0	0	2.4033559
K06157	Gnt-II system L-idonate transporter	0	0	0	0	0	0.0860634	0.295141	0.0979579	0	0.0611861	1.22728	0	0	0	0	0	0.0786675	0.0519546	0	0	0	0	0.112225	0	0	0	0.117628	0	2.97534	0	0	0	0	0	0	0	0	0.0750808	0	0	0	0.745086
K06158	ATP-binding cassette, sub-family F, member 3	7.6369921	6.2096647	13.0729758	2.9750959	5.0461448	11.2631787	18.3410282	10.74665195	13.2747637	16.8348131	17.297049	13.41465702	22.3414411	11.1326464	12.560912	15.8493853	11.327655	9.3473607	9.5843387	15.239181	21.4259203	10.14525852	5.2237619	4.9226231	16.2884981	10.2383615	17.2447623	4.7423578	2.400564	11.8241776	8.8609158	11.3159234	21.1574123	11.0306205	13.0805022	12.6276917	5.312443	10.4396677	16.7253799	17.5375429	20.5765207	14.5897993
K06159	putative ATP-binding cassette transporter	0	0	0.330846	0	0	0.0104667	0.56161	0	0	0.481046	0.514888	0	0.317655	0.0864635	0.645449	0	0.0196306	0	0	0	0	0	0.0628419	0	0	0	0.0355714	0.0197908	0.530004	0	0.147673	0	3.9709	0.300138	0	0.194698	0	0	0	0	0	0.327462
K06162	alpha-D-ribose 1-methylphosphonate 5-triphosphate diphosphatase [EC:3.6.1.63]	3.30277	0.912118	2.95701	5.82255	0.795473	0.39850391	0.6303448	0	0.107342	0.3504006	0.12069	0.514611	4.236539	5.936602	21.9326	0.168425	0.266428	0.0646439	0.0616404	1.53135	1.27822	1.0913198	1.5050855	0.2302377	2.28552	0.301887	1.6403328	0.772545	0.548176	0.305292	0.2641237	0.168788	7.71438	2.7828003	0	0.0984335	1.09494	0.6918609	1.13836	0.831039	1.22591	0.6696138
K06163	alpha-D-ribose 1-methylphosphonate 5-phosphate C-P lyase [EC:4.7.1.1]	0	0.0227609	0	0.654712	0.0664911	0.0184878	0.02022819	0.0101724	0.0675922	0.0120466	0.0704026	0.0875795	0.189906	0	0.677135	0.138333	0	0	0	0	0	0	0.0961693	0	0	0.154728	0.5252955	0.0218875	0.952219	0.108134	0.0109793	0	0.98335	0.2441433	0	0	0	0	0	0	0	0.263662
K06164	alpha-D-ribose 1-methylphosphonate 5-triphosphate synthase subunit PhnI [EC:2.7.8.37]	1.41207	0.2866	1.525	2.49581	0.366728	0.119219	1.466314	0.0578112	0	0.00895753	0.2189867	0.2119	0.105498	6.08569	0	0.179945	0.163189	0.0949053	0	0.36405	0.296454	0.333438	0.6719346	0.210602	1.79769	0	0.546774	0.372898	4.344752	0.1109818	0.2276818	0	9.2588767	1.9602014	0	0	0.775736	0.758439	0.268582	0.156932	0.990274	0.554989
K06165	alpha-D-ribose 1-methylphosphonate 5-triphosphate synthase subunit PhnH [EC:2.7.8.37]	0.487231	0.351206	2.06587	0	0	0.0964504	0.28351	0.101336	0	0.0230185	2.36539	0	0	2.6335978	0	0	0.131756	0.13974	0	0	0	0	0.094327	0	0	0.0270275	0.237283	0	5.148	0.212125	0	0	9.085581	0.382227	0	0	0	0.141359	0	0	0	0.175109
K06166	alpha-D-ribose 1-methylphosphonate 5-triphosphate synthase subunit PhnG [EC:2.7.8.37]	3.82259	0.860851	2.595113	6.81107	0.955301	0.513746	1.2063832	0.0448098	0	0.878413	0.2605779	0.571948	2.038081	7.11089	57.7486	0	0.156532	0.0590737	0.197151	1.37672	0.974494	1.07531	1.276536	0.322988	3.05451	0.51967	2.01872	0.956833	1.331395	0	0.247784	0.144574	21.2499	3.123837	0.0440186	1.58061	1.49114	0.627461	0.187277	0.507335	1.47688	0.37963
K06167	phosphoribosyl 1,2-cyclic phosphate phosphodiesterase [EC:3.1.4.55]	0.851395	0.473468	2.3118	0.192607	0	0	0.4880626	0.2432059	0.0961311	1.3397758	0.574115	10.323274	7.912627	0.543591	0	0.491849	0.2446934	0.336516	0	0	0.0429361	2.7865	4.4200932	0	0.125689	0.808376	0.362045	0.164322	4.67375	1.2866085	0.115633	0.971536	8.6663232	4.2993368	0	0.479633	0.7205813	9.76434	0.867077	0.0575716	0.111534	0.4449778
K06168	bifunctional enzyme involved in thiolation and methylation of tRNA	24.878873	39.9792503	14.2378707	36.6787049	90.754237	47.7605321	27.2111123	18.557226	15.0745134	19.8171678	18.3836493	67.6074999	54.81398	8.4720503	6.4396856	45.9509333	8.5864798	13.6532493	6.57749	33.0575614	6.8325818	53.281157	78.202491	4.5375186	10.8135953	46.1063157	33.8171144	48.7046924	71.4449322	19.569433	30.3666436	19.6586741	50.949154	20.909242	12.118371	6.386878	40.5276616	47.6137232	24.3288534	8.1177814	30.5100866	19.967956
K06169	tRNA-(ms[2]io[6]A)-hydroxylase	0	0	0	0	0	0	0	0	0	0	0	0	0	0	0	0	0	0	0	0	0	0	0	0	0	0	0	0	0	0	0	0	11.4125	0	0	0	0	0	0	0	0	0
K06173	tRNA pseudouridine synthase A	25.0670698	9.9959165	30.7664637	8.4319562	13.8407068	31.5350979	50.1083645	52.1678358	44.9670868	91.6117534	101.3626279	69.2370912	46.3453052	33.9286129	17.1086454	31.0163665	46.7518392	23.7317603	62.8216844	40.7117027	62.9202662	24.598034	17.2999837	47.5596974	9.9166413	19.3267174	8.1121244	42.3185673	102.4250568	29.2078093	53.9387485	63.0936638	50.1236179	72.0157165	41.1531533	21.183481	37.3923268	53.7029863	28.7487513	20.9540356	16.6328908	38.0818993
K06174	ATP-binding cassette, sub-family E, member 1	0	0	0.285024	0	0	0	0	6.34291	0.1911998	0	0	0	0	0	0	0.0080648	5.491945	0	0	0	0	0	0	0	0	0	0	0	0	7.82266	0	0	0	0	0	0	0	0	8.95687	3.51711	0	0
K06175	tRNA pseudouridine synthase C	0	0	2.42599	0	0	0.144432	3.37497	0	0	0.0530715	0	0	6.55382	6.58421	23.3265	0.535315	0.167773	0.00968287	0	0	0	0.00759359	0.102027	0	0	0	0.0956443	0	0	0	0.399762	0	0.522745	0.603936	0.254796	0.527369	0	0	0	0	0	0.832683
K06176	tRNA pseudouridine synthase D	0.0350549	0.638938	16.516264	0	0	0.3534454	4.042165	1.9488408	0.0785813	1.1393511	6.8998467	0	5.922316	9.13315	22.44954	0.688589	1.753982	0.6548001	0.550127	0.150689	0	0.0607969	0.1090566	0.0486037	0	0	0.477862	1.311783	4.407683	2.3842658	0.9076169	0	21.6957574	1.479979	0.304922	2.424444	0	0.0394634	1.91699	0	0	1.6733104
K06177	ribosomal large subunit pseudouridine synthase A	0	0.2533273	5.88141	0	0	0.2468	4.422815	0.0691467	0	1.2500797	2.174499	0.9683291	10.8914936	9.15413	22.2724	4.8730949	0.7762822	0.4087339	0	0.2852502	0.0694548	0.4842518	0.5490163	0.0354725	0.57005	0.2999971	0.5128764	3.233052	7.6799	2.011128	4.3237277	1.0810419	13.2906476	2.074597	0.2137693	2.041839	0.119944	0.4781836	0.0978833	0	0	3.4965188
K06178	ribosomal large subunit pseudouridine synthase B	9.6862288	4.0494639	6.3104771	2.9654754	2.7321028	15.4429476	14.8213333	5.6435101	1.15234	13.772598	7.44556	3.4312241	10.5182281	27.179253	23.995477	2.8397088	2.4235417	1.8919599	3.4855681	4.38391	0.1205221	3.1764716	5.6074729	1.0357242	0.4718254	8.9567654	2.6442312	3.0254002	1.174583	3.2097018	3.3955351	5.0038475	17.3989501	2.0976804	1.4291034	10.6122284	8.3189259	3.010753	0.757235	0.1478003	0.834602	8.081161
K06179	ribosomal large subunit pseudouridine synthase C	0.7091115	2.146618	1.1661438	4.8049593	1.83746	2.25163554	1.509971	5.87211179	2.461275	0.5256398	1.627714	0.97538	3.385822	3.438866	2.4129743	1.039231	1.7913761	2.43652617	2.633708	1.1421487	1.9699858	0.966368	1.4864022	2.5851433	0.3728681	1.2999943	1.94150946	0.751762	3.720063	3.5326594	1.0074886	0.786564	18.8500147	1.4700282	0.6152657	2.198646	0.1831721	0.176216	1.313468	5.3309738	1.050772	2.1493266
K06180	ribosomal large subunit pseudouridine synthase D	104.8960072	73.329976	39.9607663	84.7335021	64.5819482	82.7361927	82.9627773	44.2636476	45.5903356	67.4471915	63.9950705	16.6350419	41.6873294	57.6247052	7.2660164	23.9456532	56.9213706	32.3207789	35.8891848	111.8384599	123.093114	75.9829472	116.2975553	25.0938465	26.5530253	42.8528672	61.9320188	36.1506382	17.891279	31.4358334	74.8830142	69.3941395	87.7523942	66.8782329	42.509374	47.8712751	83.8742544	89.42202	148.7983579	173.9090518	148.7192701	46.0216481
K06181	ribosomal large subunit pseudouridine synthase E	0	0.0841614	4.71792	0	0.0528992	0.0665967	0.26151	0.1070504	0	0.623005	3.271035	0	9.14766	3.21311	11.1169	0	0.512535	0.485131	0.47801	0.250871	0	0.0119523	0.164824	0	0	0.0527931	0.2255886	0.6488292	0.982766	0.1216657	0.0728245	0.420619	20.6582813	0.369914	0	1.5662449	0	0.0522884	0	0	0.0706173	0.673368
K06182	ribosomal large subunit pseudouridine synthase F	1.108718	1.005136	2.969924	5.557817	1.88043	3.455507	3.7553631	4.2939031	3.831191	0.3396964	1.889626	0.354345	3.7922852	5.264318	12.0455182	0.670732	3.301785	3.556976	3.633027	2.411526	2.306517	1.385351	1.327449	3.3308323	0.598076	1.753684	2.8954847	0.404731	0.677237	2.148841	1.13264	1.538553	3.74217	1.7106063	1.582904	2.3467258	0.0548914	0.06075	2.83568	5.528582	1.882485	0.951353
K06183	ribosomal small subunit pseudouridine synthase A	8.2252791	4.5001885	14.4783084	5.3058872	8.92086	4.8175547	13.5820765	22.447917	32.419789	62.0922745	45.0513663	3.1044057	18.472107	9.194845	15.4007788	2.715345	7.689214	15.5593774	25.1593524	19.0502069	18.8089261	1.998857	1.9703623	32.79528	0.5464255	7.0396188	4.685499	7.2572829	8.99745	4.4093825	6.1960164	10.446277	27.3784432	9.2910211	20.02617	16.3804602	17.6828362	13.1006829	5.113276	24.5121581	24.4434197	26.7255279
K06186	small protein A	0	0.370828	6.65712	0.0254491	0	0.21852	3.253102	0.2762354	0	1.35967	2.079648	0	9.45312	11.31784	40.6451	0.599441	1.629888	0.135685	0	0	0	0.0294127	0.260074	0	0	0	0.627195	0.304039	4.06948	0	0.971957	0.0391815	26.34672	2.719791	0.0901005	3.56796	0	0	0.0316433	0	0	3.69912
K06187	recombination protein RecR	34.7519929	69.1293765	52.6169285	60.6349103	153.155799	84.1799895	52.3241336	42.3413377	36.980278	74.4116444	60.750248	46.0949293	73.5031595	21.3899272	26.3935052	43.9222672	40.6826631	28.9763657	20.1693236	97.4852712	37.8258896	92.0482149	164.0370252	39.78866797	24.1039446	60.6892562	81.6346229	43.5735122	73.3650231	37.10906	151.5621786	53.9295834	78.7755638	26.4769877	66.2743851	41.4630154	89.379413	55.9507279	88.4367115	31.7773779	44.0026224	71.9812883
K06188	aquaporin Z	2.1846884	23.6179831	6.2828798	3.4807069	25.8889309	0.0116304	0.195757	6.28128	5.8851126	0.60872636	4.479659	0.1960681	6.050425	2.0333922	9.12257	0.127615	0.8216634	3.436093	1.627378	2.4060322	0.363901	7.3612928	18.3926325	0.1419757	0.184076	11.763572	10.6558891	0.3636455	0	0.5897067	4.8652915	2.4219694	23.723053	0.54895	3.928908	2.48203	0.140563	0.100161	2.9610201	0.8860053	0.5362446	1.4247371
K06189	magnesium and cobalt transporter	0	0.384372	4.48915	0.0168847	0	0.189563	2.65037	0.0483743	0	0.127791	1.259645	0	7.48026	5.26304	15.5618	0.242888	0.328267	0.0833839	0	0	0	0.0468826	0.243256	0	0	0	0.0943926	0.308865	2.54552	0.075946	0.32477	0	19.893125	1.88677	0.166111	0.927291	0	0.06025	0	0	0	1.75406
K06190	intracellular septation protein	0.0348933	0	4.3695951	0	0	0.236595	2.2768	0.067817	0	0.067708	0	0.0344575	3.13719	4.81014	19.5192	0.590219	0.330403	0	0	0	0	0	0.116904	0	0	0	0.110276	0.0227735	0.715559	0	0.560373	0	15.172648	1.4518051	0.354857	0.920158	0	0	0	0	0	1.454
K06191	glutaredoxin-like protein NrdH	0.5000994	1.0341087	9.8873571	11.2573935	76.7191016	31.818545	17.0008974	0.490641	0.47146	46.9116061	35.088337	1.1885795	22.7708634	48.65258	44.5763165	0.7754915	1.7010341	3.873026	2.2267793	33.377344	0.322469	6.2398475	19.8070009	24.1865686	1.1908974	11.3173	19.8947712	0.537635	1.203784	0.9216448	20.9219285	8.8259565	25.0285948	4.1394019	11.1743928	13.231227	28.767913	12.8629	13.3772364	0.466549	23.0931656	12.3607872
K06192	paraquat-inducible protein B	0	0.339491	1.48022	0.344669	0	0.0153297	0.188728	0	0	0	0.139051	0	2.02618	1.73639	7.53159	0.767501	0.197539	0	0	0	0	0.3148238	0.1862075	0	0	0	0.103935	0	0.276056	0.146467	0.133422	0	6.041128	0.306066	0.0422449	0.766834	0	0	0	0	0	0.36897
K06193	PhnA protein	0.054229	0.1444226	9.128711	0.365652	0.461423	0.61551	1.3364528	0.612532	0.266419	34.745637	20.3446036	0	7.81515	6.5476	33.7163183	2.1468132	1.232396	1.215404	2.136868	4.2555901	0	0.4621488	0.6546727	23.42913914	0.185696	0	0.5611764	0.7149881	5.324352	0.2088046	2.033767	0.5553529	5.126215	2.3025957	5.7815151	8.379785	1.49879	4.6119	0.334562	0.4842951	0.798547	6.40953
K06194	lipoprotein NlpD	0	0	0.771472	0	0	0.0423797	0.157792	0.115768	0	0	0.814406	0	0	0	0	0	0.176644	0.0614009	0	0	0	0.0148692	0.116051	0	0	0	0.0521304	0.0264321	2.83278	0	0	0	9.192573	0.170724	0	0.244468	0	0	0	0	0	0.367611
K06195	ApaG protein	0	0.436089	8.605508	0	0	0.331231	3.606043	0	0	0	0.63989	0	5.65055	7.96733	23.8193	0.854264	0.847745	0	0	0	0	0.187376	0.1799664	0	0	0	0.075452	0.365761	2.20303	0	0.9185937	0	14.2155779	1.964446	0.531119	1.72037	0	0	0	0	0	1.48484
K06196	cytochrome c-type biogenesis protein	0.112118	0	0.4847277	0.675217	0.182125	0	0.0589375	0.0631986	0.0712082	5.1969062	3.012197	0.048439	0.113371	0	0.0257243	0.5761672	0	0.2385076	0.103875	2.0120673	0	0.1399758	0.101314	0.0928234	0	0.146705	0.276098	0.3386294	2.04858	0.997198	0.3654918	0.2010291	0.179568	0.215618	0.5592966	2.54257	0.1404295	0	0.0700501	0.110067	0.8196268	0.39012
K06197	cation transport regulator	0	0.0504969	3.05098	0	0	0	1.421047	0	0	0.0567992	0	0	1.50049	2.0959	3.95773	0	0	0	0	0	0	0	0.226024	0	0	0	0.106192	0.332159	0	0	0	0	5.83596	0.625987	0	0.412129	0	0	0.0512657	0	0	0.104489
K06198	competence protein CoiA	0.189199	0	1.199016	0.724316	1.8798194	0.859378	0.345112	0.5014865	0.792451	42.0036777	30.1026562	1.7239	1.41047	2.657353	1.0446351	0.8937034	0.0632584	2.491817	2.743271	12.3930844	0.310832	0.095792	0.6590956	20.687758	0.9514561	0	1.4291462	0.2538093	0	0.5599354	1.4815132	0.621208	6.295015	2.0331228	6.9091705	18.1670651	0.2175844	0.3745506	0.101343	0	1.800309	12.72328
K06199	CrcB protein	21.2901723	9.803703	20.5983375	12.6489075	11.7173168	47.746048	23.7918161	12.4541351	10.3507528	9.3395285	14.349555	39.1999263	31.559336	8.9291181	43.1862768	31.328389	6.15719	4.3077403	3.0565676	23.2877625	13.9214716	8.6319041	15.0835565	12.5606195	2.922042	8.4131607	11.664767	32.6122402	74.211672	14.3166511	69.1280255	17.9479382	60.5920984	8.954872	3.5166075	18.3525692	31.3359474	15.994749	17.0625289	7.7458026	28.7620353	39.0226885
K06200	carbon starvation protein	15.2027816	10.1071836	8.8904562	4.3807389	9.663943	18.85202	23.8277371	13.3417167	15.7118316	8.3744849	21.2005033	0.104729	6.870408	16.6089882	30.3346775	4.3955926	21.0982891	20.294698	13.568357	27.2476959	46.629251	6.6313602	4.5480885	4.7245565	29.0381336	11.452871	20.2334254	4.63820902	0.611334	10.3507371	16.78589323	28.8650755	32.0614753	31.1658261	14.6859333	8.7326014	12.9354777	18.2604196	27.5853371	31.9646663	43.6530615	13.0920484
K06201	copper homeostasis protein	46.270155	29.662027	10.4865949	15.6093381	18.740956	19.7719239	28.589866	11.5002677	15.2083	16.7028211	29.966171	29.572773	13.3399442	16.363239	10.246534	20.5343181	22.775159	5.669832	5.9680459	49.613688	73.0248712	9.8009532	8.3152752	2.9186608	15.3007784	17.729406	23.5634815	40.766816	67.0501067	16.1266498	16.9551818	30.6148892	34.5243825	44.0240274	10.8241285	10.4126086	29.6138076	42.0759498	64.385069	79.9039039	77.6328741	7.446971
K06202	CyaY protein	0	0.581452	7.046293	0.0622586	0	0.3434985	3.7983753	0.225561	0	0.0573997	3.8587	0	0	7.197753	21.43325	0.724831	0.915027	0.152348	0	0	0	0.299802	0.3130471	0.063945	0	0	0.452712	0.585217	7.20256	0.215846	1.437799	0	31.1793	2.983733	0.657575	2.4347518	0	0.256855	0	0	0	2.870696
K06203	CysZ protein	0	0.4304849	0.0282967	0.01532	0	0.0179592	0.1413711	0	0	0.1428736	0.966109	0	0	0.332877	0	0	0.0518054	0	0	0	0	0.0200487	0.0876404	0	0	0.015953	0.0822997	0.0293474	2.22283	0	0.064419	0	11.62617	0.1979155	0	0.286369	0	0	0	0	0	0.182527
K06204	DnaK suppressor protein	0.2192693	0.697859	6.486901	0.8093018	0.0329883	0.271481	3.922809	0.07721389	0	1.3917155	3.3669541	0.393211	2.883692	6.124335	11.1880804	2.058012	0.324182	0.603044	0.546274	0.163451	0.0142911	0.817528	0.5086886	0.0468526	0	0.0630294	0.196767	1.2859873	2.23423	0.1094828	1.345543	0.119732	4.8039968	2.189928	0.4477221	1.807285	0	0.158263	0.0794438	0.228459	0	1.714843
K06205	MioC protein	0	0	3.89721	0	0	0	0.251687	0	0	0	1.88049	0	6.47663	5.65902	36.6016	0	0.313064	0	0	0	0	0	0.0837393	0	0	0	0.497367	0.822589	2.44414	0.0941575	0.0232002	0	18.430079	0.344932	0	2.49801	0	0.149395	0	0	0	0.748481
K06206	sugar fermentation stimulation protein A	3.4933434	2.882855	20.086851	20.823787	11.88372	14.5833106	26.80674	13.7157382	6.4799455	14.488739	9.5029786	0.3992283	9.748096	25.9051279	9.43474	2.5571259	20.556724	18.884354	24.717311	19.2512947	46.797425	5.531769	1.3835724	7.5412481	11.8300529	10.176702	30.77597	10.6467769	4.06135	12.5290861	8.3510585	27.7264991	24.833296	14.0847835	28.918646	14.8305126	18.485067	11.0929788	13.0377744	38.85119	18.0556403	12.1081884
K06207	GTP-binding protein	46.7260438	40.8696958	20.4821443	123.5141174	64.842681	54.627065	51.0293059	38.7271816	44.8204505	20.6030779	33.986278	3.7399711	43.3398474	36.2119631	18.304308	7.6510244	58.0914327	29.2751642	29.7559186	91.2302999	93.3359524	37.9718629	35.8472835	45.0375339	43.339965	46.5712422	114.25492	16.3090366	3.7098854	27.174718	85.4135413	55.372569	45.0347052	43.892967	56.9229414	39.378445	59.9837904	55.7464781	98.3630251	105.7289142	72.396299	38.3351898
K06208	chorismate mutase [EC:5.4.99.5]	0	0	0	0	0	0	0	0	0	0	0	0	0	0	0	0.112071	0	0	0	0	0	0	0	0.0846331	0	0	0	0	0	0	0	0	0	0	0	0	0	0	0	0	0.0727674	0.0829764
K06209	chorismate mutase [EC:5.4.99.5]	4.683754	3.631888	3.8595439	9.0754848	7.8624708	13.7191307	8.33759	12.6524	16.1850677	2.7311027	5.3912235	1.611795	7.6332793	3.6619429	0.2235856	3.4118613	10.2880154	12.0640745	10.897021	10.255876	13.8247894	9.0714186	6.138855	10.2767976	17.9883601	21.257341	16.4003703	3.4195683	2.18139	7.6488312	4.945982	9.3703304	6.8547793	6.9979269	9.6064124	7.627292	5.4808069	9.176037	15.652623	12.8551275	10.575283	14.3539446
K06210	nicotinamide mononucleotide adenylyltransferase [EC:2.7.7.1 2.7.7.18]	0	0	0	0	0	0	0	0	0	0	0	0	0	0	0	0.0249917	0	0	0	0	0	0	0	0	0	0	0	0	0	0	0	0	0	0	0	0	0	0	0	0	0	0
K06211	HTH-type transcriptional regulator, transcriptional repressor of NAD biosynthesis genes [EC:2.7.7.1 2.7.1.22]	0	0.367233	2.57232	0.0112742	0	0.185954	3.45154	0.012312	0	0.799009	0.311969	0.0228416	3.32935	4.89081	13.2187	0.138971	0.373943	0	0	0	0	0.0183209	0.245014	0	0	0	0.139344	0.0197512	3.72325	0.0426013	0.965285	0	6.35666	2.14897	0.0798675	1.09425	0	0.0486673	0	0	0	1.91951
K06212	formate transporter	0.0317949	0.357695	4.66668	0.261903	0	0.751839	2.6604638	0	0	0.983886	4.3018104	0	2.08289	4.63983	12.2051	0.652418	0.182002	0.566605	0.481553	0.285863	0	0.08775011	0.104319	0.02324807	0	0	0.035553	0.9918915	0	0.0137477	0.600065	0.1099252	4.3525245	1.84438	0.1783581	0.954795	0	0	0	0	0	1.8165
K06213	magnesium transporter	8.704944	2.6577778	8.9994467	7.0729053	9.6133	10.038623	24.272457	26.207596	32.5390961	23.6279033	25.943689	2.16966	11.848627	13.8754418	4.3269299	14.325283	18.324754	14.979763	23.42401	11.5263905	33.0847079	3.6003461	3.2875417	3.668268	2.2330465	8.0687659	3.8359753	18.848967	0.0527173	11.8909153	11.9480356	30.8055034	15.058132	25.1729617	15.5537787	3.5777806	16.6800611	7.913317	6.8078	20.824673	10.0885532	6.953525
K06214	curli production assembly/transport component CsgG	0	0.38323	5.1594394	0	0	0.0927667	0.639534	0	0	0.1234523	0.310967	0	5.40178	4.20027	20.0483	0	0.182491	0.0184888	0	0	0	0.0298624	0.0697079	0.040458	0	0	0.182223	0.109728	3.8043	0.0156101	0.159755	0	11.90128	1.306277	0	0.1097057	0	0	0	0	0	1.416882
K06215	pyridoxal 5'-phosphate synthase pdxS subunit [EC:4.3.3.6]	20.6799703	45.6713954	21.5789303	23.0269943	101.6671668	55.357548	23.3971176	21.9128722	14.2199081	1.7952117	2.2476928	3.63487	30.033164	0.8534751	0.3124854	3.479141	5.0439216	15.7362771	7.4018602	34.9003346	1.308994	69.1063718	132.2644169	1.7192468	4.1234071	32.961153	34.524732	4.5003518	3.355694	8.6191958	36.1065241	14.0144896	25.1180771	3.94744	11.668097	3.904473	44.8306813	17.1524524	18.495835	5.3959446	32.739521	17.5139536
K06216	putative ribose uptake protein	0	0	0	1.268768	0.2183825	0.318365	0	0.0719691	0	0	0	3.370443	0	0.6315613	0.0520785	0.0425128	0	0	0.16236	0	0	0.138933	1.653807	0	0.164473	0	0.1381384	0	0	4.1737336	0.9562674	0.0459173	6.784768	0	0.101761	3.94322	0	0	0	0	0	3.744063
K06217	phosphate starvation-inducible protein PhoH and related proteins	34.57841	25.1992914	16.3366999	19.4689352	22.1136279	32.87298	37.7082392	17.1371058	16.316719	50.2571961	48.9828511	6.0135138	25.8785183	19.7609835	17.0033531	20.659249	19.3696278	12.67387502	17.2856631	41.128898	41.4979245	22.8993067	17.7877209	41.10596406	14.1110714	24.4106669	27.1860491	21.0543683	5.2796955	11.8109197	20.2012463	30.7019689	26.1497958	32.8967443	24.0354087	8.8916198	29.8275528	31.6948389	49.2692914	65.8351594	49.5147317	19.7696956
K06218	RelE protein	0.527512	0.3166805	2.68347	5.2436264	0.8797882	0.5600025	3.5845504	0.8806144	0.7029212	1.3303274	2.21946	0.9990781	10.136346	8.73442	33.534195	0.3724461	1.75662	0.1417232	0	0.2370227	0	2.4174151	2.38263	0.4145388	2.1953	2.6251565	1.7518589	0.5603155	3.3655621	2.285838	0.758838	0.9022181	11.4427152	5.4009953	0.0426091	2.3350732	1.851539	1.301538	0.83479	0.4187349	0.472988	13.7723748
K06219	S-adenosylmethionine-dependent methyltransferase	0	0.200865	1.7550571	0.0104117	0	0.0659684	0.39016	0	0	0.468321	0.507083	0.0660977	2.91747	2.25556	10.6001	0	0.260493	0.0409615	0	0	0	0	0.170481	0	0	0	0.10755	0.196683	1.55759	0	0.115633	0	7.2039	0.212979	0	0.984153	0	0	0	0	0	0.413801
K06221	2,5-diketo-D-gluconate reductase A	0	0.306631	1.49727	0.415951	0.110054	0.152397	0.4067654	0.052013	0	0.2074423	0.69191	0.0135339	1.60141	2.811351	3.39447	0	0.287314	0	0.0475883	0	0	0.0108237	0.0968313	0.0138877	0	0	0.135342	0.0517976	2.47978	0.1210801	0.134308	0.012044	9.85047	1.1099532	0.037283	2.1042178	0	0.0383111	0.00728603	0	0	1.533732
K06222	2,5-diketo-D-gluconate reductase B	0	0	0.538218	0	0	0.0106173	0.930294	0	0	0	1.17411	0	7.07435	0.675056	3.25718	0	0	0.0929463	0	0	0	0.0340589	0.089996	0	0	0	0.0657609	0	4.56552	0	0.506495	0	6.02707	1.227583	0	0.854979	0	0.0671594	0.0304991	0	0	0.786605
K06223	DNA adenine methylase [EC:2.1.1.72]	10.2514377	11.8959524	2.6891812	0.500284	0.1296679	0.0765681	0.318623	1.4005214	0.6584152	0.1324874	0.0401189	3.9314294	10.109491	4.94821	7.79347	1.088499	1.876681	1.533524	1.242719	0	0	3.872158	4.435099	0.615512	0.269547	13.722994	0.697983	0.2067448	2.758458	2.8347679	0.0645843	0.1257842	1.4086488	0.25239	3.1243585	1.3266033	0.661721	3.68826	3.36214	0.46419659	0	2.518843
K06232	growth arrest-specific 1	0	0	0	0	0	0	0	0	0	0	0	0	0	0	0	0.0344195	0	0	0	0	0	0	0	0	0	0	0	0	0	0	0	0	0	0	0	0	0	0	0	0	0	0
K06252	tenascin	0	0	0	0	0	0	0	0	0	0	0	0	0	0	0	0.0848753	0	0	0	0	0	0	0	0	0	0	0	0	0	0	0	0	0	0	0	0	0	0	0	0	0	0
K06264	platelet glycoprotein VI	0	0	0	0	0	0	0	0	0	0	0	0	0	0	0	0.0301591	0	0	0	0	0	0	0	0	0	0	0	0	0	0	0	0	0	0	0	0	0	0	0	0	0	0
K06265	dystroglycan 1	0	0	0	0	0	0	0	0	0	0	0	0	0	0	0	0.052045	0	0	0	0	0	0	0	0	0	0	0	0	0	0	0	0	0	0	0	0	0	0	0	0	0	0
K06268	serine/threonine-protein phosphatase 2B regulatory subunit	0	0	0	0	0	0	0	0	0	0	0	0	0	0	0	0.0383467	0	0	0	0	0	0	0	0	0	0	0	0	0	0	0	0	0	0	0	0	0	0	0	0	0	0
K06281	hydrogenase large subunit [EC:1.12.99.6]	0	0.151231	2.488352	0.3413388	0	0.0346446	0.567909	0.0298223	0	0.02383774	0.321181	0.0341317	12.56586	2.56181	11.1484	0.84315	0.5048244	0	0	0	0	0.1667544	0.1501189	0	0	0	0.1656921	0.232265	1.8410065	0.0156744	0.3583719	0.045951	9.53367	1.512167	0.0467549	1.5521945	0	0	0	0	0	1.537676
K06282	hydrogenase small subunit [EC:1.12.99.6]	3.252249	1.0070036	2.774482	5.6339627	0.9012652	0.3721209	1.275109	0.0258317	0.0958648	0.3453331	0.2268866	0.4116804	13.5328893	4.74788	26.56034	1.392919	0.3030078	0.0615347	0	1.625964	0.8492702	1.0873549	1.1002882	0.5925748	2.0727783	0.2469206	1.2893976	0.6983805	0.903615	0.8411377	0.7586842	0.30131486	10.6682133	4.390395	0.1117448	0.853489	0.603227	0.6764305	0.9079501	0.696728	1.27043	1.991833
K06283	putative DeoR family transcriptional regulator, stage III	1.5579327	1.283284	3.7513428	2.49769364	8.5071751	1.599584	10.9805985	13.9384664	19.981788	11.4155407	2.33641	0.326229	7.0754293	6.698429	6.219912	1.1484186	2.5207663	8.002854	14.5347128	1.4272598	5.7227984	9.205598	3.35284603	0.461142	0.9050475	14.8388622	1.03410102	3.5371284	0	1.3318688	1.2625184	7.0373436	1.490218	0.5239238	8.3787891	0.583611	10.694695	5.0726331	1.3298073	10.8545995	6.88895216	5.6295179
K06284	transcriptional pleiotropic regulator of transition state genes	3.17766583	8.17228	6.6591196	0.3039914	0.2196463	2.16772	2.6099848	5.525849	7.0818653	1.1460878	4.15404	1.4649381	14.2481877	1.898509	0.430057	2.7521213	9.2187472	4.8112436	2.2991859	4.2643909	17.3926463	12.8196136	7.6335591	2.6109677	0.6089382	12.8500368	2.3632447	3.292259	0	4.3642353	2.1029428	3.657954	1.208476	2.2026886	2.2411931	3.73658556	0.742187	2.8539143	6.03329526	10.68006257	18.2705738	4.4306748
K06285	transcription attenuation protein (tryptophan RNA-binding attenuator	0	0	0	0	0	0	0	0.0476552	0	0	0	0.238173	0.570858	0	0	0	0.1270665	0	0	0	0	0	0.683871	0.221348	0	0	0.0459974	0	0	1.72424	0	0	0	0	0	0	0	0	0.1283014	0.0495701	0.0967476	0
K06286	septation ring formation regulator	0.113519	0	9.0874574	4.737437	0.5000701	0.578559	8.1462745	0.1909212	0	4.0896831	1.9643349	4.156229	0	0.2767668	0.2034479	0.8845038	0.0933241	1.75685	0.646852	0.9997736	0.822898	28.1600382	55.9130669	1.3516223	1.042751	0	1.5523134	0	2.1215714	6.0633948	16.7485153	2.4529888	5.8161996	1.5157984	0.5181626	7.2983888	0.1873388	4.21442	0.1499848	0.0445659	3.54742	8.679045
K06287	septum formation protein	29.253823	17.763196	27.7360855	45.379643	44.1999569	65.4783975	43.2459979	42.7152475	48.2273744	32.7405865	18.023153	68.1409905	79.7401024	15.3445838	36.6316425	26.1681819	31.8427429	26.521941	34.7024917	61.272567	36.9191115	34.9316677	41.8102038	11.6985152	5.6794246	37.7245497	28.9239794	58.6626613	89.2682311	25.4488114	90.8684966	44.7603906	58.0188896	19.5345391	41.2653857	18.6032918	86.5952307	53.3011355	59.3950453	47.1311965	56.234731	53.0296556
K06288	spore germination protein AA	0	0	0	0	0	0	0	0	0	0	0	0	0	0	0	0	0	0	0	0	0	0	0	0	0	0	0	0	0	0	0	0	0	0	0	0	0	0	0	0.122143	0	0
K06289	spore germination protein AB	0	0	0	0	0	0	0	0	0	0	0	0	0	0	0	0	0	0	0	0	0	0	0	0	0	0	0	0	0	0	0	0	0	0	0	0	0	0	0	0.0830339	0	0
K06290	spore germination protein AC	0	0	0	0	0	0	0	0	0	0	0	0	0	0	0	0	0	0	0	0	0	0	0	0	0	0	0	0	0	0	0	0	0	0	0	0	0	0	0	0.0910819	0.0442045	0
K06291	spore germination protein BA	0	0	0	0	0	0	0	0	0.108148	0	0	0	0	0	0	0	0	0	0	0	0	0	0	0	0	0	0	0	0	0	0	0.106262	0	0	0	0	0	0	0	0	0	0
K06292	spore germination protein BB	0	0	0.0469515	0	0	0	0	0	0	0	0	0	0	0	0	0	0	0	0	0	0	0	0	0	0	0	0	0	0	0	0	0	0	0	0	0	0	0	0	0	0.0889633	0
K06295	spore germination protein KA	0.108228	0.986471	0.1401339	0	0.138241	0	0	2.705405	0.43467	0	0	0.333364	2.247354	0	0	0.525195	0.637615	0	0	0	0	1.30941	1.92991	0.176797	0.146353	9.83667	0.206534	0	0	1.753344	0	0	0	0	0.238232	0	0	0	0.408279	0.0906351	0	0.834354
K06297	spore germination protein KC	0.102578	0.181505	0	0	0	0	0	0	0	0	0	0	0.170839	0	0	0	0	0	0	0	0	0.231624	0.642674	0	0	0	0	0	0	0	0	0	0	0	0	0	0	0	0	0	0	0
K06298	germination protein M	1.388639	0.494526	1.511209	0	0	2.121235	6.868149	3.713383	3.629928	1.925337	10.450103	0.0413659	0.229227	14.954714	6.55868	2.164345	12.07613	0.382483	0.393135	5.887545	18.260397	1.07199	0.757053	0.0363095	0	0.111704	0.245323	0	0	2.512904	8.482494	16.291513	2.43346	15.477	3.22994	1.09783	0	0	3.8079718	1.6262084	0.9683977	0
K06299	spore germination protein PA	0	0	0.208021	0	0	0	0	0	0	0	0	0	0	0	0	0	0	0	0	0	0	0	0	0	0	0	0	0	0	0	0	0	0	0	0	0	0	0	0.0530437	0.36558	0	0
K06300	spore germination protein PB	0	0	0	0	0	0	0	0	0	0	0	0	0	0	0	0	0	0	0	0	0	0	0	0	0	0	0	0	0	0	0	0	0	0	0	0	0	0	0	0.10085	0	0
K06301	spore germination protein PC	0	0	0	0	0	0	0	0	0	0	0	0	0	0	0	0	0	0	0	0	0	0	0	0	0	0	0	0	0	0	0	0	0	0	0	0	0	0	0	0.149981	0	0
K06303	spore germination protein PE	0	0	0	0	0	0	0	0	0	0	0	0	0	0	0	0	0	0	0	0	0	0	0	0	0	0	0	0	0	0	0	0	0	0	0	0	0	0	0	0	0.0692178	0
K06304	spore germination protein PF	0	0	0	0	0	0	0	0	0	0	0	0	0	0	0	0	0	0	0	0	0	0	0	0	0	0	0	0	0	0.0539616	0	0	0	0	0	0	0	0	0	0	0	0
K06305	spore germination protein Q	0	0	0.0774032	0	0	0	0	0	0	0	0	0	0	0	0	0	0	0	0	0	0	0	0	0	0	0	0	0	0	0	0	0	0	0	0	0	0	0	0	0	0	0
K06306	spore germination protein	0	0	0	0.150226	0	0	0	0	0	0	0	0	0	0	0	0	0	0	0	0	0	0	0	0	0	0	0	0	0	0	0	0	0	0	0	0	0	0	0	0	0	0
K06310	spore germination protein	42.2191973	28.220467	5.7286042	18.173613	19.501071	21.475186	16.581928	9.849105	15.5925211	8.3542725	8.339777	0.5370574	8.9613368	4.1875021	0.4433412	0.8596757	6.9045263	9.963491	10.08023	40.52262	45.656514	5.1547921	5.704986	5.5301342	12.4980799	14.530758	23.685213	4.9020047	0	8.6360507	3.5313615	6.297885	16.4865811	14.0835204	4.8568781	4.978763	20.6017464	26.5876174	52.50661	83.757232	81.6659155	1.4328213
K06315	transcriptional regulator of the spore photoproduct lyase operon	0	0	0	0	0	0	0	0	0	0	0	0	0	0	0	0	0	0	0	0	0	0	0	0	0	0	0	0	0	0	0	0	0	0	0	0	0	0	0	0.1949758	0	0
K06317	inhibitor of the pro-sigma K processing machinery	8.277236	2.9981305	9.335676	0.665104	0	6.895816	21.791698	15.101318	16.339745	8.787196	37.588107	15.7510416	9.867764	19.779151	10.635301	7.8758142	38.9478625	6.324897	3.0007131	20.0438561	78.367661	11.885527	4.3167659	0.94352	0.2284356	1.467023	1.528649	5.293907	31.0197	10.2527526	29.230279	50.874857	10.307567	50.108321	10.661205	5.6701398	1.060771	3.7159505	13.6249983	13.494669	19.174637	5.1023321
K06318	forespore regulator of the sigma-K checkpoint	0	0	0	0	0	0	0	0	0	0	0	0	0	0	0	0	0	0	0	0	0	0	0	0	0	0	0	0	0	0	0	0	0	0.046561	0	0	0	0	0	0	0	0
K06320	spore maturation protein CgeB	1.22099	1.016	1.04494	0.222433	0	0	0.382409	0.128143	0.100602	1.227411	3.8123466	0.0814693	0.321908	0	0	4.075306	0	0.533909	4.01063	0	0	0.692022	0.1772505	0.401515	0.669368	0.312541	0	0	0	1.40379	0.4341941	0.0823734	1.41645	1.35934	0.4965472	1.13633	0.524755	0.817158	0	0.3366848	0.494988	0.164023
K06323	spore maturation protein CgeE	0	0	0	0	0	0	0	0	0	0	0	0	0	0	0	0	0	0	0	0	0	0	0	0	0	0	0	0	0	0	0	0	0	0	0	0	0	0	0	0.0974879	0	0
K06324	spore coat protein A	0	0	0.0431318	0	0	0	0	0	0	0	0	0	0	0	0	0	0	0	0	0	0	0	0	0	0	0	0	0	0	0	0	0	0	0	0	0	0	0	0	0.088434	0	0
K06327	spore coat protein D	0	0.0493931	0.0960098	0	0	0	0	0	0.049158	0	0	0	0	0	0	0	0	0	0	0	0	0	0	0	0	0	0	0	0	0	0	0	0	0.0480161	0	0	0	0	0	0	0	0
K06329	spore coat protein F	0	0	0	0	0	0	0	0	0	0	0	0	0	0	0	0	0	0	0	0	0	0	0	0	0	0	0	0	0	0	0	0	0	0	0	0	0	0	0	0.174086	0	0
K06330	spore coat protein H	9.27562	33.85062	3.43615	31.61725	27.8363	29.3344	11.5583	16.63999	14.947	3.0574	6.16533	2.042255	10.22378	0.859317	0.2323704	2.640398	7.948147	5.87926	2.598852	41.33773	11.762511	27.32335	53.65644	0	0	26.497054	36.5296	0	0.142114	2.00413	37.68765	9.26581	20.6057924	3.823004	23.70731	6.4531582	36.8723	19.96431	47.8644	14.489085	20.4703465	17.17829
K06331	spore coat protein I	0	0	0	0	0	0	0	0	0	0	0	0	0	0	0	0	0	0	0	0	0	0	0	0	0	0	0	0	0	0	0	0	0	0	0.145455	0	0	0	0	0	0	0
K06332	spore coat protein JA	0	0	0.0756441	0	0.0445595	0	0	0	0	0	0	0	0	0	0	0	0	0	0	0	0	0	0	0	0	0	0	0	0	0	0	0	0.0734597	0	0	0	0	0	0	0.177251	0.0859979	0
K06333	spore coat protein JB	47.753259	31.9376571	5.703855	21.558691	23.080977	21.507748	25.850659	18.6643729	18.986231	11.734809	24.439091	1.588324	10.103591	13.8674182	5.2956297	3.9703718	24.516817	9.9515028	10.586607	51.174482	72.5950309	4.763294	8.106358	4.516083	8.268389	22.2833347	15.835296	5.381719	0	9.7705132	13.315604	31.0329163	21.342057	33.8320687	7.2814126	8.0253	25.772736	37.0384832	56.082559	97.505385	75.6441589	1.2273782
K06334	spore coat protein JC	26.5588388	21.0241777	9.4088777	21.0624539	21.3048307	31.064971	27.251846	22.8574618	19.3240393	6.009677	8.9272238	2.15226	17.5961755	8.069018	1.9530191	2.4357498	16.319782	14.5437069	15.7196949	26.5881934	38.6726923	9.1018565	10.7264973	23.9465653	11.2763285	22.617173	28.75334	4.9717297	0	15.6495346	10.6511581	12.058231	11.4323634	11.9939285	11.3376562	9.807354	24.1948013	28.3729585	42.464402	82.3278564	64.796349	5.0168881
K06335	spore coat protein M	0	0	0.101199	0	0	0	0	0	0	0	0	0	0	0	0	0	0	0	0	0	0	0	0	0	0	0	0	0	0	0	0	0	0	0	0	0	0	0	0	0	0.153402	0
K06338	spore coat protein SA	0	0	0	0	0	0	0	0	0.0703398	0	0	0	0	0	0	0	0	0	0	0	0	0	0	0	0	0	0	0	0	0	0	0	0	0	0	0	0	0	0	0	0	0
K06340	spore coat protein V	0	0	0	0	0	0	0	0	0	0	0	0	0	0	0	0	0	0	0	0	0	0	0	0	0	0	0	0	0	0	0	0	0	0	0	0	0	0	0	0.222124	0	0
K06341	spore coat protein W	0	0	0	0	0	0	0	0	0	0	0	0	0	0	0	0	0	0	0	0	0	0	0	0	0	0	0	0	0	0	0	0	0	0	0	0	0	0	0	0	0.154796	0
K06342	spore coat protein X	0	0	0	0	0	0	0	0	0	0	0	0	0	0	0	0	0	0	0.0384239	0	0	0	0	0	0	0	0	0	0	0	0	0	0	0	0	0	0	0	0	0	0	0
K06343	spore coat protein Y	0	0	0	0	0	0	0	0	0	0	0	0	0	0	0	0	0	0	0	0	0	0	0	0	0	0	0	0	0	0	0	0	0	0	0	0	0	0	0	0.0790442	0	0
K06345	spore cortex protein	0	0	0	0	0	0	0	0	0	0	0	0	0	0	0	0	0	0	0	0	0	0	0	0	0	0	0	0	0	0	0	0	0	0	0	0	0	0	0	0.0790442	0	0
K06346	spoIIIJ-associated protein	17.6921519	61.493539	46.114648	64.39375	174.8954962	59.2848973	27.2893809	26.507547	27.3155592	11.5544738	20.9003771	4.7362749	60.185013	9.0802734	2.4904181	8.5549793	24.6447396	26.666224	19.7793631	67.7949772	30.6455424	100.035403	179.9067395	102.2218111	24.4511957	61.6737364	75.1283471	12.0225295	0.26639	21.4104229	92.1396446	35.2794333	41.794675	15.054953	56.437381	15.7941194	60.3291327	42.2980738	74.6735989	35.315319	46.7376084	30.8896565
K06347	kinase-associated protein B	0	0	0.0631963	0	0	0	0	0	0	0	0	0	0	0	0	0	0	0	0	0	0	0	0	0	0	0	0	0	0	0	0	0	0	0	0	0	0	0	0	0	0	0
K06348	sporulation inhibitor KapD	0	0	0.0646279	0	0	0.235351	0.221731	0.0593236	0	0	0	0	0	0	0	0	0	0	0	0	0	0.119824	0.0789006	0	0	0	0	0	0	0	0	0	0	0	0	0	0	3.24086	0	0	0.0735671	0.127821
K06349	KinB signaling pathway activation protein	0	0	0	0	0	0	0	0	0.0387105	0	0	0	0	0	0	0	0	0	0	0	0	0	0	0.0386245	0	0	0	0	0	0	0	0	0	0	0	0	0	0	0	0	0	0
K06350	antagonist of KipI	0	0	0	0	0	0	0	0	0	0	0	0	0	0	0	0	0	0	0	0	0	0	0	0	0	0	0	0	0	0	0	0.132034	0	0	0	0	0	0	0	0	0	0
K06359	response regulator aspartate phosphatase A (stage 0 sporulation protein L) [EC:3.1.-.-]	0	0	0.0610704	0	0	0	0	0	0	0	0	0	0	0	0	0	0	0	0	0	0	0	0	0	0	0	0	0	0	0	0	0	0	0	0	0	0	0	0	0	0	0
K06360	response regulator aspartate phosphatase B [EC:3.1.-.-]	0	0	0	0	0	0	0	0	0	0	0	0	0	0	0	0	0	0	0	0	0	0	0	0	0	0	0	0	0	0	0	0	0	0	0	0	0	0	0	0.0715508	0	0
K06364	response regulator aspartate phosphatase F [EC:3.1.-.-]	0	0	0	0	0	0	0	0	0	0	0	0	0	0	0	0	0	0	0	0	0	0	0	0	0	0	0	0	0	0	0	0	0	0	0	0	0	0	0	0	0.031129	0
K06365	response regulator aspartate phosphatase G [EC:3.1.-.-]	0	0	0	0	0	0	0	0	0	0	0	0	0	0	0	0	0	0	0	0	0	0	0	0	0	0	0	0	0	0	0	0	0	0.0356575	0	0	0	0	0	0	0	0
K06366	response regulator aspartate phosphatase H [EC:3.1.-.-]	0	0	0	0	0	0	0	0	0	0	0	0	0	0	0	0	0	0	0	0	0	0	0	0.0615984	0	0	0	0	0	0	0	0	0	0	0	0	0	0	0	0	0	0
K06367	response regulator aspartate phosphatase I	0	0	0.0775234	0	0	0	0	0	0	0	0	0	0	0	0	0	0	0	0	0	0	0	0	0	0	0	0	0	0	0	0	0	0	0	0	0	0	0	0	0.0726618	0	0
K06370	morphogenetic protein associated with SpoVID	0	0	0.2166235	0	0	0.48084	0.537772	0	0	0	0	0	0	0	0	0	0	0	0	0	0	0	0.0522039	0	0	0	0	0	0	0	0	0	0	0	0	0	0	4.87468	0	0.059169	0	0.415817
K06372	antagonist of SinR	0	0	0	0	0	0	0	0	0	0	0	0	0	0	0	0	0	0	0	0	0	0	0	0	0	0	0	0	0	0	0	0	0	0	0	0	0	0	0	0.36558	0	0
K06373	spore maturation protein A	2.778064	2.396051	3.421281	4.267902	1.20356	1.2227796	0.3204574	5.031347	5.8617887	0.377437	2.3310141	0.704482	6.1862171	1.36573	0.416355	0.1407232	4.8884125	4.423332	3.136386	2.894122	14.508858	0.642463	0.284578	1.844266	0.659655	2.5836896	3.35876	2.928901	0	2.8206107	1.2258613	2.488423	0.818386	1.7381453	0.4281014	5.8091509	0.7813572	1.2672091	2.8457	10.253784	12.041396	3.3630054
K06374	spore maturation protein B	51.1005227	35.0249862	5.6402282	24.80883	26.239287	24.986071	18.9930051	12.225558	16.691648	9.9950814	10.601816	0.8077586	9.2854356	5.4746557	0.588658	1.5169099	7.207832	10.278351	11.136948	51.533361	53.5186422	8.192214	8.9814295	6.781358	15.3193061	24.9765115	24.9236312	5.8682832	0	8.600957	3.298398	6.6311348	18.9963721	15.3638491	4.725975	7.2606678	32.192682	44.348026	65.4437995	99.756808	97.7192043	2.1263905
K06375	stage 0 sporulation protein B (sporulation initiation phosphotransferase) [EC:2.7.-.-]	0	0	0.0349126	0	0	0	0	0	0	0	0	0	0	0	0	0	0	0	0	0	0	0	0	0	0	0	0	0	0	0	0	0	0	0.0393978	0	0	0	0	0	0	0	0
K06376	stage 0 sporulation regulatory protein	0	0	0.0674663	0	0	0	0	0	0	0.0699396	0	0	0	0	0	0	0	0	0	0	0	0	0	0	0	0	0	0	0	0	0	0	0	0	0	0	0	0	0	0.158088	0	0
K06378	stage II sporulation protein AA (anti-sigma F factor antagonist)	3.615272	1.918169	4.179946	8.369318	2.25995	4.22153	2.221779	7.113366	9.499652	1.102139	3.3717637	1.7493135	8.298597	2.165254	0.257243	1.063342	7.036061	5.927784	4.871685	4.66159	15.167859	3.632382	2.212444	4.508815	1.667679	2.789697	3.607693	2.8083808	0	3.709676	2.6909526	3.816676	1.0158379	1.7674405	1.670119	5.479498	0.7654488	1.8448893	5.7485483	14.09201	13.55148	3.2792528
K06379	stage II sporulation protein AB (anti-sigma F factor)	43.1151123	29.5479225	4.774549	19.3703566	19.87532	18.101019	15.135082	13.7819385	14.419849	8.0724895	7.669007	1.014779	10.2046615	4.4267732	0.3821201	0.8959134	7.897595	9.883772	10.284919	39.158836	42.131101	5.7585132	6.6369547	4.213304	4.677199	8.3182283	6.860971	3.7077003	0	9.4083296	3.462986	6.6997379	15.5615747	13.56917	4.53823	5.41861	25.6920894	32.6901778	55.6133352	80.5788939	76.190805	1.630321
K06380	stage II sporulation protein B	0	0	0	0	0	0	0	0	0	0	0	0	0	0	0	0	0	0	0	0	0	0	0	0	0	0	0	0	0	0	0	0	0	0	0	0	0	0	0	0.0720861	0.0399708	0
K06381	stage II sporulation protein D	42.2290737	30.1370809	6.0077396	23.669409	22.161695	21.8793451	14.545235	17.4505166	16.198342	9.4665132	10.8136867	1.9073063	8.0483613	10.711177	2.992261	1.8387964	6.1655025	13.0661296	15.63797	40.135614	33.324696	7.1673082	8.561726	15.558586	1.2775529	19.982752	7.871769	3.9785156	1.8186	10.7500719	2.648944	7.5840376	20.915913	14.525361	6.2301144	3.2421987	26.344571	37.949157	51.015286	78.7315595	60.6315036	14.2564087
K06382	stage II sporulation protein E	49.1742116	31.019679	15.2383243	18.6571203	28.197665	22.8611974	36.603276	38.108724	45.3856549	26.420972	30.681819	1.2411744	18.8825575	18.6634316	5.2836175	4.796255	28.733991	22.830251	32.6608868	53.1808987	81.888873	6.943104	8.6321633	13.0286948	0.9915267	23.9454817	7.5132611	9.4880377	0	11.5116555	17.3736129	40.518256	29.159252	44.5026852	21.6700151	7.3408148	43.7194304	46.2601035	58.114355	98.9300678	82.3264581	21.4335158
K06383	stage II sporulation protein GA (sporulation sigma-E factor	40.811872	27.550954	2.9993006	16.917873	18.24549	17.621879	19.282797	10.7240977	11.831491	10.050516	21.867143	0.6667068	2.1004451	11.2303	3.886239	6.3253153	14.698399	4.631099	7.234131	41.296756	51.880281	3.4537895	5.25714	1.539473	0.851785	7.73062	4.44246	1.83707	0	9.74968	10.536218	22.940894	18.9969	31.4969134	5.8882396	2.0725	22.303597	34.409482	51.71702	70.1600577	57.2900929	1.040186
K06384	stage II sporulation protein M	1.962947	1.496903	1.445695	5.00673	2.28106	2.98079	0.751204	2.842704	2.75994	0.5370728	2.172932	0.613013	0.524364	0.229416	0.0754347	3.550187	1.52653	1.427169	1.94233	1.48095	1.78123	0.349941	0.623456	2.942191	0.64825	1.345036	2.24714	0	0	2.68534	0.425182	0.957921	0.904541	1.0511	0.6093137	1.50371	0.5458457	0.688924	1.80944	5.1774	0.900948	0.0842149
K06385	stage II sporulation protein P	5.566262	3.610814	7.8532781	1.399761	5.689464	3.920975	18.1283729	24.297261	30.1432978	14.0938406	16.7780691	0.5100418	15.294905	15.870736	6.06785	5.748008	17.2389826	11.243234	20.0966247	9.3247933	35.2049443	3.001118	2.662799	1.339032	0.814613	12.958733	1.8660448	5.9891944	0	7.062241	11.1412486	25.693869	6.273947	19.375056	13.2312968	4.671457	13.3948142	10.265907	6.8410014	17.5831712	18.3218631	7.028541
K06387	stage II sporulation protein R	5.475081	4.1333314	6.6679224	0	0	2.3415353	9.58916	10.752048	10.7842425	4.055591	22.955578	0.4058803	8.1208192	17.6523337	7.327844	5.415408	22.3534758	4.056645	5.5238619	11.204636	45.851115	1.0477809	0.6544029	1.426168	1.0944478	1.6615882	1.0374074	3.793873	0	7.302987	13.624505	27.346412	5.957968	31.293532	4.7065519	5.940312	1.319105	2.177362	6.8332655	7.9536299	14.000439	3.695441
K06388	stage II sporulation protein SA	0	0	0	0	0	0	0	0	0	0	0	0	0	0	0	0	0	0	0	0	0	0	0	0	0	0	0	0	0	0	0	0	0	0	0	0	0	0	0	0.102877	0.0713048	0
K06389	stage II sporulation protein SB	0	0	0	0	0	0	0	0	0.823981	0	0	0	0	0	0	0	0	0	0	0	0	0	0	0	0	0	0	0	0	0	0	0	0	0	0	0	0	0	0	0	0.405419	0
K06390	stage III sporulation protein AA	6.6310785	4.573106	5.632628	0.5324463	0.685985	1.440821	1.770195	6.2385158	6.3354402	3.692891	6.314193	0.376356	7.2620536	1.5304315	0.268804	4.433764	4.531684	6.1212336	9.6336754	3.619516	9.572072	2.4579814	1.314877	7.011956	1.1154997	4.071202	1.4821749	2.8335802	0	4.919313	2.599534	2.976091	7.373644	5.7215567	2.3048335	3.479185	4.320359	7.7016755	3.1365257	7.8330072	14.9776496	11.654459
K06391	stage III sporulation protein AB	1.3334855	1.7492853	1.4959292	4.6140103	1.6550217	3.00606	1.805779	5.032255	3.306866	0.545659	1.5821582	0.9156801	4.6872402	0.622393	0.0593914	1.4444839	3.151287	3.416504	4.2860527	2.0816868	1.919273	3.7305915	2.9719995	1.833112	0.3057561	10.654954	2.506737	0.8044303	0	4.639592	1.034799	2.1043804	0.6982744	0.4448333	2.154897	1.786729	0.5087934	1.1536206	4.005818	7.9150168	2.0550309	3.296378
K06392	stage III sporulation protein AC	3.0945401	3.3481236	9.288096	2.7652927	17.02174	7.380321	32.406386	46.0146221	58.6010509	32.605828	7.682552	1.4250343	20.3569456	6.979323	0.425308	2.619099	15.4356928	29.664645	44.529948	7.6743612	15.658137	14.6366355	4.9147869	1.7868877	1.797261	11.2339646	4.1627848	13.34296	0	12.3124406	3.0086117	17.80585592	7.1614045	3.004742	25.180101	0.556374	38.013372	18.93535	5.7275	30.6286127	15.9777723	24.4190345
K06393	stage III sporulation protein AD	37.1267531	23.7405517	6.8664763	16.270554	15.286486	14.119697	11.350295	12.7365691	16.0912936	7.400654	11.459422	1.3471716	8.721911	4.300369	0.514917	2.0470893	7.6509291	12.346201	13.6032604	29.7922186	32.92271	6.749462	7.840283	11.547645	7.476851	21.8933115	15.089364	4.778397	0	9.0380144	3.695942	8.226152	17.841702	13.449902	4.359028	5.56509	20.6041382	31.372159	42.4441796	65.5550674	57.2653293	13.3845707
K06394	stage III sporulation protein AE	6.9770975	5.0245376	7.0314803	3.9567544	2.635714	5.8328531	8.912121	12.808657	11.780834	4.5638069	19.381733	1.2256355	7.677044	8.9630755	3.4183291	3.800861	17.6701	7.60952	8.7987661	12.0046589	34.5127494	4.3100988	3.728414	9.315549	0.7590077	11.4444262	4.281563	3.141829	0	7.8271143	10.642379	20.509943	9.0398723	22.9481827	5.3360748	6.286894	3.3936149	6.7354104	7.3547412	12.9845032	14.295091	13.035642
K06395	stage III sporulation protein AF	2.088589	5.431306	3.52187	11.67149	6.56965	20.74602	14.587447	4.6264009	6.174644	0.7899918	3.244647	0.6727019	2.612205	1.916071	0.6152348	2.372026	6.5649	8.579686	9.224225	2.428	3.3212	3.803016	2.607545	4.485124	0.7565875	1.883506	3.480443	0.1787	0	3.672692	4.515271	7.5506399	0.955408	0.9814172	4.2759271	1.896342	9.454974	3.89275	5.32771	9.048118	2.238514	0.11755
K06396	stage III sporulation protein AG	35.329788	22.922204	5.2186931	15.7303384	15.0068314	12.19374	11.7500063	9.0349667	12.0398412	6.880507	7.6129399	1.4006042	7.2989399	3.5059515	0.524759	5.6476647	5.260232	8.455761	8.1287759	30.8756497	30.959903	6.0716128	6.3890109	4.9996045	7.842775	19.6318781	18.049881	3.2862154	0.0285327	5.9992454	2.1653536	7.1185807	12.9494531	10.1937688	3.8820941	5.4379297	15.6097158	23.3971483	43.593724	64.3470222	52.151188	2.7779209
K06397	stage III sporulation protein AH	29.005289	19.679847	3.551694	8.6571745	11.686614	9.631154	8.845251	5.9460353	7.5473789	6.757794	6.2566136	0.777765	8.296919	1.79066	0.311053	4.5812635	3.030544	4.2428747	7.167611	23.748197	27.8882243	4.586337	4.5268922	1.3700345	8.6077939	17.9510235	13.3739871	4.6019371	0.0266269	8.049893	2.336621	5.00431	12.534874	8.953023	2.4449049	4.3331894	16.5205559	24.336106	38.6118751	54.4947428	49.0324706	5.2555993
K06398	stage IV sporulation protein A	6.2512532	3.2815825	9.0325391	5.3001722	12.41034	15.1404255	22.745385	28.8914794	35.8028964	14.0755134	15.0555797	1.1316467	14.4290724	11.1961149	3.5419237	3.291515	18.8454431	15.73537	21.392018	16.567518	40.944547	4.2288801	1.8787694	6.1517178	15.586088	9.2811773	14.2055297	6.9945074	0	10.071618	13.9652572	30.683815	10.79127	24.321211	18.48911	6.0329715	17.7378782	13.467148	12.686602	22.7736008	19.7307477	16.7479161
K06399	stage IV sporulation protein B	3.261466	2.447828	3.3123765	0.385367	0	1.26642	4.060218	1.5826184	3.840387	1.265251	3.941222	0.185492	5.0563141	9.480825	3.290979	3.5980043	3.53881	1.089129	3.1722538	3.2026253	11.226396	2.148407	1.6579058	0.2380796	0.636714	0.969335	1.052817	2.4974467	0	2.652492	2.038448	1.312893	2.203901	2.2979038	1.3738933	3.60379	2.758381	1.63987	2.849945	6.723382	10.4199694	2.167465
K06400	site-specific DNA recombinase	2.3782	1.67795	0.0343972	0.693442	0.115794	0.242157	1.609317	1.45177	0.175977	0.0865884	2.80125	0.0441345	0.526135	0.183803	0	2.82134	1.31642	1.9484562	0.624574	0.310701	0	1.14916	0.3290867	0	0	6.790745	1.684205	1.13246	0	0.980275	0	0.0836487	0.179292	0.116405	0	2.80315	1.31411	0.528562	3.28049	0.385537	0.0893617	1.42134
K06401	stage IV sporulation protein FA	0	0	0	0	0	0	0	0	0	0	0	0	0	0	0	0	0	0	0	0	0	0	0	0.0401515	0	0	0	0	0	0	0	0	0	0	0	0	0	0	0	0	0	0
K06403	stage V sporulation protein AA	2.869381	5.682562	7.747093	12.844069	13.64728	23.51397	27.709541	26.323933	34.344227	12.5395968	3.575938	0.585643	11.7244059	4.330025	1.0633138	1.261265	9.51812	16.963287	28.5580246	4.001801	9.3311518	5.1620154	3.139236	18.3577643	4.4945697	6.303514	4.792675	3.954114	0	5.227386	6.132879	16.895755	2.552257	1.4700221	18.041021	2.27742	24.078458	11.0405939	8.9449191	38.542353	10.246411	5.5246672
K06404	stage V sporulation protein AB	42.844292	25.6605488	5.453322	18.799513	19.54008	17.750567	14.770434	9.490728	13.9743492	8.190546	9.515213	0.535317	7.834569	3.596546	0.4181991	5.452979	6.046171	9.954401	11.085998	35.59185	39.156824	5.8875497	5.8861835	5.1590452	3.207396	9.212381	7.1194211	4.489349	0	7.2331138	3.536798	6.469443	13.6556022	12.99797	5.320385	5.7532691	22.6548	30.6078141	51.34516	81.187335	65.779339	0.7733841
K06405	stage V sporulation protein AC	10.937745	10.75392	15.7924718	15.4934834	16.1290487	26.994266	41.903016	32.153914	44.865368	18.474657	27.605516	1.5134539	17.461308	15.445407	4.4496448	4.9710142	28.656031	22.3217954	34.134109	17.2446703	49.3927212	7.9453728	5.296349	29.2630416	5.509623	23.482376	9.1103268	6.833833	0	7.9142015	17.794117	39.384783	14.6002457	30.0136213	26.040611	7.555569	30.23014	23.35446	15.6117628	46.633192	26.49989	20.865492
K06406	stage V sporulation protein AD	2.5059054	2.5251279	5.7722973	6.376933	7.754776	5.22816	11.709908	21.87233	24.269347	12.3240031	1.865965	1.1721242	10.8880383	3.112154	0.2486905	1.5738314	4.756288	12.959501	18.957811	3.142376	7.9965608	3.8732141	3.1289069	3.5509109	0.5995297	13.8013276	3.4912257	4.2099113	0.0403718	5.2094388	2.186105	8.868266	1.7800795	0.591598	10.4153861	1.510802	11.8089385	5.6569225	4.936507	16.8936061	9.2390136	5.7385881
K06407	stage V sporulation protein AE	44.812842	30.7610639	10.9558685	19.619035	30.09187	27.49638	32.7263733	33.741013	46.3373674	25.074749	12.099123	0.8253746	17.254182	7.1532	0.7590511	6.179257	9.211185	22.876845	30.317169	42.860533	48.891162	7.8076895	7.179735	5.906888	17.954804	16.3090894	18.3791824	9.2825234	0	13.7001074	6.033583	19.034797	22.431138	18.0855136	21.362293	4.9268015	40.4342826	44.174935	59.0049977	92.178034	79.105345	13.6805392
K06408	stage V sporulation protein AF	2.330422	1.014304	2.0698192	0	0	1.700687	7.467306	4.5576445	3.6702517	2.477506	14.47749	0	0.192006	8.1160525	3.22517	5.32101	12.271334	0.267512	2.09952	5.97411	22.061	0.231781	0.0905248	0.211382	0.443338	0.355341	0	0	0	3.19135	8.6319406	17.05901	4.07462	18.91963	2.791964	1.14427	0.448132	4.073848	3.26228	0.0864425	0.537996	0.4576327
K06409	stage V sporulation protein B	34.3559963	22.4922439	8.7908677	14.0339944	13.232165	14.7438015	17.7664185	12.0394758	18.9322118	15.8197728	25.502563	1.5110773	14.346559	11.5462202	3.784074	7.438079	22.71435	6.2626651	9.8013299	36.3604276	60.9947066	9.0518531	9.053808	2.9229134	9.2316709	17.2357409	17.8704323	5.8459428	1.90655	9.6846148	12.6922955	26.3878004	16.1391096	30.2020272	7.6402196	8.9861407	17.0450149	24.3288908	43.7678857	66.2130481	61.3123664	5.5383082
K06410	dipicolinate synthase subunit A	0.1837978	1.12443	0.1031616	0.0204672	0.0945651	0	0.0381521	4.5161527	1.232304	0.0699396	0.0266421	0.7662685	2.605495	0.0955092	0	0.577923	0.752323	3.5657543	2.8136434	0.3823732	0.0604305	1.777296	2.372424	1.370166	0.423697	9.555112	0.632571	0.658729	0	2.5156771	0.0546911	0.663737	0.502305	0.279156	0.2171538	0.258233	0.438834	1.05519	0.6310935	0.0987219	0.778335	2.274333
K06411	dipicolinate synthase subunit B	0.0945995	0.325787	0.0683905	0.452378	0.233174	0.229895	0.46928	1.866127	1.686397	0	0	0.1152156	1.3428148	0.039027	0	0.3268	0.210139	4.469672	4.524532	0.609468	0.396432	1.1621794	0.4401759	1.3103251	0.53901	0.8385035	0.1973295	0.4905278	0	2.1374139	0.644493	0.13586	0.2359376	0.2109575	0.0994212	0.211039	0.244524	0.102383	1.358433	0.685384	2.640092	1.22761
K06412	stage V sporulation protein G	15.2514081	11.5638771	15.1500101	3.80112046	19.012702	19.37470798	27.63233108	33.1898432	52.772349	21.50912025	5.8944345	1.062005	22.5370692	6.8235097	0.9803637	5.15054991	10.4325577	23.32656766	32.6846576	13.7828579	27.2377873	8.16229399	5.70506868	10.06930091	24.68552802	26.59457734	18.76114916	13.943814	2.11644	15.24724289	13.74559	20.8625146	13.5343921	12.787506	27.936893	4.9413065	35.680544	24.380617	12.425444	32.2422208	31.64237339	27.05825638
K06415	stage V sporulation protein R	0	0	0.0417035	0	0	0	0	0	0	0	0	0	0	0	0	0	0.314473	0	0	0	0	0	0	0	0	0	0	0	0	0	0	0	0	0	0	0	0	0	0	0.125641	0	0
K06416	stage V sporulation protein S	7.6054538	10.06080244	2.8218921	33.4202351	19.13056646	0.0420744	0	10.03368802	6.1474898	4.7861714	7.169088	2.05449184	15.6231369	5.05261	0.882894	3.5841978	18.6555757	2.3979341	1.88112	14.2647019	12.9920827	12.7307294	13.32581248	0	0	11.5040678	22.35278477	8.90794966	0.124576	12.3573168	47.5902019	11.14300912	6.75681342	3.8977034	23.5533807	8.85716257	14.095453	8.4780482	44.0340867	17.7765326	0.3709138	20.1373272
K06419	small acid-soluble spore protein B (major beta-type SASP)	0	0	0.138681	0	0	0	0	0	0	0	0	0	0	0	0	0	0	0	0	0	0	0	0	0.159863	0	0	0	0	0	0	0	0	0	0	0	0	0	0	0	0	0	0
K06421	small acid-soluble spore protein D (minor alpha/beta-type SASP)	0	0	0	0	0	0	0	0	0	0	0	0	0	0	0	0	0	0	0	0	0	0	0.182366	0	0	0	0	0	0	0	0	0	0	0	0	0	0	0	0	0	0	0.2164813
K06422	small acid-soluble spore protein E (minor gamma-type SASP)	0	0	0	0	0	0	0	0	0	0	0	0	0	0	0	0	0	0	0	0	0	0	0	0	0	0	0	0	0	0	0	0.0809613	0	0	0	0	0	0	0	0	0	0
K06425	small acid-soluble spore protein H (minor)	0	0	0	0	0	0	0	0	0	0	0	0	0	0	0	0	0	0	0	0	0	0	0	0	0	0	0	0	0	0	0	0.3497786	0	0	0	0	0	0	0	0	0.257994	0
K06426	small acid-soluble spore protein I (minor)	0	0	0	0	0	0	0	0	0	0	0	0.0506484	0	0	0	0	0	0	0	0	0	0	0	0	0	0	0	0	0	0	0	0	0	0	0	0	0	0	0	0	0	0
K06428	small acid-soluble spore protein K (minor)	0	0	3.74438	0	0	0	0	0	0	0	0	0	0	0	0	0	0	0	0	0	0	0	0	0	0	0	0	0	0	0	0	0	0	0	0	0	0	0	0	2.92464	0	0
K06432	small acid-soluble spore protein O (minor)	0	0	0	0	0	0	0	0	0	0	0	0	0	0	0	0	0	0	0	0	0	0	0	0	0	0	0	0	0	0	0	0	0	0	0	0	0	0	0	1.75478	0	0
K06433	small acid-soluble spore protein P (minor)	0	0	1.49775	0	0	0	0	0	0	0	0	0	0	0	0	0	0	0	0	0	0	0	0	0	0	0	0	0	0	0	0	0	0	0	0	0	0	0	0	0	0	0
K06434	small acid-soluble spore protein (thioredoxin-like protein)	0	0	0.35151	0	0	0	0	0	0	0	0	0	0	0	0	0	0	0	0	0	0	0	0	0	0	0	0	0	0	0	0	0	0	0.0828512	0	0	0	0	0.0480448	0.0943431	0	0
K06436	spore coat assemly protein	0	0	0.133134	0	0	0.27349	0.377593	0	0	0	0	0	0	0	0	0	0	0	0	0	0	0.126583	0.0851039	0	0	0	0	0	0	0.0504342	0	0	0	0	0	0	0	2.99322	0	0	0	0.100309
K06438	similar to stage IV sporulation protein	1.123978	1.178992	1.1805222	0.284411	0.0819929	0.188182	0.74613	0.433166	0.291727	0.540055	1.74347	0.2480501	1.4025083	0	0	3.907227	0.680156	0.176194	1.56007	0	0	1.6121369	2.2620493	0.457868	0.827334	8.489146	0.298319	0	0	1.6937474	0.105578	0.164269	1.3452048	0.881825	0.2221039	0	0.382044	4.032215	0.495075	0	0.7332197	0.4207269
K06439	similar to spore coat protein	0	0	0.0998502	0	0	0	0	0	0	0	0	0	0	0	0	0	0	0	0	0	0	0	0	0.0299378	0	0	0	0	0	0	0	0	0	0	0	0	0	0	0	0.0584927	0	0
K06440	similar to spore coat protein	0	0	0	0	0	0	0	0	0	0	0	0	0	0	0	0	0	0	0	0	0	0	0	0	0	0	0	0	0	0	0	0	0	0	0	0	0	0	0	0	0.0886853	0
K06442	putative hemolysin	28.835387	20.4590264	10.0566499	14.0718206	23.376488	33.8202698	18.2560005	4.7859295	5.002925	6.7572751	4.565741	1.9098763	6.4646734	2.1517875	0.5183124	1.932321	2.6028984	8.371859	5.837764	41.8698261	21.0326874	31.977016	65.4205819	2.211881	8.340908	8.8564418	15.0091275	1.8281895	0.0762432	7.7636878	19.0787827	9.5951303	28.2765742	7.8610379	4.6199704	2.6845043	41.7963043	33.8560953	45.9349363	54.8827939	56.7251278	5.4994868
K06445	acyl-CoA dehydrogenase [EC:1.3.99.-]	0	0.405139	0.798514	0	0	0.270342	2.867	0.0622838	0	0.682874	0.809201	0.0140917	0.0767742	2.57425	0.761609	0	0	0	0	0	0	0	0.148994	0	0	0	0.13121	0.0330628	3.61428	0	0.480103	0.0183512	5.96318	1.60916	0.0678404	0.0872744	0	0.0110471	0	0	0	1.92215
K06447	succinylglutamic semialdehyde dehydrogenase [EC:1.2.1.71]	0	0.183635	5.552704	0	0	0.1085068	0.9318818	0.00926541	0	0	0.260001	0.0186574	4.2556	2.893326	15.6143	0.467322	0.539564	0	0	0	0	0.0118319	0.0356163	0	0	0	0.1420283	0.138048	2.9500855	0	0.2946277	0	14.624099	0.1414938	0.351453	1.375633	0	0	0	0	0	0.3774895
K06448	T-cell surface glycoprotein CD1	0	0	0	0	0	0	0	0	0	0	0	0	0	0	0	0.0263801	0	0	0	0	0	0	0	0	0	0	0	0	0	0	0	0	0	0	0	0	0	0	0	0	0	0
K06456	T-cell surface glycoprotein CD6	0	0	0	0	0	0	0	0	0	0	0	0	0	0	0	0.0120086	0	0	0	0	0	0	0	0	0	0	0	0	0	0	0	0	0	0	0	0	0	0	0	0	0	0
K06463	low affinity immunoglobulin gamma Fc receptor III	0	0	0	0	0	0	0	0	0	0	0	0	0	0	0	0.0781012	0	0	0	0	0	0	0	0	0	0	0	0	0	0	0	0	0	0	0	0	0	0	0	0	0	0
K06477	sialophorin	0	0	0	0	0	0	0	0	0	0	0	0	0	0	0	0.0384457	0	0	0	0	0	0	0	0	0	0	0	0	0	0	0	0	0	0	0	0	0	0	0	0	0	0
K06479	CD48 antigen	0	0	0	0	0	0	0	0	0	0	0	0	0	0	0	0.0238628	0	0	0	0	0	0	0	0	0	0	0	0	0	0	0	0	0	0	0	0	0	0	0	0	0	0
K06499	carcinoembryonic antigen-related cell adhesion molecule	0	0	0	0	0	0	0	0	0	0	0	0	0	0	0	0.0910418	0	0	0	0	0	0	0	0	0	0	0	0	0	0	0	0	0	0	0	0	0	0	0	0	0	0
K06500	pregnancy specific beta-1-glycoprotein	0	0	0	0	0	0	0	0	0	0	0	0	0	0	0	0.0361013	0	0	0	0	0	0	0	0	0	0	0	0	0	0	0	0	0	0	0	0	0	0	0	0	0	0
K06512	leukocyte immunoglobulin-like receptor	0	0	0	0	0	0	0	0	0	0	0	0	0	0	0	0.0343041	0	0	0	0	0	0	0	0	0	0	0	0	0	0	0	0	0	0	0	0	0	0	0	0	0	0
K06518	holin-like protein	0.115053	0.306423	7.387659	4.8782654	0.366734	0.3803748	3.4765275	1.930641	0.269979	2.822724	2.5817521	12.725695	9.494766	31.8196822	5.89962	5.210288	1.1788525	1.038354	0.8818878	3.4539531	1.789072	5.9822782	1.3198888	0.940545	0.3502726	1.3945841	0.6156617	1.1070744	29.1908194	4.0046225	3.7093896	1.8023906	23.4326952	3.5478289	5.0283182	6.052663	2.0000991	5.8438193	5.1511382	1.2433137	8.6656067	6.869648
K06522	immunoglobulin superfamily, member 2/3	0	0	0	0	0	0	0	0	0	0	0	0	0	0	0	0.0293635	0	0	0	0	0	0	0	0	0	0	0	0	0	0	0	0	0	0	0	0	0	0	0	0	0	0
K06528	lysosomal-associated membrane protein 1/2	0	0	0	0	0	0	0	0	0	0	0	0	0	0	0	0.0331171	0	0	0	0	0	0	0	0	0	0	0	0	0	0	0	0	0	0	0	0	0	0	0	0	0	0
K06542	CD160 antigen	0	0	0	0	0	0	0	0	0	0	0	0	0	0	0	0.0542315	0	0	0	0	0	0	0	0	0	0	0	0	0	0	0	0	0	0	0	0	0	0	0	0	0	0
K06551	signal-regulatory protein alpha/beta1/gamma	0	0	0	0	0	0	0	0	0	0	0	0	0	0	0	0.0122332	0	0	0	0	0	0	0	0	0	0	0	0	0	0	0	0	0	0	0	0	0	0	0	0	0	0
K06597	chemosensory pili system protein ChpB (putative protein-glutamate methylesterase)	0	0	0	0	0	0	0	0	0	0	0	0	0	0	0	0	0	0	0	0	0	0	0	0	0	0	0	0	0	0	0	0	12.327	0	0	0	0	0	0	0	0	0
K06598	chemosensory pili system protein ChpC	0	0	0	0	0	0	0	0	0	0	0	0	0	0	0	0	0	0	0	0	0	0	0	0	0	0	0	0	0	0	0	0	12.5486	0	0	0	0	0	0	0	0	0
K06599	AraC family transcriptional regulator, chemosensory pili system	0	0	0	0	0	0	0	0	0	0	0	0	0	0	0	0	0	0	0	0	0	0	0	0	0	0	0	0	0	0	0	0	6.34796	0	0	0	0	0	0	0	0	0
K06600	chemosensory pili system protein ChpE	0	0	0	0	0	0	0	0	0	0	0	0	0	0	0	0	0	0	0	0	0	0	0	0	0	0	0	0	0	0	0	0	12.6718	0	0	0	0	0	0	0	0	0
K06603	flagellar protein FlaG	1.421862	1.5862052	1.65593	0	0	0	0.83738	0.174578	0	0.947993	2.2808	0.13874	0.761231	0	0	4.665888	0	0.932822	2.686955	0.339509	0.342295	0.713167	0.108336	0.256413	1.11142	0.512367	0	0.179341	0	2.63768	0.577147	0.348738	14.543365	1.669537	0.24373	0.0658864	0.73761	1.07269	0	0.125791	1.552055	0.690507
K06605	myo-inositol catabolism protein IolH	0	0	0.0416042	0	0	0	1.10084	0	0	0	0	0	0	3.39535	0	0	0	0	0	0	0	0	0.044661	0	0	0	0.046811	0	0	0	0.107514	0	0	0.597882	0	0	0	0	0	0.0853019	0	0.414543
K06606	2-keto-myo-inositol isomerase [EC:5.3.99.11]	0	0	0.0378459	0	0	0	0	0	0	0	0	0	0	0	0	0	0	0	0	0	0	0	0	0	0	0	0	0	0	0	0	0	0	0	0	0	0	0	0	0.0332205	0	0
K06607	myo-inositol catabolism protein IolS	0	0	0.0382568	0	0	0	0	0	0	0	0	0	0	0	0	0	0	0	0	0	0	0	0	0	0	0	0.118567	0	0	0	0	0	0	0	0	0	0	0	0	0	0	0
K06608	DeoR family transcriptional regulator, myo-inositol catabolism	0.0427032	0	0.0494308	0.645921	0	0	0	0	0	0	0	0	0	0	0	0.101263	0	0	2.50805	0	0	0	0	0	0.0846554	0	0	0	0	0	0	0	0.3039392	0.0594961	0	0.0675212	0	0.114829	0	0.072392	0.1117046	0.152123
K06609	MFS transporter, SP family, major inositol transporter	0	0	0.0826183	0	0	0	0	0	0	0	0	0	0	0	0	0	0	0	0	0	0	0	0	0.0719381	0	0	0	0	0	0	0.0689853	0	0	0	0	0	0	0	0	0.0898825	0	0
K06610	MFS transporter, SP family, inositol transporter	0	0	1.1798964	3.01723	11.024557	28.0072	11.8926	0	0	0.0733644	0	1.66836	4.18885	0	0.0416424	0.2382655	0.280368	1.14122	0.158545	20.5267855	0.158676	2.49861	10.3310613	0	0	0.664852	1.28761	0.0716439	0	0.067732	21.76477	7.022158	14.98269	0.588395	1.64863	0.1833422	28.5250185	11.3609	11.301	0.6111304	20.362	2.3819179
K06625	cyclin-dependent kinase inhibitor 1A	0	0	0	0	0	0	0	0	0	0	0	0	0	0	0	0.0146465	0	0	0	0	0	0	0	0	0	0	0	0	0	0	0	0	0	0	0	0	0	0	0	0	0	0
K06630	14-3-3 protein epsilon	0	0	0	0	0	0	0	0	0	0	0	0	0	0	0	0.00694869	0	0	0	0	0	0	0	0	0	0	0	0	0	0	0	0	0	0	0	0	0	0	0	0	0	0
K06644	stratifin	0	0	0	0	0	0	0	0	0	0	0	0	0	0	0	0.0445666	0	0	0	0	0	0	0	0	0	0	0	0	0	0	0	0	0	0	0	0	0	0	0	0	0	0
K06664	peroxin-2	0	0	0	0	0	0	0	0	0	0	0	0	0	0	0	0.122549	0	0	0	0	0	0	0	0	0	0	0	0	0	0	0	0	0	0	0	0	0	0	0	0	0	0
K06689	ubiquitin-conjugating enzyme E2 D [EC:2.3.2.23]	0	0	0	0	0	0	0	0	0	0	0	0	0	0	0	0.026969152	0	0	0	0	0	0	0	0	0	0	0	0	0	0	0	0	0	0	0	0	0	0	0	0	0	0
K06697	proteasome activator subunit 2 (PA28 beta)	0	0	0	0	0	0	0	0	0	0	0	0	0	0	0	0.0297856	0	0	0	0	0	0	0	0	0	0	0	0	0	0	0	0	0	0	0	0	0	0	0	0	0	0
K06712	butyrophilin	0	0	0	0	0	0	0	0	0	0	0	0	0	0	0	0.0351802	0	0	0	0	0	0	0	0	0	0	0	0	0	0	0	0	0	0	0	0	0	0	0	0	0	0
K06713	inducible T-cell co-stimulator	0	0	0	0	0	0	0	0	0	0	0	0	0	0	0	0.0645343	0	0	0	0	0	0	0	0	0	0	0	0	0	0	0	0	0	0	0	0	0	0	0	0	0	0
K06714	arginine utilization regulatory protein	0	0	0	0	0	0	0	0	0	0	0	0	0	0	0	0	0	0	0	0	0	0	0	0	0	0	0	0	0	0	0	0	0	0	0	0.207665	0	0	0	0	0	0
K06717	ADP-ribosyltransferase 4	0	0	0	0	0	0	0	0	0	0	0	0	0	0	0	0.0297256	0	0	0	0	0	0	0	0	0	0	0	0	0	0	0	0	0	0	0	0	0	0	0	0	0	0
K06726	D-ribose pyranase [EC:5.4.99.62]	0	0.502163	10.0586733	1.4351692	0.885835	0.7354559	12.0756401	0.2760952	0	1.8722961	2.402798	4.4681477	10.016811	9.551889	38.2382081	1.709076	1.561762	0.1597515	2.637203	0.691749	0.159008	4.8221165	4.3400235	0.456193	0.7647841	0	1.4991198	0.8643986	4.625	6.4740524	7.5753348	1.269487	20.6330154	3.1727177	0.512572	8.7860672	0.7407885	2.043166	0.100841	0.1356103	0	10.8832314
K06745	programmed cell death 1 ligand 1	0	0	0	0	0	0	0	0	0	0	0	0	0	0	0	0.028743	0	0	0	0	0	0	0	0	0	0	0	0	0	0	0	0	0	0	0	0	0	0	0	0	0	0
K06747	immune costimulatory protein B7-H4	0	0	0	0	0	0	0	0	0	0	0	0.0141476	0	0	0	0.0223169	0	0	0	0	0	0	0	0	0	0	0	0	0	0	0	0	0	0	0	0	0	0	0	0	0	0
K06751	major histocompatibility complex, class I	0	0	0	0	0	0	0	0	0	0	0	0	0	0	0	0.034541	0	0	0	0	0	0	0	0	0	0	0	0	0	0	0	0	0	0	0	0	0	0	0	0	0	0
K06779	mucosal vascular addressin cell adhesion molecule 1	0	0	0	0	0	0	0	0	0	0	0	0	0	0	0	0.0130374	0	0	0	0	0	0	0	0	0	0	0	0	0	0	0	0	0	0	0	0	0	0	0	0	0	0
K06793	versican core protein	0	0	0	0	0	0	0	0	0	0	0	0	0	0	0	0.0272138	0	0	0	0	0	0	0	0	0	0	0	0	0	0	0	0	0	0	0	0	0	0	0	0	0	0
K06827	connective tissue growth factor	0	0	0	0	0	0	0	0	0	0	0	0	0	0	0	0.0310397	0	0	0	0	0	0	0	0	0	0	0	0	0	0	0	0	0	0	0	0	0	0	0	0	0	0
K06844	netrin 3	0	0	0	0	0	0	0	0	0	0	0	0	0	0	0	0.0837314	0	0	0	0	0	0	0	0	0	0	0	0	0	0	0	0	0	0	0	0	0	0	0	0	0	0
K06847	RGM domain family	0	0	0	0	0	0	0	0	0	0	0	0	0	0	0	0.0432461	0	0	0	0	0	0	0	0	0	0	0	0	0	0	0	0	0	0	0	0	0	0	0	0	0	0
K06848	hyaluronan and proteoglycan link protein 1	0	0	0	0	0	0	0	0	0	0	0	0	0	0	0	0.0436854	0	0	0	0	0	0	0	0	0	0	0	0	0	0	0	0	0	0	0	0	0	0	0	0	0	0
K06855	mitogen-activated protein kinase 4/6	0	0	0	0	0	0	0	0	0	0	0	0	0	0	0	0.0373327	0	0	0	0	0	0	0	0	0	0	0	0	0	0	0	0	0	0	0	0	0	0	0	0	0	0
K06857	tungstate transport system ATP-binding protein [EC:3.6.3.55]	0	0	0	0.691873	0	0	0	0.101686	0	0	0	0.135763	0.560739	0	0	0.451344	0.488337	0	0	0	0	0.18429	0.672039	0	0	0	0.0843287	0	0	0.851436	0.28568	0.066674	0.586063	0	0.0848005	0	0	0	0	0	0	0
K06858	vitamin B12 transport system substrate-binding protein	0	0	2.72634	0	0	0.0335946	1.199802	0	0	0.0362632	0.389242	0	7.80396	4.62884	28.892	0	0.282768	0	0	0	0	0.0425855	0.0319322	0.0254498	0	0	0.272074	0.102481	0.70727	0.0459639	0.0263199	0.0226868	9.34359	0.623102	0.0398601	1.6281	0	0.0404813	0	0	0	0.351025
K06859	glucose-6-phosphate isomerase, archaeal [EC:5.3.1.9]	35.8071	25.3133	0.888559	11.2436397	17.5013	13.8872721	12.1130388	3.33195	5.21951	9.219864	4.3432942	0.330856	1.114012	1.89295	0.123549	0	0.3447933	3.932579	4.8580575	33.629113	26.124672	3.206637	4.4299092	0	0.0999404	9.1995521	14.9725328	2.279778	0	2.489838	0.766855	4.33583	14.343004	11.2751376	2.45687	1.9602657	20.53717	33.23443	44.8143421	62.4882794	56.0394	3.6992838
K06861	lipopolysaccharide export system ATP-binding protein [EC:3.6.3.-]	0.277947	0.688399	10.0425342	0	0	0.364201	4.3964	1.5310678	0	2.785873	3.89519	2.4768369	7.0779347	9.431534	27.1716	4.6353967	0.639173	0.6644855	0.767507	0.0870725	0	2.7881314	0.4512498	0	0	1.56787	0.358397	1.114809	6.88027	0.7879453	1.114607	1.200763	10.654696	2.8609547	4.2134631	2.53559	0.856843	3.3650531	6.9136223	0.9598445	0	3.193342
K06862	NO_NAME	0	0	0.623668	0	0	0	0	3.64676	0.104239	0	0	0	0	0	0	0	1.461276	0	0	0	0	0	0	0	0	0	0	0	0	5.25562	0	0	0	0	0	0	0	0	3.21364	0	0	0
K06863	5-formaminoimidazole-4-carboxamide-1-(beta)-D-ribofuranosyl 5'-monophosphate synthetase [EC:6.3.4.23]	0	0	0.230546	0	0	0	0	7.85223	0.3581955	0	0	0	0	0	0	0	5.579128	0	0	0	0	0	0	0	0	0	0	0	0	8.11076	0	0	0	0	0	0	0	0	8.24142	3.28789	0	0
K06864	NO_NAME	6.253581	2.675073	2.0952215	5.254313	0.792937	3.446352	9.217358	6.284057	5.8293189	2.42001	15.300442	0.503056	1.5332946	8.0340325	3.7288526	3.8607508	16.8117233	4.4822986	9.2448317	8.94171	24.871688	2.756142	3.647897	1.6506263	2.554186	1.237778	1.496717	0.908101	0.433308	4.0723291	11.5421937	21.7831991	6.508815	23.893233	4.8808049	1.577589	0.996637	0.4875516	5.1539173	2.256726	2.793239	0
K06865	NO_NAME	0	0	0.188314	0	0	0	0	1.64466	0	0	0	0	0	0	0	0	0.559781	0	0	0	0	0	0	0	0	0	0	0	0	2.40129	0	0	0	0	0	0	0	0	1.58846	0	0	0
K06866	autonomous glycyl radical cofactor	0.0639575	0.579419	10.33719	0	0	0.179299	3.373039	0	0	1.431803	6.695836	0.0506484	6.44088	6.92854	13.1069	1.05937	0.393337	0.519546	0.636951	0.184	0	0.0730287	0.350702	0.0216291	0	0	0.514621	1.176063	3.27943	0.05542	0.700466	0	10.9193883	2.2392633	0.628393	1.49793	0	0.150162	0	0	0	2.025475
K06867	NO_NAME	0	0	4.202996	0.247464	0.140443	0.0358944	0.269079	0.096669	0	0	1.368967	0	8.9121	4.951746	33.20991	0.127845	0.376164	0	0.13664	0.037352	0	0.0562129	0.2435071	0	0	0	0.2208884	0.1042212	10.827127	1.134714	0.302131	0	38.185119	0.611573	0.4848804	2.5460541	0	0	0	0	0	1.5590266
K06871	NO_NAME	43.9776229	30.2363883	13.1079906	12.7967649	21.8795404	21.7357481	23.2205899	14.4809742	12.8708153	18.77337969	10.303527	31.1298094	37.0117348	20.1294985	72.7733861	32.3726136	12.1445284	22.4948389	25.9119848	42.7501346	38.9251197	13.2724447	8.23676329	22.1403685	29.456872	24.7496033	32.0899678	42.8789181	4.953388	21.1370037	4.0470708	10.8797315	35.54999	23.4746113	11.3529301	8.765867	28.5156105	40.6170441	57.8896056	77.0867955	69.6715165	9.6442909
K06872	NO_NAME	14.42273	8.2146	12.95413	0.308707	1.266107	4.1735466	13.0431582	14.1112924	13.3611751	12.992632	25.5780828	22.044851	12.1103074	12.274913	5.508926	21.1085365	24.1883226	9.6736314	14.9876168	12.952479	44.0424311	10.2665635	2.8672938	12.033657	1.8996369	12.048711	4.4086548	21.033376	60.9089134	9.7308381	14.2805388	26.949578	17.51472	33.4092217	12.6074501	18.4083759	14.5578019	21.7803328	12.6028547	10.5193592	16.3845809	14.2950755
K06874	NO_NAME	0	0	0.301561	0	0	0	0	2.03148	0.077421	0	0	0	0	0	0	0	0.905996	0	0	0	0	0	0	0	0	0	0	0	0	2.58038	0	0	0	0	0	0	0	0	2.13504	0	0	0
K06875	NO_NAME	0	0	0.217066	0	0	0	0	7.45331	0.250777	0	0	0	0	0	0	0.0260393	6.091599	0	0	0	0	0	0	0	0	0	0	0	0	9.62863	0	0	0	0	0	0	0	0	11.34879	4.53531	0	0
K06876	NO_NAME	0	0	0	0	0	0	0	0	0	0.0721908	0	0	0	0	0	0	0	0	0	0	0	0	0.0645715	0	0	0	0	0	0	0	0	0	0	0	0	0	0	0	0	0	0	0
K06877	NO_NAME	0.720552	0.367302	0.2750481	0.397026	0	0	0	1.7345861	0.0679043	0.0675861	0	0.56605	0.751519	0.085584	0	0.645997	1.083716	0	0	0.0470748	0	0.170283	0.8527253	0.1291923	0	0	0	0	0	3.7372281	0.5630573	0.0617544	0.188867	0.291764	0.08063	0.830925	0	0	1.98699	0.256088	0	0
K06878	NO_NAME	0.1989003	0.434061	11.6109756	0.4898413	0.5324069	0.4946998	7.371558	0	0.235793	15.607942	12.0620496	0	8.0584	5.924266	35.5471116	1.837655	1.2069932	1.941918	2.8795074	3.5200883	0	27.3145	54.043265	1.266835	0.3694843	0	0.32763	0.427042	0.0438758	0.3275132	21.1256078	3.267894	10.9538336	2.7332493	1.928881	7.6827019	0.0540628	0.128912	0.131919	0.3751876	0.5140871	7.970593
K06879	7-cyano-7-deazaguanine reductase [EC:1.7.1.13]	0.152454	0.849646	8.90267	0	0	0.385181	2.5333516	0.0380009	0	1.2042598	4.66023	2.304904	0.892016	3.94704	4.31241	0.292565	0.422155	0.327217	0.45602	0.291454	0	0.541378	0.254528	0.0878357	0	0	0.0984437	1.083695	3.67276	0.0889698	0.6774341	0.889905	16.4992589	0.9800158	0.124277	0.573089	0	0.0846986	0	0	0	0.921993
K06880	NO_NAME	0	0	0	0	0	0	0	1.13507	0.610356	0	0	0	0	0.0973094	0	0	0	2.26668	1.81817	0	0	0	0	0.685125	0.197977	0.711071	0.0758512	0.0735393	0	0	0	0	0	0	0.129668	0.331175	0	0	0	0.100583	0.488004	0
K06881	bifunctional oligoribonuclease and PAP phosphatase NrnA [EC:3.1.3.7 3.1.13.3]	3.7637315	3.054438	2.3635315	5.2233118	2.0222807	5.664787	8.6833788	12.067733	8.297301	5.2878209	14.70108	22.6652851	8.424572	7.8670537	3.2604643	12.1138336	14.9047768	4.6664547	5.2014521	9.1799507	23.87552	7.7252869	7.0001653	4.4127013	0.9448088	14.695913	2.8711029	10.1007699	62.28655	11.9574097	9.6682291	20.6733609	4.2243413	18.8449462	4.6347136	5.9657347	0.8060728	1.612253	8.478427	6.0220744	2.3076812	5.0140886
K06883	NO_NAME	0	0	0	0	0	0	0	0	0	0	0	0	0	0	0	0	0.0548225	0	0	0	0	0	0	0	0	0	0	0	0	0	0	0.112224	0	0	0	0	0	0	0	0	0	0
K06884	NO_NAME	0	0	2.3408283	0.0554804	0	0	0	0	0	0.517553	0	0.280254	2.97098	4.24419	16.5387639	0	0	0	0	0.0534857	0	0.0551249	0	0.327819	0.0536326	0	0	0.1056214	0	0	0.0572708	0	3.63625	0	0.162525	2.0001303	0	0	0	0	0	1.128479
K06885	NO_NAME	0.124666	0	0.6804304	0.822689	0.2317647	0.239344	0.233694	1.52987	0.110268	1.745746	1.3033385	0.502667	0	0.119952	0.0516479	0.1782353	0.496299	0.0577479	0.209232	0.0815875	0	1.632018	0.632101	0.567548	0.089117	0	0	0	0.89709	5.0667442	0.162972	0.211466	5.78537	0.9492909	0.434671	3.466746	0	0.127965	2.029461	0.0761624	0.0811106	1.3879561
K06886	hemoglobin	0	0	0.0430389	0	0	0.047475	0	0	0	0	0	0	0	0	0	0	0	0	0	0	0	0	0	0	0	0	0	0	0	0	0	0	0	0	0	0	0	0	0	0.172037	0	0
K06887	NO_NAME	0	0.196499	1.21538	0	0	0.0197133	0.4287779	0	0	0	0	0	3.1891	1.65808	14.6564	0	0.15206	0	0	0	0	0.0332142	0.0309385	0	0	0	0	0.0972519	0	0	0	0	3.80989	0.479798	0	0.097325	0	0	0	0	0	2.211995
K06888	NO_NAME	0	0	0.124411	0	0	0.193366	0.18947	0	0	0	0	0	0	0	0	0	0	0	0	0	0	0.123632	0.0571725	0	0	0	0	0	0	0	0	0	0	0	0	0.0553145	0	2.50447	0	0	0	0.136071
K06889	NO_NAME	55.2349762	43.042925	27.4094263	69.8709146	124.3025197	48.9445479	35.654926	31.8188257	44.1777891	21.296873	20.4290123	64.6019946	82.6566674	17.2130115	17.1268889	22.4592737	40.0144497	30.9542599	17.4290062	85.7819431	49.9091631	87.528425	121.7798575	5.7041738	24.2547956	48.4462133	76.9673295	61.7706235	74.14445	35.2339749	90.6544321	45.0325939	91.6171979	34.0103132	43.8802255	30.6047944	86.5373504	95.5068443	148.8127551	131.7877065	89.5171192	51.1611851
K06890	NO_NAME	6.245307	34.42055	11.660526	7.3932986	66.6738795	0.4915889	1.4758001	11.7654968	9.6549854	15.2432051	11.897554	0.0593759	14.22991	5.337433	25.7440162	4.4893988	1.231802	8.3800207	8.371431	7.2687027	0.367893	17.3894362	40.7356869	8.0306432	0.6661156	25.5543545	22.603462	0.6718485	2.759808	1.8053543	5.7133443	3.2715309	17.23873	4.808618	12.4499124	10.840185	3.8038346	8.000287	5.0449898	2.1240915	2.7163201	11.737065
K06891	ATP-dependent Clp protease adaptor protein ClpS	0	0.317156	7.8098799	0.670631	0	0.149843	3.8913927	0.157432	0	0.977277	1.513284	0	3.96131	6.6342706	14.7797	1.845267	0.502624	0	0	0	0	1.0346	1.110153	0	0	0.16015	0.443549	0.527984	4.071655	0.986581	1.839026	0	19.252889	2.6796001	0.718094	1.343759	0	0	0	0	0	2.524932
K06893	NO_NAME	3.73816	3.80727	8.42006	0	0	2.39687	2.3117	5.22334	8.12055	6.050708	4.84407	0	2.41722	2.3089	0	2.25215	0.726639	0.38087	0.4971443	1.62948	0	2.32347	0.431918	1.731333	0	3.65562	0.948596	0.219457	0	1.86669	0.642556	1.41946	23.0307	8.775042	4.0158899	0	2.72587	6.17748	1.29008	2.8605	0.597459	8.70537
K06894	NO_NAME	0.173951	0.196647	0.9072919	0.315049	0	0.07684685	0.93783358	0.268777	0	0.101337	0.675844	19.96117333	3.6239027	3.0064309	5.516831	4.378127	0.8479889	0	0	0	0.0126493	1.65012205	1.25882118	0	0	0	0.2132332	5.3109366	57.8711625	1.83578334	0.4724629	1.0787156	8.9760943	0.4941566	0.1921864	0.6273319	0.0852495	0.4127795	0	0	0	1.39424986
K06895	NO_NAME	0	0.27898	20.443553	0.131103	0	0.6385289	2.953472	0.265897	0	2.35251	0.44108	0.1770519	0.662154	8.96281	25.702764	0.7511043	1.106397	3.176559	1.164986	0.0931947	0	41.0713049	76.5526806	0.1174212	0	0	0.0410732	0	1.91332	1.459785	1.121817	0	2.84421	2.27726	0.501037	1.496172	0.110205	0.0771107	0	0.114692	0.0458005	2.0417869
K06896	maltose 6'-phosphate phosphatase [EC:3.1.3.90]	0	0	1.2591924	3.0776495	0.0513476	1.7184057	4.592148	5.4804698	4.965685	13.4262077	24.704665	1.02137	0	10.9546186	2.320615	2.66942	0.361112	0.301269	0.32472	6.68404	14.790957	0.362087	0.357097	0.0520819	0.0651196	0	0	0.1075437	0	6.65597	13.1980058	24.814207	0.0545211	0.471779	1.6112418	5.2783312	0	3.7713244	0	0.0661683	1.069449	0.8276623
K06897	NO_NAME	2.7169962	2.54542	3.3660377	0.326718	0	1.66492	2.3777718	2.1784141	4.39351	1.194047	2.66555	20.2696364	5.9423854	1.6136109	0.273813	5.7544069	5.194824	1.159975	1.807102	3.2217301	10.776572	3.8173351	3.306584	0.0566889	0.489921	0.924717	1.8942945	7.8199641	56.2667	4.0125703	2.243863	1.733719	0.5308631	1.5863298	1.7737725	5.9718871	0.1932019	0.6201722	2.700396	6.54574	10.884878	0.9405795
K06898	NO_NAME	3.2690163	1.5532571	1.8054386	6.026174	1.08239	1.806382	1.644806	3.7879991	1.7219813	1.085704	2.00102	0.407036	1.2508446	0.2879079	0.0547271	1.6828458	2.826549	3.5809262	10.865021	2.4779077	3.3007505	3.200793	3.8444731	1.244239	2.998903	1.4916018	1.701762	1.7769386	0.254689	4.8773134	1.870529	2.587792	3.537279	2.2763583	1.7251159	1.2495177	1.411102	2.1051606	3.9091756	2.5420803	3.0891728	2.6455928
K06899	NO_NAME	0.114641	0.420186	6.12898	0	0	0.301327	2.7450447	0.0215179	0	0.953283	4.498726	0	4.86349	4.64981	17.0254	0.227007	0.0417029	0.584959	0.410675	0.285377	0	0.0260568	0.133905	0	0	0	0.0902258	0.749246	1.464314	0.0393952	0.438813	0	10.6465071	1.44866	0.211705	0.661424	0	0.0174538	0	0	0	1.83253
K06901	putative MFS transporter, AGZA family, xanthine/uracil permease	48.0324378	67.0713326	28.4442189	33.22237	86.029204	79.03402116	66.6614797	19.69573741	26.5407206	35.64201883	39.951214	3.7910129	38.7536174	55.5904697	66.4721814	6.1913865	23.8630087	16.806923	20.228504	89.1103975	63.6317212	21.7649273	45.043539	20.6216849	17.4878046	37.8797735	71.7686975	4.71693266	13.9549891	13.0730321	64.3163284	43.4006637	58.7461622	39.8176662	25.386417	17.2864081	73.7439639	58.1133688	77.2132994	102.1077193	103.349426	19.3093253
K06902	MFS transporter, UMF1 family	12.1657903	45.946126	13.002236	11.3110913	95.3180693	10.818175	6.5820424	18.365957	14.0761554	3.828159	3.48464	10.798983	11.2312912	1.1102393	0	2.238285	3.2218387	15.019786	8.059592	8.56846	0.787513	26.935321	56.0711988	7.7556102	2.092293	33.687633	32.004091	2.238587	24.4788	3.216993	8.825589	4.968536	8.1068777	5.8646325	14.0825485	1.6026807	8.121602	7.7884306	0.3267332	1.2710296	5.0215056	11.4601729
K06903	NO_NAME	0	0.0899397	0	0	0	0	0.531757	0	0	0.24669	0.491291	0.629142	0.303161	0.151578	0	1.17442	0.0520358	0.0483779	0.230203	0	0.0725503	3.470729	0.570071	0	0	1.7028999	0.277888	0	0	2.60502	0.543645	0	11.4635434	0	0.110543	0	0	0	0	0.168729	0	0
K06904	NO_NAME	0.219715	1.636435	5.12005	0.5192235	0.370297	13.2139	3.56263	0	0	1.01116	0.144546	3.70389	5.46433	0	0	0.0646225	0	0	0.0429034	0	0	0.959814	0.5896101	0.0439317	0.429595	0	0	0	0	0.39845	0	0	0.1717493	0.2993	0.0430331	0.808832	0.125358	0.58044	0	0.112486	0.124159	0.329483
K06905	NO_NAME	0.455024	0.360474	0.139793	0	0	0	0	0	0	0	0	0	0	0	0	0	0	0.0753499	0.351236	0.0502619	0.192502	2.72945	0.129176	0	0	1.885441	0.496318	0	0	0	0	0	11.078654	0	0.0756771	0	0	0	0.118955	0.243727	0	0
K06906	NO_NAME	0	0	0	0	0	0	0	0	0	0	0	0	0	0	0	0	0	0	0	0	0	0	0	0	0	0	0.039232	0	0	0	0	0	11.9297	0	0	0	0	0	0	0	0	0
K06907	NO_NAME	1.95694	0.764487	1.36363	0	0	0	0.2070081	1.90942	0.611468	1.493891	1.09057	0	0	0.0668903	0.024496	1.45933	0	0	0.308972	0	0	3.1315103	0.119481	2.40133	0.195614	3.734253	0.543374	0	0	0.0459076	0	0.502072	12.9561976	1.1826008	0	5.72894	0	0.193065	1.735969	2.249681	0	16.5484534
K06908	NO_NAME	2.283569	1.891756	2.4942	0.661603	3.2625	1.02559	0.707987	1.32243	2.33118	0.216	0.789223	0.140127	1.28292	0.18403	0.0204257	1.15591	0	3.178781	2.75844	12.4991788	0.482325	2.6177187	0.155678	0	0	6.17292	4.259838	0	0	1.23032	0	0.487759	3.1799028	0.992857	4.06053	0	0	0	0.0509809	0.577794	0	0
K06909	NO_NAME	0	0	0	0	0	0	0	0	0.0370754	11.7320239	6.4458857	0	0	0.179927	0.105448	0	0.0622885	0.2444356	0.150199	0.0370852	0	0.122695	0	0.675813	0.275206	0	0.13724	0	0	0.407933	0.2469	0.169134	0	0.164495	0.639415	0.227346	0	0	0	0.260101	0	0.8539138
K06910	NO_NAME	4.032318	48.955678	22.1880292	17.7124695	126.3175338	40.5128583	20.5151436	14.1599413	13.811071	1.957449	1.131002	3.964474	26.0974911	0.437088	0.0234545	2.0257459	2.6400088	9.3683866	2.390796	37.1796325	0.9654709	30.1645627	73.542538	0.1218554	0.386996	38.3657369	40.8276706	0.3883726	4.906	4.873646	37.6802581	12.1301698	47.129531	3.9650094	15.2501378	2.5456185	37.0296136	21.1983677	18.248122	1.7798672	27.7256651	8.4444824
K06911	NO_NAME	1.0446927	1.5112672	9.0411139	0.5527727	0	0.744195	3.335681	1.259037	0.0467665	1.218801	1.635456	40.9380374	17.980926	13.857898	94.0703093	10.880023	1.644372	0.0840926	0	0	0	4.024988	2.5739119	0.153637	0	0.632081	0.903069	10.600758	112.80043	4.4835893	0.88364	1.776167	56.343101	2.7734829	0.3951389	4.3676108	0.1096819	0.7589137	0	0	0	4.791839
K06913	NO_NAME	0	0	0.253466	0	0	0	0	1.66378	0.0532418	0	0	0	0	0	0	0	1.05729	0	0	0	0	0	0	0	0	0	0	0	0	2.1578	0	0	0	0	0	0	0	0	1.61884	0	0	0
K06914	tyramine---L-glutamate ligase [EC:6.3.4.24]	0	0	0.277362	0	0	0	0	1.4957	0.113703	0	0	0	0	0	0	0	0.472851	0	0	0	0	0	0	0	0	0	0	0	0	2.44742	0	0	0	0	0	0	0	0	1.51299	0	0	0
K06915	NO_NAME	2.152563	0.729692	2.883601	0.319087	0.391431	0.2016434	1.4510364	1.6375395	0.0866418	1.588214	2.097419	0	0.254953	3.2134	0.7153708	0	1.055459	0.5163677	2.4279	1.4751843	0.151459	0.215876	0.250691	1.2039492	0.5966173	0	1.8702682	0.0297383	4.71366	3.1000842	1.6241497	1.1081704	9.9926328	2.389364	1.9407821	2.232845	1.13625	1.38219	1.972357	0.046303	0	3.8939763
K06916	NO_NAME	0	0	4.5031497	0	0	0.1704696	0.9589715	0.0631017	0	0.7438139	1.398695	0.0344234	6.80539	5.09778	26.0713	0.232981	0.3119472	0.0887918	0	0	0	0	0.1509068	0	0	0	0.2917963	0.215728	3.78059	0	0.3093471	0.0352678	15.23751	0.3646663	0.3052262	2.433536	0	0.134731	0	0	0	1.0405123
K06917	tRNA 2-selenouridine synthase	0	0.193761	3.2767388	0	0	0.2691392	1.1453352	0	0	0.901924	0.420162	0	4.40718	2.16867	16.1038	0.467973	0.1556839	0	0	0	0	0	0.0847158	0	0	0	0.0365698	0	0.744384	0	0.2684841	0	14.142282	0.1027745	0.289255	0.282976	0	0	0	0	0	0.2490687
K06918	NO_NAME	0	0.441807	3.06031	0	0	0.134474	1.62408	0.0146205	0	0.0623169	0	0	2.61	4.53937	14.3082	0	0.147501	0	0	0	0	0	0.0362658	0	0	0	0.0895992	0	2.009826	0	0.43193	0.0241003	4.54623	1.3379	0.0693081	0.493799	0	0	0	0	0	1.31624
K06919	NO_NAME	61.7746896	63.7817325	37.0832129	60.3050637	38.831312	23.8476281	38.3572801	71.96063	70.07649	50.9493447	36.201542	6.3515652	10.9570108	19.8649389	10.8629584	7.8062656	70.601587	59.273007	84.1628146	41.287962	26.70507	32.7662256	12.4065024	104.931341	36.7786055	103.8839	80.6858584	36.5645939	0.040159	38.069368	27.5545573	34.3484456	28.491894	21.4012393	33.9983724	35.771792	68.214112	63.8301045	15.2190846	29.882488	47.3278072	87.0285657
K06920	7-cyano-7-deazaguanine synthase [EC:6.3.4.20]	40.109606	31.254973	16.5829406	21.587677	29.31048	48.8755675	53.2314907	29.1961956	30.9884937	50.945413	58.1427136	21.9431554	24.1104217	29.754432	26.71996	28.9184045	42.704834	19.4773868	24.4305235	56.639623	68.757696	15.6211555	8.8667328	47.6623103	30.9202283	31.9105914	58.5568325	48.706679	67.1458956	25.1853738	24.1656898	40.2581903	44.015873	62.7818256	34.6614842	9.445337	40.1750483	47.4147937	64.700537	75.7708392	63.934492	14.432728
K06921	NO_NAME	12.7574183	4.852281	6.546263	5.008142	3.30477	42.9225531	18.014568	10.6017714	5.1657188	13.8081468	5.3498277	4.5115537	4.4139047	0.950713	0.0415734	11.6878683	6.2351979	4.1032097	17.147724	24.248986	55.3280246	5.925024	3.4994809	3.6681571	12.812001	10.4681497	5.934327	6.2702257	1.286087	3.8211805	4.8326737	7.939753	46.0892109	34.088487	8.8950567	6.5803228	24.5126793	17.5183864	0.148261	0.0671473	11.911418	6.386645
K06923	NO_NAME	8.024379	9.754646	9.1493919	6.640898	11.81977	29.131727	23.860459	13.015542	17.173629	6.973115	10.394616	0.7908515	11.6637391	5.339785	1.53777	4.810901	13.979187	13.5361802	17.6414316	16.1463408	19.423337	7.8663981	3.1436127	22.1842337	26.0659662	14.2850355	33.2846241	4.3404564	0.0726693	10.457771	9.245633	15.308468	19.229933	15.5477383	15.873769	6.9855256	19.069573	17.7326154	13.481446	26.8313743	18.7287489	24.7798625
K06925	NO_NAME	55.2564993	69.3207731	24.3942465	61.8609902	105.8201947	21.4037301	18.6042336	27.004954	28.0895808	58.35461	49.3711715	3.1189803	40.112465	19.362875	28.706943	6.5976284	25.627951	17.8970782	13.77637	78.3853775	50.1403818	70.1957682	122.0857338	25.1603913	11.4680348	47.323402	71.3233583	11.200584	5.924851	18.2372132	94.9108188	27.4181212	41.3514206	21.9304651	46.8780236	19.0149542	48.5269806	49.8229789	104.7152381	99.9048253	68.0447027	34.3789343
K06926	NO_NAME	1.46321	0.273131	5.43802	1.1412	7.04819	2.34541	13.0897	19.06261	25.8543012	11.9932	0.456806	0	8.0262	2.55693	0.271089	0.344543	1.65674	8.908183	16.248	0.408873	0	0.80589	0.199008	0	0	3.4064	0.3459436	6.79627	0.720482	3.855385	2.69148	10.27842	2.418754	0.4515042	12.4771	0.108166	18.55948	6.84522	0	0.35001	7.633608	5.607506
K06927	NO_NAME	0	0	0.19202	0	0	0	0	1.93763	0.0792289	0	0	0	0	0	0	0	0.505719	0	0	0	0	0	0	0	0	0	0	0	0	1.99421	0	0	0	0	0	0	0	0	1.81514	0	0	0
K06928	nucleoside-triphosphatase [EC:3.6.1.15]	3.38798	9.82562	2.27856	21.1288	11.6313	6.24904	3.62081	9.41369	8.26616	1.26288	3.39291	0.889249	8.3149	3.47003	1.07282	1.91904	9.6203	7.39666	7.76101	4.30307	3.25238	7.79219	8.68116	3.94773	0.624744	4.35762	10.5352	0.383469	0	6.82195	2.34122	6.181	0.695304	1.11318	8.65524	7.17878	5.42525	7.13878	14.6350085	8.71672	2.63744	7.00727
K06929	NO_NAME	0.0373829	0.2450745	4.197477	0.437941	0	0.254278	2.239656	0.0773777	0	0.757273	1.349877	0	8.93873	3.052491	0.0247592	0.565103	0.103127	0.1419198	0	0.072363	0	0.0908974	0.0113193	0.0127183	0	0	0.120723	0.3739336	2.5085	0.0981642	1.138586	0.186507	9.25508	1.1178834	0.12269	1.125882	0	0	0	0	0	1.897391
K06932	NO_NAME	0	0	0.258715	0	0	0	0	1.92623	0	0	0	0	0	0	0	0	0.63595	0	0	0	0	0	0	0	0	0	0	0	0	2.55887	0	0	0	0	0	0	0	0	1.84217	0	0	0
K06934	NO_NAME	40.7234292	30.32455	0.707228	16.0167	20.3745	17.1004	12.7896	4.046679	6.66363	9.269128	5.925539	0	0.79799	2.53007	0.302188	0	0.6124908	4.985282	6.36629	41.7079	33.0086	3.9320335	5.47097	0.866698	9.28592	11.383552	17.9844	2.8090406	0	2.5659088	0.758261	3.71379	15.996	12.0787	3.335966	0.481601	26.077781	33.680639	51.6996	78.6996	73.4427	0.2304968
K06936	NO_NAME	0	0	0.266058	0	0	0	0	1.68586	0.0813649	0	0	0	0	0	0	0	0.634765	0	0	0	0	0	0	0	0	0	0	0	0	2.33337	0	0	0	0	0	0	0	0	1.70682	0	0	0
K06937	NO_NAME	0.807091	0.4476643	0.236205	0.971636	0.0774355	0.179697	0.0628866	1.59261	0.1316734	0	0	0.069542	0.2637556	0	0	0.670776	0.8665376	0.126202	0	0.293097	0.0937132	0.257461	0.1522634	0	0	0.140413	0.3781022	0	0	2.56501	0.42306	0.0520283	0.3284334	0.234859	0	0	0	0	2.05897	0.0841885	0.247406	0.196014
K06938	NO_NAME	0	0	6.82403	0	0.023122	0.466177	2.614588	0	0	0.936949	1.02382	0.0934181	3.42113	6.60207	13.344	0.786959	0.306803	0.0964871	0	0	0	0	0.2735488	0	0	0	0.191145	0.277978	3.48813	0	0.60707	0.0449785	30.382871	0.8450831	0.288322	1.48366	0	0	0.0242766	0	0	0.6161239
K06940	NO_NAME	3.0304974	3.3125964	23.159289	4.134666	2.254003	5.1333252	8.119556	6.73143	5.658854	2.0234013	4.3932334	28.007057	48.4240628	9.199397	63.0334	5.114102	5.5110257	2.5878322	2.624092	2.7774098	2.54428	7.9875783	11.6854212	7.300085	0.5060609	16.0630363	3.852249	0.940477	3.17807	8.8586282	2.6789598	2.003346	22.1019964	11.687809	2.9697033	3.02878	3.0371832	26.940369	7.079571	7.3388882	3.247653	12.1636749
K06941	ribosomal RNA large subunit methyltransferase N	14.9429534	37.1514102	14.6814419	18.8094665	72.4864514	30.0606514	27.5997827	16.3381252	13.9333202	65.8030366	59.3879957	52.4055557	41.0650812	16.8073213	14.1231582	34.4932803	19.3474458	10.138723	7.2425779	42.1291117	32.5791178	30.5275347	53.3155571	18.327032	6.387307	28.4750255	25.3313483	40.6721957	63.9231759	17.1671959	34.4698982	34.5474702	55.2411156	45.8707157	20.8428624	9.0958093	34.1361293	44.5863772	22.6793488	3.0276504	10.69795	14.2389428
K06942	NO_NAME	34.6682878	23.700844	6.2529645	17.1636209	14.8034199	12.731324	22.867307	5.8010212	5.7438273	15.2456674	11.588384	18.8378003	9.3903526	11.1382506	1.5635238	26.2220303	1.8936398	5.95254	5.6004951	30.1333701	21.3512446	12.240329	10.9713357	3.4375672	16.457679	22.700493	20.3591903	43.4449515	49.834881	11.1771592	5.618681	9.9096254	46.7929499	19.1192124	6.8263036	9.3987011	20.94161	31.9382442	46.233392	52.715016	45.3488766	11.6250952
K06943	nucleolar GTP-binding protein	0	0	0.201718	0	0	0	0	1.64253	0.0873919	0	0	0	0	0	0	0	0.805746	0	0	0	0	0	0	0	0	0	0	0	0	2.67192	0	0	0	0	0	0	0	0	1.41099	0	0	0
K06944	NO_NAME	0	0	0.229087	0	0	0	0	3.50455	0.118056	0	0	0	0	0	0	0	2.202573	0	0	0	0	0	0	0	0	0	0	0	0	4.06135	0	0	0	0	0	0	0	0	4.47864	2.13789	0	0
K06946	NO_NAME	0	0	0.104885	0	0	0	0.0906229	0	0	0.387532	0	0	0	3.245554	0	0	0.6187627	0	0	0	0	0	0.107305	0	0	0	0	0	0	0	0	0	5.71557	1.380126	0	2.55799	0	0	0	0	0	0.213368
K06948	NO_NAME	0	0	0.2862685	1.2312471	0.128563	0.0516712	7.9678197	0	0	1.36283	0.104308	0.764339	0	7.316088	0.0192738	1.170829	0	0.2411552	1.84894	0.305105	0.624008	1.5209471	0.3806424	0.099225	0.327078	0	0.0895992	0	2.04841	0.4087008	0.622949	0.647172	5.91762	0.132044	0.3196105	2.2627885	0.124194	0.172244	0	0.0738079	3.1664923	1.8472592
K06949	ribosome biogenesis GTPase	36.9192406	26.5907379	22.1122926	14.8660708	21.9017905	18.3740309	34.1184108	23.9718889	34.1503445	52.5994562	24.7104919	27.6952946	21.7116033	12.6787856	17.3026981	30.7266436	6.5892454	19.6400601	30.420196	43.2295993	35.0351303	40.6126854	68.1117175	9.1171268	15.936181	20.8814623	22.4433725	50.9658411	66.0922266	16.4341977	22.379953	18.1275937	35.3329221	21.539346	14.9191755	13.0031426	39.9474385	44.1204961	46.4135775	84.5078139	64.5158911	19.2543717
K06950	NO_NAME	33.0033991	48.1028165	35.0661973	32.9625344	92.3597111	110.1197628	62.2981624	37.2883707	25.6521551	14.0921305	17.133743	6.5844798	48.0279893	35.5876408	26.4951762	30.1908926	36.6211896	22.456425	24.0559746	64.3463085	36.109122	71.2645624	125.7551173	22.3032495	9.4899442	38.7229588	58.9783426	39.1814529	7.1762218	27.1873982	97.619922	43.8339769	43.3240211	11.7701789	34.4867529	16.5576415	84.3599449	49.7465063	75.3153602	54.3777454	50.4147467	43.8068774
K06951	NO_NAME	0	0	0	0.670252	0	0	0	0	0	0	0	0	0	0	0	0.824571	0	0	0	0	0	0.146594	0.0804554	0	0	0	0	0	0	0	0.3571	0.0833425	0	0	0.148401	0	0	0	0	0	0	0
K06952	NO_NAME	5.362837	2.846888	6.535358	5.31545	1.97028	5.4134946	11.932575	11.474025	12.4520991	2.446417	21.205605	1.01328	14.431288	17.980726	15.2585105	3.6734954	23.569976	1.2961815	1.205292	12.909971	48.941368	1.148395	0.420844	2.85539	0.398532	2.110998	3.1523603	2.737917	0	6.671815	14.980875	27.1833152	5.138674	27.9136751	4.9060186	11.69327	0.265346	0.3973547	7.6173579	12.6253159	13.448666	0.7608202
K06953	NO_NAME	0	0	0.204821	0	0	0	0	1.71803	0.073947	0	0	0	0	0	0	0	0.503472	0	0	0	0	0	0	0	0	0	0	0	0	2.53952	0	0	0	0	0	0	0	0	2.38434	0	0	0
K06956	NO_NAME	4.66829	2.129137	1.733204	7.1488025	6.17476	0.288474	1.9643609	0.917423	0.797852	1.3325168	1.165644	0.5427245	13.4282547	3.9093	8.62174	0.802629	0.200089	2.6894495	4.05769	1.099438	1.0742686	13.8189798	10.0434932	0.1763429	2.24246	0.3463447	1.2432896	0.6142674	0.416687	0.2255144	0.7556672	0.247343	7.90277	3.4975339	1.1551775	0.652757	1.2105425	0.613067	0.268486	0.6614835	6.12967	9.0688368
K06957	NO_NAME	0.0522196	0.414762	5.3882717	0	0	0	0.2086861	0.0510601	0	0.863761	4.37476	0	4.90677	2.68844	18.8389	0.253419	0.5027778	0.348387	0.28334	0.182472	0	0	0.0831544	0	0	0	0.0829729	0.669116	1.73236	0	0.1839309	0	2.8100192	0.357779	0.113868	0.599312	0	0	0	0	0	0.181428
K06958	NO_NAME	63.0934473	68.528744	39.9900094	56.6538461	115.8174891	57.392584	47.0733533	45.7801449	52.9037833	62.5333403	47.9327171	7.9486151	49.6896298	16.231189	9.7882975	9.9105539	26.9619769	33.6151263	39.3471149	95.0937938	54.2525624	70.6924826	128.1269418	29.8227462	14.3043423	56.399412	63.7329019	18.3809664	3.1424183	23.8707831	98.8846616	42.4462945	65.1628789	26.4080959	48.930284	16.1843757	94.7268731	74.2031206	100.3975997	106.135948	94.7168541	55.8749033
K06959	NO_NAME	5.2288559	3.856592	8.9470117	6.0185777	1.2538138	4.2606579	18.2113171	9.7197966	8.0014064	14.60599	26.0707953	17.7559657	5.7360839	15.1481384	11.3647987	7.6207518	17.085292	5.8163963	5.948057	12.5071373	27.360891	7.6376375	5.9819946	2.2582612	3.7843486	11.5653462	2.8471873	6.5662774	49.068799	7.4747343	12.9238829	22.326936	19.1657289	25.2524444	6.8683923	8.5780981	1.1571054	1.5556938	7.5112892	2.6233616	3.643562	6.8654085
K06960	NO_NAME	74.1917074	67.0865082	25.2896502	156.2996558	106.792719	94.4186917	101.2566711	84.5272115	97.5610972	95.9379962	75.7829693	5.212824	66.9786592	36.7388851	9.9314547	11.1977792	72.122393	75.41261719	83.7106068	144.7068998	142.0091119	56.3681071	39.6554099	82.1319576	76.161104	77.4261481	157.93445	30.5954188	1.107342	43.1399765	103.7011434	85.5275237	69.134992	68.0466489	91.1360465	46.470494	111.9396549	92.9493565	138.7129145	186.3146916	135.7997407	80.2373352
K06961	NO_NAME	0	0	0.257765	0	0	0	0	1.98045	0.0626942	0	0	0	0	0	0	0	0.750334	0	0	0	0	0	0	0	0	0	0	0	0	2.22328	0	0	0	0	0	0	0	0	1.46293	0	0	0
K06962	NO_NAME	7.8563835	9.503514	16.9620903	32.368171	20.519634	0.160487	0.224639	10.7473126	8.7843	6.1976635	9.62053	2.049486	21.8049336	4.1638974	1.193455	2.960452	21.89469	5.3660702	2.4626227	23.846027	16.658767	54.940297	91.8144171	0.896278	0.0558288	12.323212	24.931283	9.341921	0.158551	10.44778	62.9087136	18.9061	7.9821249	5.2931	22.4467696	8.602944	20.4791907	12.7263044	40.9276361	17.6662703	0.5724569	17.0848319
K06963	NO_NAME	0	0	0.208021	0	0	0	0	1.24674	0	0	0	0	0	0	0	0	0.325397	0	0	0	0	0	0	0	0	0	0	0	0	2.37676	0	0	0	0	0	0	0	0	1.85385	0	0	0
K06965	protein pelota	0	0	0.247972	0	0	0	0	7.56996	0.285164	0	0	0	0	0	0	0.0240119	5.534474	0	0	0	0	0	0	0	0	0	0	0	0	8.46351	0	0	0	0	0	0	0	0	8.24242	3.9348	0	0
K06966	NO_NAME	12.357906	30.7157588	7.717676	17.3585731	73.3041934	43.8990909	19.4291925	18.4294283	10.774727	0.9805364	2.121786	5.3190767	7.055168	1.9532646	0.4464327	8.9251371	6.8085479	4.0889091	3.5142298	20.1576822	1.7165392	4.3674557	13.1970116	5.0547764	0.9526597	2.8703801	4.9221096	6.7886074	9.9320556	9.0077815	20.6760218	10.8841064	30.453026	2.2337796	6.2018382	5.1977051	33.80696	15.4985234	18.2565136	7.85283	18.129423	9.4482731
K06967	NO_NAME	2.7117136	2.3840003	11.2791117	4.1933712	2.1990995	5.3966429	1.460353	8.5526086	7.102772	1.0387994	2.641312	0.7036547	7.9023712	1.616269	0.3542025	2.5096342	5.55376	5.6472986	5.2164487	4.1942788	11.7298174	29.4173561	55.3354085	3.448474	0.641771	13.592334	4.3765452	1.899316	0	5.3625676	2.5204874	2.6537804	5.4769288	1.06721	2.6188654	5.6797024	0.294385	0.227138	6.020851	11.8735907	11.979476	2.4555586
K06968	NO_NAME	0.0656656	0.239075	6.168888	0	0	0.3394359	3.271	0.0239509	0	1.165933	5.894741	0.0507343	4.836915	4.872386	9.975646	0.186189	0.25859	0.457756	0.440914	0.253236	0	0.0230728	0.368158	0	0	0	0.426768	1.08349	5.930352	0	0.606055	0.0411785	17.114763	1.760931	0.236478	1.049421	0	0.0757136	0	0	0	2.311806
K06969	putative SAM-dependent methyltransferase	46.4767647	38.8190596	8.4611163	23.8518969	25.3574978	41.9536302	42.3336904	12.6061096	17.41292	19.3916027	12.1605839	27.0081095	14.8855972	15.9472742	16.2361461	18.4209623	14.5793417	18.8088502	21.848138	49.9014921	42.2827893	19.8416506	16.2294362	21.1168278	17.5896458	35.621335	49.2596787	24.340844	68.074861	13.1429808	8.8310914	17.1260386	30.1156334	17.4060555	19.428886	5.364072	38.182202	46.7354269	66.227037	98.9886484	74.0736583	5.217146
K06970	ribosomal RNA large subunit methyltransferase F	0.260051	2.237291	3.534715	0	0	0.5077165	2.7915433	0.4001925	0	5.03823	0.49694	10.221484	8.329205	1.38536	1.43316	9.9752859	0.21916	0.4990024	0	0.688185	0.3479071	3.082758	0.7239238	0	1.610283	1.1197321	0.783793	15.7033686	27.694349	0.642905	0.372654	1.006417	12.966484	1.2521514	0.3705225	0.192335	0	2.959577	0.0711361	0	0	1.2772868
K06971	NO_NAME	0.114026	0.134508	4.01337	0	0	0	0.931225	0	0	0.0857924	2.18556	0.2712274	0.253209	0.8332409	0	0.788655	0.171916	0.145391	0	0	0.26552	0.4042433	0.735228	0	0	0	0.468102	0	4.5128	0.0686565	0.471003	0	0	0.384824	0.310691	1.07191	0	0	0.177523	0.261128	0	2.079447
K06972	NO_NAME	3.830342	5.828809	4.5972118	10.6604059	5.4140707	19.471464	22.851285	11.1774555	12.9288086	3.776719	19.428321	0.6470311	2.6157491	11.8746952	4.5106231	7.4301388	21.884077	8.514349	12.04219	11.478215	32.3709854	4.817754	3.018488	14.2189195	4.6228215	6.1738474	16.2008362	0.653374	2.09438	6.9875901	13.5238561	25.9151589	5.381741	22.6318586	11.3008003	4.378572	8.5742504	4.3948895	10.3495639	22.865089	4.3611892	0.5517213
K06973	NO_NAME	37.8803356	22.9673523	5.9203324	16.1381127	16.071884	23.3584691	27.3144644	17.0807068	17.9054921	19.1869447	29.7335064	42.567464	22.7623761	14.5888234	4.9228631	34.8989052	24.7446208	12.5490755	10.7342548	44.947798	59.4698285	15.5399694	9.318977	5.7342775	32.237078	20.9503169	26.3587979	41.7618372	55.078796	19.6166185	18.7629706	38.9887342	32.471373	49.5494579	12.5153931	5.7328619	24.0037362	38.0114447	45.5260983	55.9807208	51.7374421	14.8160777
K06974	NO_NAME	0	0	0	0	0	0	0	0	0	0	0	0	0	0	0	0.0546112	0	0	0	0	0	0	0	0	0	0	0	0	0	0	0	0	0	0	0	0	0	0	0	0	0	0
K06975	NO_NAME	0.9272953	1.3243958	2.3502324	1.24805	0	1.5191819	9.997805	1.7700215	0.0387973	2.7547583	1.197605	37.1806991	7.6080707	19.836918	26.405077	9.192114	2.1557986	0.1954606	0.204525	0.0958575	0	3.549006	3.1244019	0.2450033	0.9639825	1.4334897	0.5694296	11.6587189	116.4455115	1.4733624	0.6426827	2.7049433	15.7547195	0.1627782	0.678307	4.4271632	0	0.8631062	0.11765	0.0773573	0.706474	4.1203679
K06976	NO_NAME	0	0	0.2222113	0.1691477	0.142299	0.260232	0.3493783	0	0	0.304587	0.495618	0	0	0	0.0630476	0.0501845	0.187605	0	0	0.156688	0	0.132471	0.0381695	0.375389	0.132218	0	0.0346991	0	0	0	0.5911853	0.131577	0.0428299	0.0821919	0.0407762	0.147579	0	3.99046	0	0	0	0.3880979
K06978	NO_NAME	0.441919	0.176143	0	0	0	0.286389	2.382977	1.2128131	0.878311	1.81055	1.98301	0.2549928	4.2357	0.84016	0.168744	4.77413	1.698447	0.340833	0.0894919	0.60249	0.483971	1.117354	0.965556	0.853115	0.846272	2.75689	0.861131	19.9661	0.123017	2.1208783	0.1602295	0.5358912	2.92472	4.25906	0	0.0807796	3.2604396	0.994468	0.1347187	0.099817	0	0
K06979	NO_NAME	0	0	0	0	0	0	0	0	0	0	0	0	0	0	0	0	0	0	0	0	0	0	0	0	0	0	0	0	0	0	0	0	0	0	0	0	0	0	0	0	0	0.0439097
K06980	NO_NAME	0	0	8.740533	0	0	0.2719476	2.1233351	0	0	0.214456	2.528365	0.0404699	2.4920104	3.12573	8.587254	0.424618	0.464631	0.073149	0	0	0	0.2050861	0.118505	0	0	0	0.300173	0.260918	4.40738	0	0.6054548	0	6.68616	0.927492	0.48745	1.3795114	0	0	0	0	0	1.089411
K06981	isopentenyl phosphate kinase [EC:2.7.4.26]	0	0	0.210951	0	0	0	0	1.7798	0.108317	0	0	0	0	0	0	0	0.388905	0	0	0	0	0	0	0	0	0	0	0	0	2.39711	0	0	0	0	0	0	0	0	1.68022	0	0	0
K06982	pantoate kinase [EC:2.7.1.169]	0	0	0.267089	0	0	0	0	1.76566	0	0	0	0	0	0	0	0	0.441897	0	0	0	0	0	0	0	0	0	0	0	0	2.1518	0	0	0	0	0	0	0	0	1.86301	0	0	0
K06985	aspartyl protease family protein	0	0	0	0	0	0	0	0	0	0	0	0	0	0	0	0	0	0	0	0	0	0	0	0	0	0	0	0	0	0	0	0	0.951543	0	0	0	0	0	0	0	0	0
K06986	NO_NAME	0	0	0	0	0	0	0	0	0	0	0	0	0	0	0	0	0	0	0	0	0	0	0	0	0	0	0	0	0	0	0	0	4.18288	0	0	0	0	0	0	0	0	0
K06987	NO_NAME	74.433097	47.859202	11.006435	21.04296	31.67044	31.027167	26.132904	12.4457378	19.228704	15.13695	12.503208	0.8520231	11.526987	12.0602586	3.734294	3.3407785	6.76168	14.251422	16.6337552	70.76109	62.5565277	8.315195	9.1927078	3.676759	33.4645683	22.8233577	38.644039	6.7328633	0	13.918843	5.207748	13.504077	40.468245	25.413438	8.8786055	6.66529	49.9894812	68.4283105	89.900247	125.205456	119.1736399	9.6784867
K06988	NO_NAME	0	0	0.1277763	0.0826602	0.2738963	0	6.23389	1.3845457	0.244401	0	0	0	0	0	0	0	0.676007	0	5.00455	0	0	0	2.493774	0	0	0	0.185644	0	0	2.4858128	0.2517225	0.10193	0	0.0396752	0	0.6451768	0	0	1.97011	0	0.0612503	0.1993439
K06989	aspartate dehydrogenase [EC:1.4.1.21]	0.0663081	0.1953587	0.4220716	0	0.104588	0.270683	0.423484	1.680237	0.0975243	0.987601	0.283526	0.484552	0.4740139	0	0	1.2953176	0.896592	0.266785	0.635972	0.687837	0.17337	0.885261	0.255653	0	0	0.117345	0.0792767	0.257638	0	6.01562	0.237793	0.130583	4.11442	0.116832	0	0.515401	0	0.320354	2.0468321	0.0943431	0.823915	0.390027
K06990	NO_NAME	0	0	0.18172	0.342463	0	0	0	6.30383	0.33419	0	0	0	0	0	0	0.604441	4.515462	0	0	0	0	0.0915058	0.0769011	0.13174	0	0	0	0	0	7.86132	0.121902	0	0	0	0	0	0	0	7.68584	3.27611	0	0
K06992	NO_NAME	0	0	0	0	0	0	0	0	0	0	0	0	0	0	0	0	0	0	0	0	0	0	0	0	0	0	0	0	0	0	0	0	6.78532	0	0	0	0	0	0	0	0	0
K06993	NO_NAME	1.546966	0.854153	1.6695398	2.98547	1.78033	1.99139	0.680789	2.173223	3.20229	0.115654	1.028377	0.285974	2.760661	0.778738	0.1417443	0.347074	2.981807	0.635702	0.211234	2.301945	6.57333	0.332108	0.334957	1.24791	0	1.13208	2.188544	0.8990518	2.2062	1.001921	0.6082194	1.083496	0.148971	0.786855	0.6094339	3.751059	0.116977	0	1.565697	8.12014	6.6156	0.271269
K06994	putative drug exporter of the RND superfamily	0	0.147199	0.4353645	0	0.0465835	0	0.2467033	0	0	0.13988	0.432359	0	0	0	0.0682505	0.53771	0.0760098	0	1.10771	0.0482052	0	1.21464	0.394734	4.28062	0	0	0.179472	0	0	0.0485789	0.0786184	0.1755879	0	0.1142	0	0.671568	0	0	0	0	0	0.3461274
K06995	NO_NAME	0	0	0	0	0	0	0	0	0	0	0	0	0	0	0	0	0	0	0	0	0	0	0	0	0	0	0	0	0	0	0	0	38.486131	0	0	0	0	0	0	0	0	0
K06996	NO_NAME	0	0	0	0	0	0	0	0	0	0.197102	0	0	0	0	0	0	0	0	0	0	0	0	0	0.0799313	0	0	0	0	0	0	0.0843154	0	1.168796	0	0	0	0	0	0	0	0	0.1321893
K06997	NO_NAME	46.5189128	31.3023332	15.0440897	25.2105018	41.097039	69.2306328	53.6845849	31.2783011	34.3455039	21.1929907	14.5803031	21.7755447	25.1382563	12.5169926	16.8404109	14.581188	9.1265104	22.2243603	27.350651	73.1490109	41.117893	14.2081608	20.9630722	4.2906895	29.2517312	21.9394707	30.8789077	22.1200436	60.960575	13.9619761	34.8146956	27.6466308	61.2788376	22.780247	23.602024	6.4091117	79.4212786	62.5353334	74.316387	81.8630055	97.638597	23.5095988
K06998	trans-2,3-dihydro-3-hydroxyanthranilate isomerase [EC:5.3.3.17]	0	0	0	0	0	0	0	0	0	0	0	0	0	0	0	0	0	0	0	0	0	0	0	0	0	0	0	0	0	0	0	0	9.49554	0	0	0	0	0	0	0	0	0
K06999	NO_NAME	7.41781	0.210514	5.6258609	2.7573552	1.905046	17.923976	11.018647	2.498996	0.2714057	0.8690509	0.0538025	0.5301348	18.406661	6.33923	37.3975	0.8235086	1.227155	0.820702	0.860452	2.0911915	0	1.106054	2.04824	0	0.293328	1.032513	1.434391	1.763392	0.940333	2.155815	5.766304	3.3064092	4.7881182	1.1456155	0.1236516	2.8068584	7.26608	2.73494	0	0.0774738	0.620616	4.979543
K07000	NO_NAME	0	0.413997	4.6361579	0.386338	0	0.4692757	4.44105	0.0815446	0	0.0184464	1.56309	0	3.554365	9.48432	11.38483	0.876433	0.95981865	0.0883851	0	0	0	0.207892	0.35705962	0.0587777	0	0.0129477	0.3020924	0.444034	6.137719	0.0704385	0.8997443	0.0139009	14.30350632	2.522527	0.1565722	0.550358	0	0.111761	0	0.0148431	0	3.1801024
K07001	NO_NAME	5.9608285	5.9708492	6.232229	0.3029871	0.9139808	0.7551542	2.3375692	5.7803612	2.782281	10.14486871	5.2520181	38.4429166	11.89203	5.5203566	10.6834	29.539742	1.1090207	4.9802763	8.0072824	3.1834407	0.5438315	8.6757361	4.2616674	8.914794	2.495305	7.6401885	2.7557535	30.432141	101.83318	8.6019697	2.2071613	4.4013497	20.7425347	6.747086	8.3222628	2.6464714	5.0233978	17.055401	11.0045483	3.9045456	2.8882504	16.27072
K07002	NO_NAME	0	0	0.458526	0	0	0	0	0	0	0.235251	0	0	0	0	0	0.921577	0	0.0697497	0	0	0	1.372157	0.390783	0.2371029	0	0	0	0	0	0.0371325	0.114976	0	10.917812	0	0	0	0	0	0	0	0	0.2869134
K07003	NO_NAME	3.4291264	2.0102268	6.6723345	1.867546	7.0389535	4.552372	20.9474104	27.34899	29.49874	15.6246949	19.280279	2.874994	10.7453158	13.0371453	5.0281339	7.1450464	19.91532	11.8083166	20.75239	9.5673226	36.8998121	3.251233	2.2333729	1.5894183	0.5067777	13.0977962	1.0127519	4.6593291	0	6.7925063	14.0346469	34.036086	6.5080106	25.661437	16.362477	1.8301281	14.8607035	12.1673475	8.2778046	14.4112434	8.658648	6.812306
K07005	NO_NAME	2.8397634	5.6147406	7.6865272	3.730864	0.1523039	1.2178231	1.190363	5.357868	6.33975	1.0747943	4.071743	13.1786361	4.243734	0.5110198	0.2429445	13.5804835	3.402589	8.758941	6.739203	3.7475893	3.2304969	8.2580697	1.9795074	0.836904	1.1861086	2.0488897	2.343863	6.816188	33.28126	5.278566	6.1441448	3.2336728	6.9654469	7.707307	5.0182495	5.2260633	3.1694032	4.95977	3.7669461	6.9528676	10.65516	2.466234
K07006	NO_NAME	0	0	0	1.24537	3.07059	0	0	0	0	0	0	0	1.81119	0	0	0.312469	0	0.201295	3.090687	0.270155	0	8.246963	6.43643	0.0486584	0.316438	0	0	0	0	0.307752	0	0.273123	0.77003	0.113893	0.0508459	0.368682	0	0	0	0	4.47391	5.1439052
K07007	NO_NAME	0	0	0	0.31855	0	0	0	0	0	0	0	1.14437	1.02784	0	0	0	0	0	0	0	0	0	0.0557255	0	0.111933	0	0	0.123546	0	0	0	0	0.127942	0.109548	0	0	0	0.284681	0	0	0.181312	0
K07009	NO_NAME	18.163944	49.2451729	30.3219564	32.1405146	130.9293806	68.1432776	27.4138929	28.4404086	18.405793	5.5292317	7.2863364	6.1442574	32.046444	3.3381381	0.9575201	4.0855595	11.5301441	15.6200268	6.623356	49.201514	4.2385536	68.188459	143.5513428	4.8152349	1.023669	57.286895	58.413463	6.0109007	0.11512	12.64931	53.3139746	22.9257619	35.700872	3.5779288	22.8483446	14.5550737	48.8759724	25.081869	21.894657	6.5648299	29.2776678	28.6840978
K07010	putative glutamine amidotransferase	0.49248	0.705017	1.2571586	1.2063231	0.3445475	0.0717195	5.9780095	1.6022434	0.8456982	0.9991785	1.536999	12.2729308	3.2143001	0.1896833	0.2686727	2.3184928	1.715039	1.0035409	3.0731645	1.5932055	0.3120993	8.7086151	6.4405331	0.6575371	0.215487	0.0779108	0.207783	0.497731	26.648741	6.2109274	4.393686	0.9306388	0.1305652	0.4240249	2.5279388	1.5900754	0.76967	1.1657441	1.6007599	0.6817055	0.0371422	1.5532342
K07011	NO_NAME	0.355664	0.388539	0.738354	0.510567	0.119565	0	0	22.25534	23.8883656	0	0	0	0	0	0	0.521741	1.273324	0	0	0	0	0.17309	0.0604527	0	0	0	0.0396384	0	0	7.5465939	0.243164	0.0469665	0	0	0.0955762	0.0852681	0	0.1844509	5.488858	0.132337	0	5.095783
K07012	NO_NAME	5.8972815	5.4738503	6.673688	0.8480462	0.0819929	1.216531	1.795951	5.3941405	5.9850021	0.9522022	3.859954	0.3040361	3.9708888	2.245742	0.486526	1.0407765	8.2531154	1.7798448	0.8079733	2.633333	11.055829	2.1198111	1.7146142	3.57051	0	1.9812311	5.2558718	4.569345	0.459636	5.2650187	22.2664707	6.9151639	1.9449157	1.816599	0.4486098	3.5786805	2.9196616	3.24363	4.120139	14.480972	38.227233	1.038701
K07013	NO_NAME	0	0	0.369344	1.132067	0	0	0	1.99414	0.147139	0	0	0	0	0	0	1.336532	0.43829	0	0	0	0	0.494641	0	0	0	0	0	0	0	2.8395928	0.50399	0	0	0	0.0655276	0	0	0	1.81034	0	0	0
K07014	NO_NAME	0.173048	0.449594	4.76391	0	0	0.2651857	1.454861	0	0	0.2324086	0.4792562	2.33383	5.312091	6.04883	18.4766	0.153875	0.512103	0.0406346	0	0	0	0.4404064	0.2641493	0	0	0	0.2304862	0.211179	1.27313	0.171474	0.3140169	0.701007	5.2541695	1.35487	0.122699	1.52635	0	0.0723709	0	0	0	1.179775
K07015	NO_NAME	4.0733377	2.9704153	9.9452012	6.9075389	10.4351117	6.0746916	21.3651546	22.149308	32.677653	48.6613374	29.834876	3.887516	17.0734555	6.202056	1.6069257	3.1765678	7.5855139	15.3676865	22.5167679	16.6987897	19.2417262	2.083213	2.8471719	23.6628274	1.8602261	5.2241261	5.4184286	5.576495	0	7.6166661	23.3433046	12.5341152	3.642174	3.8621792	17.6073647	15.0746016	14.5703648	7.1491905	5.7005871	23.5562358	20.26534	21.690047
K07016	NO_NAME	0	0	0	0	0	0	0	0	0	0	0	0	0	0	0	0	0	2.79813	2.3461	0	0	0	0	0.847273	0.327805	0.570764	0.143139	0.173736	0	0.120526	0	0	0.17386	1.41809	0.164183	0.189324	0	0	0	0	0	0
K07017	NO_NAME	0	0.106654	0	0	0	0	0.306862	0	0	0	0	1.497804	0.119508	0	0	2.441948	0	0	0	0	0	0.630115	0.314702	0.1566551	0	0.0975626	0	0.110699	0	4.54872	0.0820366	0	0	0	0	0	0	0.36278	0	0	0	0
K07018	NO_NAME	0	0	0.0895517	0	0	0	0.073738	0	0	0.104439	0.562415	0	0	0	0.0357602	0	0	0	0	0.0901022	0	0	0	0.0449906	0	0	0	0	0	0	0	0	9.45426	0.151584	0	0.224546	0	0	0	0	0	0
K07019	NO_NAME	0	0	1.37251	0.353271	0	0.0144962	0.0941786	0.040395	0	0	0.307851	0.00728066	0	0.1491658	0	0.813376	0.0260415	0	0	0	0	0.2230283	0.064902	0	0	0	0.121303	0.182533	3.55606	0.119555	0.1567073	0	4.983692	0.57844	0	1.12672	0	0	0	0.297479	0	0.145423
K07023	putative hydrolases of HD superfamily	4.532158	6.285105	4.8764494	11.705887	6.707923	20.2975864	15.0006151	6.6734612	12.6488916	17.3758065	12.332412	1.600497	7.5186123	4.5923852	1.2969045	3.088797	9.5283532	9.818045	11.1124181	9.098819	16.102158	4.7119033	4.2637583	15.1229252	4.5214724	6.936039	18.2769699	3.0691092	2.524859	4.1479805	5.252162	10.8415485	2.2266056	3.1277861	8.1369813	12.3874832	10.3964361	9.8218146	6.5169471	28.655742	14.4686865	5.7753811
K07025	putative hydrolase of the HAD superfamily	8.559017	6.5831427	12.0534373	15.9427445	20.599059	44.9302234	30.2047373	35.678847	23.3735591	48.4872477	52.3989884	24.6129634	19.6434981	17.4379635	6.2618267	20.5648633	36.1010083	19.97884	21.6819394	56.7641958	58.4395563	9.024067	17.7905088	54.0551723	9.947198	15.1443149	11.7640086	22.1737795	63.03058	22.9533448	50.0926985	50.786509	29.3125501	42.2611544	17.1358767	13.2567335	40.7406856	23.0216841	44.473708	24.6754076	48.908232	13.2987243
K07026	mannosyl-3-phosphoglycerate phosphatase [EC:3.1.3.70]	0	0	3.17036	0	0	0.0628839	0	0	0	0	0	0	7.93236	1.33826	1.53388	0	0.137828	0	0	0	0	0.039475	0.0882414	0	0	0	0.0516608	0	0	0	0	0	1.70446	0.443543	0	0.827081	0	0	0	0	0	0.0888997
K07027	NO_NAME	42.7946371	34.1252442	20.9754379	46.6708275	36.8661429	27.5536678	19.917944	26.5039672	26.3453294	17.0845351	18.5907709	8.9461099	36.4575166	12.8281735	25.1388161	15.3003992	25.8342698	21.524926	20.6763487	55.9471141	51.4522705	54.9823798	79.9217342	13.4222842	29.53436	39.6169595	56.2358313	26.5158823	1.132706	25.3328747	52.9654655	26.8199231	38.5659769	24.8246678	31.6576732	19.4570284	41.2852108	51.5968828	93.7898674	85.2854877	64.9244357	40.8784861
K07029	diacylglycerol kinase (ATP) [EC:2.7.1.107]	37.7364	23.7154	0.8466101	12.0376	16.959057	13.4643	11.2683	3.0552869	6.02697	6.39865	4.12929	0	0.506417	2.08894	0.1935827	0.2697981	0.311597	4.057987	4.51754	33.3011	26.3848	4.52064	6.288986	1.1236267	11.0489914	10.2436	16.2928	1.67221	0	3.466903	18.445019	6.1241241	13.7193	10.1037	2.34261	0.1956982	21.0311	30.1757795	45.6559	65.4632823	58.9204	3.5528678
K07030	NO_NAME	19.2743506	11.3768508	27.1161732	8.2760225	14.4105301	12.8498325	31.2437382	37.4536428	51.529009	94.311884	58.8651447	1.2466958	16.0940187	8.6419702	1.7210923	6.1307616	22.625721	27.487805	47.753215	28.8445891	18.6409537	35.3110454	55.660506	57.225096	46.5453604	23.4682941	16.2694066	14.2292479	2.48089	9.2529222	8.6535201	18.7496714	31.1753071	36.3999382	34.8807871	15.253294	35.7381306	31.3431004	9.1560572	20.7297144	43.010317	49.9835409
K07031	D-glycero-alpha-D-manno-heptose-7-phosphate kinase [EC:2.7.1.168]	0.0635595	0.0513569	0.109623	0	0	0	0	0.212009	0.2033208	0.225002	1.253088	0.356023	0.69463	0.1634069	0.037557	0.153803	0.273806	0.3382989	0.7989053	0.2483332	0.63582	0.129882	0	0	0	0.358677	0.0632114	0.351356	0	0.3555496	0.118646	0.140496	0.0710668	0.169585	0.333787	1.8267668	0	0.269058	0.0405157	0.0677181	0	0.196602
K07032	NO_NAME	0	0	8.73689	0	0.10254	0	6.623105	0	0	0	0	0	0	0	0	0	0	0	0	0	0	0	0	0	0.1892852	0	0	0	0	0.367	0.0632365	0	0	0	0	11.5929244	0	0	0	0	0	3.763725
K07033	NO_NAME	3.05629	0.822775	0.21737	6.545573	0.7905049	0.430317	0.453252	1.79131	0.1829564	0.298588	0.147667	0.366486	0.332417	0	0	0.881836	0.831046	0.189263	0.0424634	1.14816	0.923838	1.345703	2.3696083	0.210281	2.23621	0.511453	1.25715	0.620106	0.500859	3.0669313	0.552291	0.3009704	3.33789	1.97186	0.102363	0	0.66123	0.641941	3.07538	0.866143	1.23341	0.151911
K07034	NO_NAME	3.4422	0.7389648	4.57946	4.38223	0.530785	0.297779	0.951227	0	0	1.8616863	1.1003132	0.433942	10.403088	8.2114638	38.909	0	0.838742	0	0.15334	0.666673	0.585407	0.8862281	0.957705	0.2822053	2.15407	0.164283	1.024438	0.736588	1.957478	0.0208746	0.2093537	0.1546702	10.956166	2.41346	0.0272345	3.1762923	0.887328	0.264478	0.315753	0.188686	1.2017775	1.435589
K07035	NO_NAME	47.00656	29.5385019	2.9239088	19.6290897	20.6576542	19.639515	14.5417426	5.0020905	7.469513	10.84112	8.089633	0.8727834	2.0293721	3.6592744	0.483736	4.864374	1.0340757	5.86431	8.4153768	42.480263	34.7615205	5.3351161	10.461068	1.1323143	6.6491226	7.8451869	4.7400208	2.7345852	1.611014	7.0135192	1.35111	4.6522439	26.7630632	16.401652	4.3977986	1.5990086	28.3459412	39.298002	54.349181	73.878957	75.6034973	3.0117434
K07037	NO_NAME	0	0	0	0.377646	0	0.395813	1.9865	1.4623889	0.576193	1.80655	2.2376	0.586697	5.42158	0.8962948	0.320987	10.082522	1.48496	2.900732	2.383306	0.731139	0.76899	1.166314	1.2394781	1.605394	1.578658	3.338599	0.9081561	20.939142	0.113346	2.8912891	0.2881398	0.351978	2.58426	4.06597	0.1583467	1.060716	2.90137	1.2339529	0	0.4385937	0.7124628	0
K07038	NO_NAME	2.79459	1.111356	14.467909	1.422123	0	0.374739	0.4535635	0.0399828	0	0.0424946	1.459712	0.1476553	3.74817	3.9763735	14.6452872	1.581443	1.311376	2.1119735	0.319198	0	0	38.865517	75.0207064	0.0831246	0.112141	0	0.1880445	0.1505786	3.972653	0.2287195	0.6413345	0.0914079	8.6355238	1.915497	0.2150006	2.132145	0	3.6693921	0.1229191	0.4016721	0	0.8886676
K07039	NO_NAME	0	0	1.63998	0	0	0.0938301	0.254939	0.0298924	0	0	0.0595247	0.0180953	3.43892	2.76366	7.86325	0	0.327042	0.0165929	0	0	0	0.0278193	0.0267202	0	0	0	0.253052	0.0646461	0.378557	0	0.0160896	0	3.66444	0.327551	0	1.19685	0	0	0	0.038106	0	0.623288
K07040	NO_NAME	61.4180041	71.35645	33.5508241	35.6325189	128.277095	53.1506789	31.2683491	29.3546158	28.531475	53.2186278	51.2334111	31.4084554	44.9121308	9.596004	11.5935631	8.6316887	10.520853	21.8269327	15.575166	61.2566336	39.3793984	64.7949607	137.964445	25.8354943	27.7469782	50.9547904	73.6517137	10.8259294	3.353947	14.6527641	20.8135327	20.7629558	55.004594	32.1279195	28.9950912	11.9842288	41.0990473	67.8183983	57.3981978	76.9540397	67.4450988	29.7011198
K07041	NO_NAME	0	0	0.264109	0	0	0	0	1.56465	0.0787422	0	0	0	0	0	0	0	0.486906	0	0	0	0	0	0	0	0	0	0	0	0	2.43546	0	0	0	0	0	0	0	0	1.80086	0	0	0
K07042	NO_NAME	48.8699027	54.1362869	33.7005208	28.2019222	85.5588225	29.6821586	45.7192505	39.2057169	41.3573626	79.607933	61.8223288	5.4062385	27.2953986	46.7427217	25.786171	14.458575	19.8536613	26.7624385	37.5959626	50.5756251	47.9038704	50.9266738	102.9756756	27.3861475	10.3695197	32.4130455	40.2929274	10.29425	12.2054834	18.908583	40.5628828	39.5454819	44.0395114	34.7813438	30.0692604	15.72494	39.857245	33.0740612	43.3356188	66.2640692	58.4339164	28.1188047
K07043	NO_NAME	55.118732	34.9433222	26.2884444	24.6235601	25.1389622	35.7604112	46.0038048	37.3721078	47.1547903	36.82282857	29.771475	4.5712391	32.8070291	22.125654	43.5939798	6.3664142	30.2099064	27.985793	70.7544766	41.749521	50.7644172	16.6591538	10.5584965	24.6789242	7.1816338	28.585966	33.6488279	8.9136678	1.996455	15.9310453	12.9798734	24.4107516	30.1912253	18.1942844	27.5131573	15.4978789	55.422154	49.376569	48.9454429	84.4913028	70.7973	25.1267775
K07044	NO_NAME	0	0	0	0	0	0	0	0	0	0	0	0	0	0	0	0	0	0	0	0	0	0	0	0	0	0	0	0	0	0	0	0	10.0688	0	0	0	0	0	0	0	0	0
K07045	NO_NAME	6.6188239	3.937717	2.627809	9.527592	5.5166602	8.641436	5.7940738	8.4963704	7.9184975	2.309689	3.8565538	2.2857972	9.215541	3.4953985	0.201203	3.46954	5.5187316	4.8571286	5.8364268	9.3123063	13.1353706	6.919685	6.1601523	2.453663	16.652996	14.1335308	14.6920426	3.531393	0.676937	11.0961284	4.2518401	5.276382	9.2623656	8.7259984	6.2891864	4.10729	5.1054217	6.1258701	9.0627087	7.7100525	10.299578	10.4321202
K07048	NO_NAME	0.894582	0.971576	3.598163	5.653956	2.03521	3.2452058	1.605737	0.7191733	1.859925	0.318783	0.9459246	0	6.571506	4.988893	23.4511	0.6960374	2.96142	3.691683	3.480149	1.4144	1.059018	1.485973	1.1133891	0	0.1383326	1.25064	2.0163704	0.0536293	0	1.671635	0.7762749	1.078018	3.347362	0.3593087	1.169594	2.131472	0	0.0106189	1.839742	5.94466	0.9755348	0.3057545
K07051	NO_NAME	0	0	0.19483	0	0	0	0	1.76324	0.112544	0	0	28.8965	21.0961	0	0	3.2278	0.749514	0	0	0	0	0	0	0	0	0	0	0	0	6.06876	0	0	5.3288	8.45084	0	0	1.91022	24.8497	4.70812	0.303003	0	0
K07052	NO_NAME	57.5076096	50.5007773	29.6151054	30.5055085	33.8758264	27.9024175	61.703933	49.1344186	59.9800527	109.6640685	69.0785816	57.8293121	29.5639425	10.2880823	2.9065248	30.5710104	17.9397412	34.8831771	47.0524957	79.3151603	47.3470427	68.7268956	77.581051	36.986081	7.4687224	32.3686874	10.570723	14.3720762	116.462804	29.9599018	24.260224	22.6928346	52.126377	21.4079013	42.7283213	28.4799054	63.5146294	61.3834502	60.9465472	113.4255898	85.0474681	21.0323034
K07053	NO_NAME	16.3356349	7.519598	8.9368087	3.1396736	2.794816	20.1391745	10.8702741	9.8146169	6.671676	4.8548206	7.1250272	8.1134571	17.4894574	4.5474201	10.1657763	9.7795234	9.0621103	6.0584153	7.2946805	6.7875351	11.8075839	8.9403501	9.6611509	1.0294072	0.6868389	13.4268977	6.0874167	7.0810825	1.01022	8.3904588	6.3968267	10.2598167	13.6126131	4.4621402	2.6867817	8.7283687	10.2538719	6.8873712	4.6600484	8.9886415	14.7435409	12.527761
K07054	NO_NAME	0.181444	0.32438	2.309702	0.4504944	0.26493	0.1673061	1.6066779	1.1731522	0	3.300717	2.053946	0.0387002	8.0655	3.36444	12.802417	4.2374304	0.2836	0	0.0644386	0.122858	0.0509978	1.3096451	0.0722824	1.159149	0.0506978	1.43663	0.2443794	0.175196	1.12363	0.609971	0.8178651	0.4249977	15.804256	2.7733097	3.611688	1.762471	0.499029	2.9913637	6.1672	0.9795184	0.0587496	1.43426
K07055	NO_NAME	0	0	0.231611	0	0	0	0	1.96928	0.104059	0	0	0	0	0	0	0.047845	0.506067	0	0	0	0	0	0	0	0	0	0	0	0	2.45748	0	0	0	0	0	0	0	0	1.37175	0	0	0
K07056	NO_NAME	19.5899739	14.4698131	29.3107908	7.066625	7.124354	17.1158773	17.5062401	20.7656063	19.9817399	39.5535721	32.5310537	25.6646363	22.4716111	7.5900548	21.0985278	26.2146108	13.7226465	19.7932834	45.6589368	22.485288	19.9191876	52.7251394	68.7675629	26.5395734	37.930353	35.9006017	21.3825764	29.1455278	47.0030775	18.1535844	8.2646809	11.6876809	27.7195422	17.2478524	22.6392217	12.586646	22.8154656	27.1433003	17.2663902	11.4252706	20.061512	25.9638624
K07057	NO_NAME	0	0	0	0	0	0	0	0	0	0	0.368279	0	0	0	0	0	0	0	0	0	0	0	0	0	0	0	0	0	0	0	0	0	0	0	0	0	0	0	0	0	0	0
K07058	NO_NAME	36.0468702	23.5168209	22.2535549	15.902699	24.8883203	30.7115165	35.5831009	29.8268846	37.886175	17.9681708	7.8056162	1.3838288	26.238587	16.4517721	28.0623494	2.587513	18.4809022	19.6708665	24.589232	40.7329303	44.0470788	9.1449492	5.8871149	7.5355046	27.6704677	19.7507577	33.2477562	10.6818506	2.20963	14.9898523	9.7175071	20.9652459	45.7054185	20.82576104	25.9173753	9.613485	40.1373658	42.3664218	55.1327347	76.133031	59.5105267	26.069806
K07060	NO_NAME	0	0	0.104011	0	0	0	0	1.68977	0.120164	0	0	0	0	0	0	0	0.639173	0	0	0	0	0	0	0	0	0	0	0	0	2.20433	0	0	0	0	0	0	0	0	1.55492	0	0	0
K07062	NO_NAME	13.0232	0.334775	3.18966	4.01875	3.30978	23.0602	9.9575	5.55095	0.801093	0.805082	0.170637	0.404812	1.8306	0	0	1.1465688	0.988588	1.57608	1.01204	2.13685	0	1.04431	2.61391	0	0	1.72903	2.10259	4.23145	0	0.649338	4.14832	3.84128	0.888862	0.0458039	0.512572	1.6073	9.42375	4.0018	0	0	0.693716	4.2318
K07064	NO_NAME	0	0	0.0379178	0.0446652	0	0	0	0	0	0	0	0	0.0468363	0.0429791	0.0241958	0	0.078593	0	0.0708397	0	0.0496106	0	0	0.3119705	0.0492717	0	0	0	0	0	0.0520346	0	0	0	0	0	0	0	0	0	0	0
K07067	NO_NAME	0	0.0793062	0.427639	0.0771883	0	0	0.1806484	0.0859532	0.0506447	0.351735	0.853187	0	0.0481188	0.2662997	0.088307	0.108207	0.7409423	0	0	0.0650252	0	0.0598875	0	0.2194201	0	0	0.0755174	0	1.9456	0.768953	0.1027222	0.1490188	0	0.200559	0.221047	0.4116588	0	0	0	0.042534	0	0.056424
K07068	NO_NAME	2.96273	0.364206	0.240603	0	0	0	0	1.55788	0	0	0	0	0	0	0	0	0.406607	0.0954268	0.181986	0	0	0	0	0	0	11.3154	22.8115	0	0	2.70523	15.1101	2.77137	0	0	0	0	0	0	2.28493	0	0	0
K07069	NO_NAME	0	0	0.356608	0.0271292	0	0.79916	0.391514	0	0	0	0	0.1813765	0.1758468	0	0	0	0.0575256	0	0.147864	0.0541585	0.0539246	0.3517936	0.5040235	0	0	0	0.0524483	0	0	0.394609	0.3171861	0	0.0892332	0	0	0.0505795	0	9.34219	0.1066455	0.036837	0.1674885	1.0171954
K07070	NO_NAME	0	0.177234	5.69146	0	0	0	2.79504	0	0	1.67444	0	0	0	0	0	1.77066	0	0	0	0	0	0	0	0	0	0	0	0	0.0153713	0	1.87438	0	0.6863669	0	0.691972	0	0	0.0301258	0	0	0	0.331906
K07071	NO_NAME	0.1623614	0.0614894	4.323666	0.297377	0	0	0.14366	0.0442331	0	0.4664446	3.00933	2.93825	6.349999	1.99659	15.8571	0.607903	0.296906	0.1288957	0.101392	0.145084	0.159092	0.716453	0.1276525	0.0136669	0	0.0425861	0.161857	0.226377	0.356327	0.2018014	0.284209	0.828431	6.160493	0.147662	0.0647914	1.50311	0	0.0574147	0	0.128684	0	0.227516
K07072	(4-(4-[2-(gamma-L-glutamylamino)ethyl]phenoxymethyl)furan-2-yl)methanamine synthase [EC:2.5.1.131]	0	0	0.216342	0	0	0	0	2.19427	0.0961311	0	0	0	0	0	0	0	0.705647	0	0	0	0	0	0	0	0	0	0	0	0	2.44016	0	0	0	0	0	0	0	0	1.53962	0	0	0
K07074	NO_NAME	0.0842966	0.134242	0.48195	0	0	1.28776	6.10529	0.0581928	0	1.84474	11.9850279	0	0	5.70096	3.59248	0	13.229	0.0716488	0	0	0	0	0	0	0	0.196091	0.369042	0	0	1.15724	0.0570019	0	0.276019	0.697263	0	0.1428616	0	0	2.95285	0.159262	0	0
K07075	NO_NAME	6.4747374	11.480156	8.22225	45.9942593	29.1665621	26.3913331	12.9927684	10.7930475	11.790085	3.9360562	3.3698252	24.4209712	30.0359521	2.617252	0.9258845	18.8440429	9.6643189	3.7853485	1.49046	26.8441592	0.605834	5.842071	11.74891	1.3880619	4.0968715	6.6542563	6.5151011	17.344627	5.2370417	12.5203354	34.2562012	13.989949	21.0475513	11.6949241	15.205095	8.7061369	18.7221436	16.8187092	40.241436	17.6199931	0	4.9503587
K07076	NO_NAME	0	0	0	0	0	0	0	0	0	0	0	0	0	0	0	0	0	0	0	0	0	0	0	0	0	0	0	0	0	0	0	0	7.22403	0	0	0	0	0	0	0	0	0
K07078	NO_NAME	1.540416	2.81042	12.4365712	0.3921895	1.0796686	0.9260366	9.4776292	1.0025247	0.0381978	25.8962	17.1497845	5.234745	5.061938	0.955645	0.433054	4.260603	0.549623	3.4418896	1.5677282	7.20768	0.5995601	38.2934739	66.316113	21.8238239	1.5340298	3.621815	1.672354	12.8612863	0.154001	1.0074182	0.9315351	2.0476486	3.2065434	2.891562	3.5288433	1.933851	0.2079008	2.85136	0.165433	0.0968423	1.314485	2.131164
K07079	NO_NAME	10.261988	6.2506287	5.141338	10.396307	4.3324842	10.318086	9.1567556	11.5169418	13.0117485	7.259579	7.121738	4.9128086	11.2218521	10.359152	2.4917762	7.3504385	10.5002987	16.93314	18.395035	10.0820536	9.509922	6.1566546	8.7921351	23.0134145	8.506249	13.411868	19.1727289	17.9843312	0.5672574	11.4748358	6.8468352	13.944585	12.3732219	10.80005	10.816849	2.7462098	11.069532	10.7527236	8.5637579	27.4494921	10.6192471	9.5066566
K07080	NO_NAME	43.2316421	30.5546969	1.082928	14.8584322	20.3416	16.9804689	14.325	7.1785172	8.52843	9.9096916	6.8130203	1.6191998	6.1007444	2.960612	0.214916	0.3062714	1.8404726	5.2762269	8.8194664	42.0422103	32.263005	4.8615149	8.7845016	0.39404	5.1880631	8.5728859	2.785474	3.670427	0	10.734402	0.623837	4.8096738	27.491882	13.7134025	3.889221	0	27.8593655	38.5880368	54.5993709	79.1127914	72.6487962	4.2438056
K07082	NO_NAME	96.4034355	91.639802	19.2169587	51.5001799	109.6604031	43.567097	34.4051394	27.9717057	30.1302416	34.3278344	31.0344608	5.561906	29.278659	12.8688922	10.4266892	7.256937	14.2461334	20.0469119	34.6101142	85.2062638	74.6167559	34.41923078	56.2421373	7.9892033	11.5988752	48.3059398	44.0483679	10.8004692	5.6375232	15.9707338	31.1696732	20.8921154	48.6976197	26.96972	27.0636824	17.3344064	60.1473306	73.2151938	115.1901636	145.0056869	128.1189401	10.7634317
K07084	NO_NAME	0	0	0.033374	0	0	0	0.0904856	0	0	0	0	0	0.160788	0	0	0.13862	0.066064	0	0	0	0	0	0	0	0	0	0	0.129957	0	0.697737	0.14808	0.154563	0.440194	0	0	0.0516457	1.01484	0.881433	0	0.0595346	0.596417	0
K07085	NO_NAME	3.0278265	5.4369379	12.3169803	0.1252097	0.0395854	3.2148335	16.4616669	3.8518983	0.8195873	24.6356378	11.6115394	84.5417503	26.299907	10.653455	8.6136635	79.581621	4.1342333	3.2916777	0.4782204	5.1057907	2.7575825	18.1910299	6.9433165	2.8940673	10.803872	14.247205	5.231038	134.7882436	220.1926146	19.2870472	2.6559408	5.4639336	29.4006106	22.8052029	4.9360414	0.717201	11.7454567	23.2095904	6.7623957	1.150954	0.4511451	8.0847784
K07086	NO_NAME	0	0	0	0	0	0	0	0	0	0	0	0	0	0	0	0	0	0	0	0	0	0	0	0	0	0	0	0	0	0	0	0	0.608382	0	0	0	0	0	0	0	0	0
K07088	NO_NAME	58.7043503	41.0030115	27.8025043	85.1363602	56.1526219	76.4444441	73.4928136	64.3276783	69.0246745	56.0008769	82.1153822	11.3429882	34.1692191	37.6773462	26.9525834	29.8526312	71.7793154	38.1947304	47.7070137	85.5818869	91.9574717	35.038762	29.3736722	47.2784586	32.8863098	46.3039085	91.6318304	11.3259559	3.031436	50.9280538	73.627858	73.3396284	57.6799299	62.39188	40.8401822	38.5060165	50.8041232	55.0033682	108.772299	124.4680583	100.2104758	50.3789855
K07089	NO_NAME	2.3674944	2.038353	3.6821698	3.148291	4.2551412	0.4163564	1.1429245	1.6718459	1.2599549	4.4271437	1.4048346	4.3004917	15.924933	10.3869711	8.6332963	7.449269	2.048994	2.5902819	2.2604396	1.3621389	0.3045564	14.690809	11.4141174	1.6349332	0.7102732	1.2417416	0.7418125	1.1312384	5.3670371	3.1784023	1.3228883	3.1227973	6.0027993	1.9858976	0.6349811	2.8041225	0.7120151	6.7336631	1.5069492	0.2770591	6.185463	13.7100791
K07090	NO_NAME	15.761023	38.0679541	17.7804526	22.499856	13.6961012	37.1632084	30.9764714	22.2359472	22.1938729	8.2467213	28.9738128	7.409363	25.7516275	16.047084	6.0056576	9.6663357	25.5603026	11.2344945	14.6178602	20.5509901	36.8004099	32.8722661	44.0521115	10.209092	7.060074	41.3643087	49.2467417	7.6384623	8.377626	8.6172888	27.0261765	37.7940781	54.5567617	28.1591248	20.92607	12.991502	16.7431037	14.972412	9.3737265	16.4043091	10.1318501	32.0060604
K07091	lipopolysaccharide export system permease protein	0.83063	0.905135	4.1821268	0.0336133	0	0.164871	1.508145	1.0882427	0.0575508	1.9584068	1.3579694	0.872086	7.600585	7.01137	29.7951	2.903782	0.573056	0.1981638	0	0	0	1.2457838	1.214591	0	0	1.2206397	0.46272	0.27184	2.2814	0.413749	0.4919856	1.039443	18.446261	2.1721279	2.07678	2.40452	0.433298	2.1524065	5.4615083	0.632591	0	1.924995
K07093	NO_NAME	0	0	0	0	0	0	0	0	0	0	0	0	0	0	0	0	0	0	0	0	0	0	0	0	0	0	0	0	0	0	0	0	7.99237	0	0	0	0	0	0	0	0	0
K07094	NO_NAME	0	0	0.0554723	0	0	0.0390894	0	0	0	0	0	0	0	0	0	0	0	0	0	0	0	0	0	0.0643022	0	0	0	0	0	0	0	0	0	0	0	0	0.142475	0	0.0431275	0	0	0
K07095	NO_NAME	85.0225787	64.2654634	26.4222848	82.266444	71.7919793	66.9006254	83.986857	68.9351406	74.4389286	49.3412549	65.6529494	19.389154	47.4218249	45.3448529	32.0311971	20.5427731	76.2987711	41.5499849	48.3297952	116.6953752	144.7277429	39.8998775	33.8438393	14.7068826	36.1122289	46.491007	78.7953665	19.6284488	30.2562374	44.7522389	103.831458	100.0744185	68.4852407	87.4739503999999	68.3774714	22.7948256	89.8025914	92.3670836	152.6080887	168.2911811	119.4114487	44.3491231
K07096	NO_NAME	0	0	0.2148253	0.473741	0	0.0600228	0	1.143973	0.0828717	0	0	0.0360842	0.139102	0	0	0.871115	0.493706	0	0	0	0	0.0949373	0.0759856	0	0	0.971439	0.295331	0	0	2.3161834	0.3985616	0	0	0	0.0961072	0	0	0	1.752836	0	0	0
K07097	NO_NAME	0	0	0	0	0	0	0	0	0.0329592	0	0	0	0	0	0	0	0	0	0	0	0	0	0	0	0	0	0	0	0	0	0	0	0	0	0	0	0	0	0	0	0	0
K07098	NO_NAME	4.2391504	7.3301228	4.199249	16.679954	8.0715255	21.0000849	37.9704619	15.4062437	12.6338544	13.2375238	12.020872	29.3242248	29.858064	16.298926	5.0568421	13.2075788	9.0195893	7.509447	8.7821527	15.1693163	34.378463	12.7215935	16.252441	7.310631	3.0976299	9.269693	9.8585367	24.7412594	4.186807	18.034878	4.8895099	9.1405105	12.6363678	34.9196854	9.323418	6.5802193	12.339529	27.1419636	9.0312986	13.8458927	1.9452237	3.7417271
K07099	NO_NAME	0.0945995	0.3245458	0.4798571	0.7166932	0.0603607	0.155392	0	0.848968	0.0488802	0.277783	0.1504837	11.323671	0.7161688	0	0.171495	1.3464861	0.5610857	0.451363	0.0779695	1.440065	0.238554	4.7336195	0.5072649	0.527634	0.0487845	0.111894	0	0.746489	25.45285	0.823402	2.056135	0.925078	0.479355	0.588852	1.644214	0.6189938	1.008561	1.84181	0.563382	0.3882815	0.128268	3.787382
K07101	NO_NAME	0	0	0	0	0	0.0500468	0.11416	0	0	0	0	0	0	0	0	0	0.0365605	0.0344597	0	0	0	0	0	0.154392	0	0	0	0	0	0.0357654	0	0.033801	0	0	0.0343581	0	0	0	0	0	0	0
K07102	anomeric MurNAc/GlcNAc kinase [EC:2.7.1.-]	0	0	0	0	0	0	0	0	0	0	0	0	0	0	0	0	0	0	0	0	0	0	0	0	0	0	0	0	0	0	0	0	3.341635	0	0	0	0	0	0	0	0	0
K07103	NO_NAME	0	0	0.126928	0	0	0	0	7.89481	0.4888022	0	0	0	0	0	0	0	5.720056	0	0	0	0	0	0	0	0	0	0	0	0	9.04498	0	0	0	0	0	0	0	0	8.86549	2.70157	0	0
K07104	catechol 2,3-dioxygenase [EC:1.13.11.2]	0.190789	0	0.0278623	0	0	0.693185	0	0	0	0.337534	0	0	0	0	0	0	0	0	0	0.144726	0	0	0.761178	1.98283	0.187714	0	0	0	0	0	0	0	0	0.163483	0.180268	0	0	0.183009	0	0.0326572	0.0155793	0.466111
K07105	NO_NAME	12.4700685	16.8891934	11.9430883	52.4009799	30.7830731	22.0513894	19.358582	21.1574417	23.108288	10.670222	18.71318	3.1375313	31.1062767	15.1366057	2.6288531	7.8730213	36.172934	14.712031	17.8170244	37.733108	32.3170502	26.3230852	26.595503	34.8405136	5.0208001	22.709729	50.7992775	9.2967452	0.264252	19.9014194	77.5623929	34.4894699	13.0936982	6.8668167	39.4305381	14.6772985	49.8207522	34.314941	57.9319343	48.4480429	6.8358656	23.106732
K07106	N-acetylmuramic acid 6-phosphate etherase [EC:4.2.1.126]	9.263237	3.7209497	11.1043151	3.5337256	0.3398106	2.4662328	12.2893832	4.5509901	1.3817572	14.5542264	21.6337307	31.4338567	12.844693	24.3501606	14.6095842	19.264174	3.9357873	1.97698	31.1541214	1.94719	1.601949	10.542892	5.1589902	7.9083002	5.843472	12.958415	3.6488473	24.5369183	63.73571	16.645842	0.9499317	1.7470478	8.3564964	4.9570197	6.0891121	4.7399408	2.569094	2.442968	0.5366551	0.421256	3.730547	2.1986999
K07107	NO_NAME	4.3454331	9.281568	12.1051169	11.271576	16.0740003	27.905666	37.720196	22.0219257	30.3687711	59.3273377	35.233873	60.4361983	67.493167	13.1605509	27.465757	13.0147097	9.9227171	17.311056	28.6948111	13.7647216	7.257557	17.2829935	21.545132	2.672164	1.9601731	7.7816465	3.114225	28.9277746	0.094915	21.7164374	8.1014981	19.5545577	56.798481	27.492004	18.3191348	5.497745	33.8108611	70.3130652	10.8794954	18.398055	9.8863235	14.6851591
K07108	NO_NAME	0	0	0.123272	0	0	0	0	1.63263	0.142416	0	0	0	0	0	0	0	0.4924	0	0	0	0	0	0	0	0	0	0	0	0	2.35448	0	0	0	0	0	0	0	0	2.26582	0	0	0
K07109	NO_NAME	0.761411	1.075292	3.6343	0.127846	0	0.0909614	0.5222359	0.119461	0.0703398	1.122371	1.301664	0.741012	9.727114	7.76865	37.598	0.671794	0.767008	0.1983033	0	0	0.0838827	0.671508	1.031366	0	0	0.621069	0.518119	0.388352	3.12906	0	0.257301	0.345567	6.611421	1.5484079	0	3.17318	0	0.0861221	0	0	0	1.8068906
K07112	NO_NAME	1.498761	0.6775279	6.7213492	1.9775938	0.1952401	2.8666991	10.150702	4.5644777	4.2312622	5.6560806	21.199126	23.1693609	8.1910123	15.5200038	18.5049853	6.2625624	15.8272415	1.906092	0.571999	9.8673331	27.636243	10.8530054	1.9212375	0.3746839	0	0.0362733	0.4801984	1.1409057	58.57651	5.273421	15.4890108	21.9582896	34.541626	24.75454	7.3590363	4.381187	0.92624	8.4493568	5.6747816	0.734919	0.0350362	3.6453055
K07113	NO_NAME	0	0	2.9379818	0.0241587	0.0383805	0.0776475	0.226288	0.103574	0	0	0.892324	0.13252	0.0984136	1.37579	0	0	0.563653	0	0	0	0	0.0840163	0.150577	0	0	0	0.131522	0.433544	3.37079	0	0.1670836	0.0399575	7.34341	0.43934	0	1.81204	0	0.0826772	0	0	0	0.447935
K07114	NO_NAME	21.6278469	44.655329	15.9784851	21.819964	158.0916867	20.6145195	12.7706349	18.0038157	11.7243373	20.219448	4.428315	53.5408864	35.4324928	1.1059128	0.2514414	48.7548601	4.7746773	12.7738463	3.6400525	9.8375001	2.694841	46.662834	90.0042328	1.0929829	10.8284372	72.51957	52.499878	64.3287382	63.516822	10.6585303	12.2655187	14.869833	30.5341955	14.3860403	13.0507959	2.107275	13.1673362	22.1580203	9.4817349	2.3150584	1.9818055	6.9331011
K07115	NO_NAME	0	0.181818	2.499229	0	0	0	0.344058	0	0	0.8942122	0.65225	0	1.68152	1.34736	6.25431	0	0.132815	0.374303	0.237941	0	0	0.0156431	0.0710515	0	0	0	0	0.694946	0	0	0	0	0	0.281217	0	0.541923	0	0	0	0	0	0.476306
K07116	NO_NAME	0	0	0	0	0	0	0	0	0	0	0	0	0	0	0	0	0	0	0	0	0	0	0	0	0	0	0	0	0	0	0	0	21.093799	0	0	0	0	0	0	0	0	0
K07117	NO_NAME	0	0	0	0	0	0	0	0	0	0	0	0	0	0	0	0	0	0	0	0	0	0	0	0	0	0	0	0	0	0.0384077	0	0	0	0	0	0	0	0	0	0	0	0
K07118	NO_NAME	0.236499	0.309023	0.9973753	0.2839433	0.142633	0	7.2256711	0.2908906	0	0.288064	0	0	0	0.0263947	0	1.11999	0	0.5187297	0	0	0	1.329604	1.8665254	0.4337527	0.5322338	0	0.3043036	0	0.143184	1.037598	2.068237	1.01721	0.186475	0.0524896	0	2.1419027	0	0	0	0.125598	0.0727674	1.3441314
K07119	NO_NAME	0	0	1.8174757	0	0	0.0472477	0.0648114	0	0	0.0746371	0	0	4.13637	2.18901	15.3247	0.0654436	0.487154	0	0	0	0	0	0	0	0	0	0	0.103303	0	0	0	0	1.852274	0.304534	0	0.535698	0.100892	0	0	0.0317005	0.0782877	0.104842
K07120	NO_NAME	0	0	1.7110583	0	0	0.0304393	0.0824929	0.0947979	0	0	0.744755	0.487399	0.70458	0	0	0.172832	0.18675	0	0	0	0	0	1.0155134	0.0224807	0	0	0.092107	0.0170604	3.197156	1.453147	0.1662784	0.0369205	3.75383	0.122793	0.236224	0	0	0.0489657	0	0.0783385	0.101355	0
K07121	NO_NAME	0.0713531	0.2909294	10.8476679	0	0	0.4028841	1.682064	0.0156276	0	1.6935213	4.1734159	0	8.50804	3.8636	31.0419	0.578244	0.1841339	0.4250786	0.337114	0.278372	0	0.0175032	0.0243827	0	0	0	0.0832393	0.832881	0.204007	0.0120833	0.3137938	0	3.0978471	0.2667266	0.437019	0.406517	0	0	0	0	0	0.5242923
K07122	phospholipid transport system transporter-binding protein	0.0898309	0.0971929	5.22075	0	0	0	0.129217	0	0	0.98970893	4.39571	0	0.844028	0.117894	0	0	0.191752	0.51356	0.578975	0.333214	0	0	0	0	0.0160272	0.0175371	0.0597328	1.34506	0	0	0	0	19.069495	0	0	0.173867	0	0	0	0	0	0.0742421
K07123	NO_NAME	0	0	0.170607	0	0	0	0	1.41651	0	0	0	0	0	0	0	0	0.419371	0	0	0	0	0	0	0	0	0	0	0	0	2.48942	0	0	0	0	0	0	0	0	1.65046	0	0	0
K07124	NO_NAME	16.9872847	10.5858141	14.9304118	1.818486	5.9051006	13.728913	17.3752413	17.8852308	17.439202	26.735179	40.711831	27.4683159	29.6387425	13.427532	4.0523381	6.311813	22.3066719	10.0035889	38.2138355	21.9692677	39.5514594	12.9528615	8.1253248	21.2740652	20.1885292	14.4828357	16.6963962	4.008589	1.352239	11.876683	17.522317	25.2088893	29.6083603	40.3560295	17.4757197	12.3865076	11.4175583	36.9016242	13.8888072	8.9173246	18.276631	24.2869361
K07126	NO_NAME	9.50675	7.3797141	13.5789916	0.8267335	0.2349241	1.9454767	3.4872001	4.9340976	5.155002	1.2001115	3.553636	2.1124716	17.7139563	9.97072	57.90415	10.4952715	5.994831	2.2801862	1.774621	3.3930855	20.26649	9.8275249	7.8757477	0.779818	0.8883453	15.940463	2.2746551	9.9608053	4.9961732	4.3067504	3.7646411	3.663672	15.1147381	3.0836758	5.9878081	6.6385991	1.972571	5.9388769	11.2248282	15.6610416	11.038465	2.7691442
K07127	5-hydroxyisourate hydrolase [EC:3.5.2.17]	0	0	1.58853	0	0	0.158924	1.410945	0	0	0.0411839	1.17413	0.0347743	7.82644	6.14121	34.6348	0	0.278912	0	0	0	0	0.0530422	0.1731913	0	0	0	0.130326	0.318223	2.35184	0	0.137971	0	8.74617	0.416139	0	1.13804	0	0.0665489	0	0	0	0.384709
K07130	arylformamidase [EC:3.5.1.9]	0.0748483	1.08756	0.0656198	0	0.397916	0.0924139	0.0181097	1.33101	0.432114	0.433483	0.303114	0.130351	2.01978	0	0	0	0.78819	0.1940576	0.201202	0	0	2.12988	1.56973	0	0	0	0	0	0	0.243102	0.220631	0.0561736	11.2643	0	0.508854	0.146097	0	0	0.25439	0	0.24264	0.257774
K07131	NO_NAME	0	0	0	0.0521205	0	0	0	0	0	0	0	0	0	0	0	0	0	0	0	0.0509538	0	0	0	0.127625	0	0	0	0	0	0	0	0	0	0	0	0.0986918	0	0	0	0	0	0
K07133	NO_NAME	86.3091657	167.0891757	69.222511	121.3706249	153.4397445	106.2222123	99.7594389	133.8694475	94.0457863	73.0885864	40.460687	38.535568	126.2208586	30.825005	7.9296671	56.5065166	95.3226199	126.0815842	116.9343404	102.2629629	59.1830076	107.5147544	107.699816	62.891735	69.1825353	110.7619727	139.7791884	75.1005418	0.2389353	137.874478	146.5166812	134.2926004	45.4350832	78.0637056	107.2727979	79.9428067	85.8711502	52.767136	83.9681938	110.9685753	67.0555929	76.3995112
K07134	NO_NAME	0	0	0.223033	0	0	0	0	1.64611	0.0594625	0	0	0	0	0	0	0	0.548251	0	0	0	0	0	0	0	0	0	0	0	0	2.16682	0	0	0	0	0	0	0	0	1.98668	0	0	0
K07135	NO_NAME	0	0	0.273028	0	0	0	0	1.8061	0.0600819	0	0	0	0	0	0	0	0.655152	0	0	0	0	0	0	0	0	0	0	0	0	2.59522	0	0	0	0	0	0	0	0	1.75247	0	0	0
K07136	NO_NAME	0	0.440924	2.900569	0	0	0	1.023206	0.042677	0	0.410255	0	0	4.87478	2.51891	9.47218	0.612079	0.402164	0	0	0	0	0.0339399	0.0596053	0	0	0	0.0333151	0.048426	0	0	0.596378	0	8.13896	1.47718	0.363072	0.57673	0	0	0	0.0382583	0	1.16977
K07137	NO_NAME	12.8295596	14.604138	13.0884986	15.1526566	15.8502435	31.3267518	31.7733496	21.166242	26.0813153	8.309793	15.3600218	25.7302659	34.979688	9.3197721	2.0526815	5.7863906	22.3058065	24.7077672	30.2105227	21.5176881	30.7586743	17.615647	14.9580828	31.0730904	24.0669119	28.0109392	38.4139095	9.295127	0.285656	16.424369	11.9028267	18.6811218	22.933509	24.3131846	18.2381126	23.4983597	29.3640831	43.9937398	19.3744383	39.7701932	33.4244959	32.8536952
K07138	NO_NAME	0.8985254	1.092702	0.172697	0.688211	0.12286	0.0954511	0.4028428	2.1252378	0.2001718	1.1807294	0.166325	0.98546	2.7018393	0	0	1.9632419	0.9808844	0.5038155	0.881628	0.462096	0.364592	2.1993447	2.1302956	0.0567248	0.0804489	1.151952	0.0677285	0.3152952	0	5.1894888	4.220779	1.5349739	1.1492071	0.177445	0.2700693	0.699557	0.2159347	0.084276	2.2975739	0.1612	1.143452	0.6571663
K07139	NO_NAME	42.1877355	31.7077445	23.5667693	27.2523424	28.014146	38.4283677	54.4136286	31.6353595	47.8460595	25.8516599	16.5874839	4.5670293	39.1861074	25.709323	63.7312003	9.926152	20.1415835	22.268292	35.3421034	44.457693	55.7342987	12.5254754	11.6032865	22.8107201	7.1525579	30.6075158	28.9679382	32.9473286	2.6973401	12.9491366	10.9930275	25.443694	28.0562159	19.367365	23.1483412	27.7024308	45.8711548	41.1568141	52.8195589	111.1099242	82.6608932	10.8094976
K07140	NO_NAME	0	0	4.68048	0.0132015	0	0.253484	1.395993	0	0	0.0121018	0.126111	0.0170821	5.76924	2.55536	17.9139	0.304332	0.4061974	0	0	0	0	0.1583919	0.107945	0.0149569	0	0.0227308	0.240927	0.067235	0.252237	0.0159813	0.4160079	0.024768	2.787869	0.554586	0.3226843	0.851948	0	0	0	0	0	0.528974
K07141	NO_NAME	49.023489	35.3661765	5.1129214	33.7448757	31.3897	20.0421673	15.959621	7.7507606	13.016293	11.6951768	12.244774	2.4248618	29.3344175	17.376364	42.512554	1.429368	14.30226	7.42813	8.034902	48.3728881	55.2750896	16.3412097	17.7345244	0.6288701	6.150203	16.547201	20.484952	7.020507	1.12206	9.2492915	24.1791828	12.439873	33.049986	17.875021	11.648675	8.91656	28.1412158	39.875364	71.8620902	94.4957626	81.216979	6.7527067
K07142	NO_NAME	0	0	0.261388	0	0	0	0	1.75404	0.0905948	0	0	0	0	0	0	0	0.369449	0	0	0	0	0	0	0	0	0	0	0	0	1.93245	0	0	0	0	0	0	0	0	1.68157	0	0	0
K07144	5-(aminomethyl)-3-furanmethanol phosphate kinase [EC:2.7.4.31]	0	0	0.367096	0	0	0	0	1.40022	0.101786	0	0	0	0	0	0	0	0.505323	0	0	0	0	0	0	0	0	0	0	0	0	2.8406	0	0	0	0	0	0	0	0	1.96127	0	0	0
K07145	NO_NAME	0	0	0	0	0	0	0	0	0	0	0	0	0	0	0	0	0	0	0	0	0	0	0	0	0	0	0	0	0	0	0	0	0	0	0	0	0.148207	0	0	0.0991402	0	0
K07146	NO_NAME	0.306257	0.3062854	5.5404101	2.22494	2.19292	0.6407405	6.522035	0.7117712	0.7065021	50.8178772	37.253459	1.3736677	5.191024	4.70076	13.96475	1.231185	0.8023841	2.33231	2.78929	11.1148	0.314226	0.5823582	0.6212861	19.0121	0.584645	0	0.483908	0.546676	0.931921	4.337862	1.5108839	1.11964	18.485338	4.433647	6.353005	6.6034146	0.154567	0.3247544	0.0327115	0.4220847	1.79156	7.9379726
K07147	NO_NAME	0	0.181633	2.11087	0	0	0.0296271	0.730826	0	0	0	0.709493	0.0471193	5.21225	1.72776	1.13602	0	0.333716	0.0173431	0	0	0	0.02674	0.1437776	0	0	0	0.1710243	0.1979806	3.2556	0	0.1973019	0	17.53576	1.968096	0	0.605179	0	0	0	0	0	1.633321
K07148	NO_NAME	0.517244	1.7858057	2.40164	0	0	0.94406	5.1478437	1.1578544	0.351476	4.5277141	3.8739802	22.8890397	13.6282294	7.290962	20.279305	20.76722	1.3545001	0.901834	0	1.412561	1.4804028	4.7607699	1.8756528	1.002098	2.625008	6.7681201	1.6602472	39.27262	54.8025875	7.5754478	0.0615869	2.3236615	10.7839686	7.17331	0.0848005	0.809254	5.3243995	5.3994342	0.3738867	0.1422389	0.0583886	1.78898
K07149	NO_NAME	17.044483	11.1977605	4.0237578	11.189	0.653505	5.687468	8.15305	15.636329	34.25609	2.202362	9.430895	1.0737	2.9839518	5.34678	0.503654	0.962471	8.86906	23.907745	8.982885	20.724035	18.335801	5.2666646	9.858967	8.3798774	32.7276	3.99728	1.470175	4.39603	0	10.834082	3.9395994	7.507105	8.5671148	12.781477	10.496835	1.130631	0.16797	8.2071478	9.69474	8.3822799	0.60263	2.0633198
K07150	NO_NAME	2.8937136	1.4538552	12.945699	0.6174761	2.2716808	1.30119	1.7386323	3.529249	7.8514455	50.892434	39.856236	0.5222049	14.5449287	6.4743796	25.7360958	1.462338	4.772783	3.529469	4.7900592	12.0542947	14.2720502	3.7780708	3.7752552	15.6419861	0.589246	4.10198	11.1777057	3.6794863	1.02518	4.569487	3.637276	1.810566	11.166088	4.8182255	7.7528485	9.447217	1.517983	3.3945042	6.469935	9.14366	14.9738304	17.419726
K07151	dolichyl-diphosphooligosaccharide--protein glycosyltransferase [EC:2.4.99.18]	0	0	0	0.348888	0	0	0	0	0	0	0	0	0	0	0	0.59642	0	0	0	0	0	0.222799	0	0	0	0	0.0560725	0	0	0.144367	0.265153	0.0517272	0	0	0.090218	0	0	0	0	0	0	0
K07152	NO_NAME	0	0	0	0	0	0	0	0	0	0	0	0	0	0	0	0	0	0	0	0	0	0	0	0	0	0	0	0	0	0	0	0	0.655593	0	0	0	0	0	0	0.153482	0	0
K07153	NO_NAME	0	0.385808	6.13713	0	0	0.0852763	2.992517	0.0472765	0	0.695796	0	0	4.56187	5.02056	15.6476	0.982191	0.561226	0	0	0	0	0	0.183478	0.0925547	0	0	0.151038	0	0.951308	0	0.929577	0	13.676591	1.360373	0.492256	0.729393	0	0.0483889	0	0	0	1.159873
K07154	NO_NAME	26.9078104	18.4202397	6.4989246	3.6692842	3.771254	31.1944237	20.86383781	13.6024997	6.8683478	13.2438305	1.9895922	19.1262974	9.4783348	6.4642747	2.7265157	23.926985	3.5889709	6.1517492	11.5240567	3.503878	1.0021247	5.128519	5.8391882	0.3847149	2.050758	4.290488	2.8548636	4.036173	41.787837	6.9911921	5.4283779	7.1944825	10.8637576	4.7025112	2.4897214	0.3678442	18.653473	12.1204581	0.5981444	7.3092752	3.692702	8.1512888
K07156	NO_NAME	0	0	2.431039	0	0	0	1.242404	0	0	0.734365	0.750805	0	4.78958	4.22533	17.7993	0	0.490885	0	0	0.018662	0	0.0759498	0.109419	0	0	0	0.305832	0	1.79832	0.0820217	0	0	5.97962	0.790774	0	1.66912	0	0	0	0	0	1.506163
K07157	NO_NAME	0	0	0	0	0	0	0	0	0	0	0	0	0	0	0	0	0	0	0	0	0	0	0	0	0	0	0	0	0	0	0	0	1.311443	0	0	0	0	0	0	0	0	0
K07159	NO_NAME	0	0	0.233295	0	0	0	0	2.15599	0.0673816	0	0	0	0	0	0	0	0.731166	0	0	0	0	0	0	0	0	0	0	0	0	2.60153	0	0	0	0	0	0	0	0	1.41508	0	0	0
K07160	NO_NAME	4.7202953	3.3034224	10.51231	11.625224	38.203312	7.6462601	7.5358474	12.4102974	10.812197	3.232431	4.893364	18.737835	6.600087	3.78104	10.075426	1.270089	1.0843121	1.9199439	1.623766	5.447058	2.880056	23.8587269	53.7100622	0.4571954	2.97657	15.899737	20.6393096	1.7043015	2.241539	1.0317944	9.8258058	3.0958648	43.2914057	4.0697212	1.992532	2.927552	3.1770321	1.639358	0.695091	0.770392	1.7581349	2.1349753
K07161	NO_NAME	1.65743	0.561846	2.459105	0	0	0	0	2.190434	2.350806	0.185598	0.965084	0	3.59196	0.649384	0.215704	0.108852	0.584387	0	0	1.4999	6.97395	0.140071	0	0	0	0.318878	0.740299	1.2304	0	2.87758	0.995198	0.853578	0.168897	0.981312	0.10044	3.20941	0.0645874	0.126006	2.373686	4.24912	8.88598	0
K07164	NO_NAME	5.297215	4.9251039	0.0699884	0.762591	0.0597516	0.61903	3.32943	1.871978	0.5090689	9.149	3.2111156	24.688971	17.4320699	0.7623195	0.186321	23.011561	0.9712989	1.0726302	0.1485024	1.662809	0.8813776	9.187465	6.5330555	0.29582	7.02139	7.1068401	2.312205	33.39183	3.6898558	10.0307999	0.6610859	3.5457585	10.292208	9.208274	0.1597799	0	3.776128	20.7650054	1.946498	0.6028319	0.197421	1.036365
K07165	transmembrane sensor	0	0.537632	4.138691	0	0	0	0.0511305	0.0121043	0	0.0869025	0.276968	0	0	0.665134	0	0.396416	0.170446	0.01797757	0	0	0	0	0.15983389	0	0	0	0.0142284	0.0100973	0	0	0.0905754	0	1.42917	0.0945988	0	0.237218	0	0	0	0	0	0.305279
K07166	ACT domain-containing protein	25.3095303	18.9596002	9.4347444	50.0510787	38.3680149	17.4298752	14.6160352	22.279419	18.2937114	24.3051783	23.2092893	5.0725075	41.6580188	8.8153893	1.9315717	7.6245753	38.3280299	13.6975185	9.1465933	47.7767068	31.4703877	26.1051601	28.6011561	11.6342725	20.0355334	37.6080639	48.6791776	13.2073424	0.303315	22.2787444	112.2433952	39.1648124	17.704039	15.0174534	40.69243147	28.0340285	33.1813937	24.0516072	72.5095591	32.415014	13.6276394	53.7491037
K07168	CBS domain-containing membrane protein	0	0	3.47417	0	0	0.259521	1.20264	0.0380465	0	0	0	0	0	0	0	0.33466	0.158146	0	0	0	0	0	0	0.0377335	0	0	0	0	0	0	0.6097215	0	11.094322	0.073559	0.38641	0	0	0	0	0	0	0
K07171	NO_NAME	20.2784213	50.1043802	36.8015774	84.1498918	50.294878	79.1891285	63.2706013	34.2318952	37.8771155	18.8381973	49.3250182	3.3802164	22.581478	48.6658062	42.275736	21.70759	62.5998947	33.086405	29.3170666	69.882686	105.2203648	73.3480776	111.831132	110.8009267	135.6051751	57.1794016	119.2256382	26.8874947	2.181511	33.7492601	29.3933646	23.3764507	54.2952801	104.7480437	55.402032	27.2956641	11.1385192	14.441023	22.6560203	62.5812924	22.0744472	24.1939698
K07172	NO_NAME	0	0.0458829	2.34497	0.0208051	0.597253	0	0.249145	0.4177905	0	0.970411	1.636079	0.516258	7.743818	4.88725	27.1134	0	0.8473381	0.0904566	0	0	0	0	2.44754	0	0	0	0.173768	0.252708	2.3094372	1.172365	0	0	2.05687	0.3847856	1.6845102	2.917191	0	0	0.0664968	0	0	1.647318
K07173	S-ribosylhomocysteine lyase [EC:4.4.1.21]	51.2705481	68.7903579	35.381572	49.5854056	117.0549203	42.0505112	39.9351273	27.1779499	23.3982571	62.9922228	50.6378679	6.160634	41.3534011	17.9927869	44.039334	12.6350909	7.8984982	22.7147878	19.5522951	63.9399783	29.633805	82.1660469	146.429069	36.3736871	12.3198167	43.116894	54.3954066	32.2605373	6.9016729	16.2336168	42.8888188	19.8749543	36.5172221	20.3945932	23.8825474	16.7785219	52.4961662	44.8820132	51.5824878	69.9655602	67.6862017	30.4537888
K07175	PhoH-like ATPase	0	0	0.0469055	0.0600094	0	0	0.1649282	1.455198	0.0588558	0	0	21.5767	0.254931	0.0513114	0.0384335	7.33531	0.757604	0	0	0	0	2.096986	0.397762	0.3915179	0	1.034523	0.0706201	5.041419	52.6957	0.6607236	0.5120805	0.3301875	0.530101	0	4.426702	0.205557	0.443957	2.334446	4.92124	0.8424627	0	0.604542
K07177	Lon-like protease	2.545851	27.7751949	7.2223318	6.0310186	61.0397207	0.861129	0.4942497	8.58299	9.51011	13.014636	8.884718	0.177939	6.75223	0.279983	0.2002188	1.6012663	0.7856328	5.1905722	2.119635	4.8526	0.287098	16.810304	39.393561	1.488293	0.6892275	22.3764	24.7102542	0.1691188	0	0.519425	5.4227624	2.9360463	3.5218274	1.3996219	8.5520069	5.94409	0.0651751	0	0	0.0733451	0.392383	3.2959631
K07178	RIO kinase 1 [EC:2.7.11.1]	0	0	0.344721	0	0	0	0	2.07111	0.0686651	0	0	0	0	0	0	0	0.43829	0	0	0	0	0	0	0	0	0	0	0	0	2.46065	0	0	0.409143	0	0	0	0	0	1.82075	0	0	0
K07180	serine protein kinase	0	0.111404	1.48865	0	0	0.128967	2.35313	0.0104666	0	0.59045	0.344143	0.0101895	0.739908	2.701777	2.77969	0.104156	0.4270042	0.00843173	0	0	0	0.0133529	0.159516	0	0	0	0.0790605	0.0826031	2.75533	0.0198831	0.451923	0	5.034316	1.54119	0.142435	0.289876	0	0	0	0	0	1.53304
K07182	CBS domain-containing protein	0	0	0	0	0	0	0	0	0	0	0	0	0	0	0	0	0	0	0	0	0	0	0	0	0	0	0	0	0	0	0	0	0.364069	0	0	0	0	0	0	0	0	0
K07183	response regulator NasT	0	0	0	0	0	0	0	0	0	0	0	0	0	0	0	0	0	0	0	0	0	0	0	0	0	0	0	0	0	0	0	0	0.334368	0	0	0	0	0	0	0	0	0
K07184	SH3 domain protein	0	0.134337	2.36411	0.0356386	0	0.0694668	0.235886	0.0206535	0	0.14421	0	0	7.03608	2.84748	16.8735	0	0.642745	0.0241575	0	0	0	0	0.179305	0	0	0	0.127836	0.0202598	1.21458	0.0127033	0	0	5.96831	0.7827	0.141362	1.56804	0	0.111904	0	0	0	0.537066
K07186	membrane protein	0.0523936	0.62464	2.865612	0	0	0	0.631775	0.0406485	0	1.118577	5.22938	0	0	2.80816	0	0	0	0.52997	0.568556	0.383887	0	0	0	0.0796445	0	0	0.0705786	1.30514	0	0	0	0	0.6051426	1.09919	0	0	0	0	0	0	0	1.657604
K07187	insulin receptor substrate 2	0	0	0	0	0	0	0	0	0	0	0	0	0	0	0	0.0323947	0	0	0	0	0	0	0	0	0	0	0	0	0	0	0	0	0	0	0	0	0	0	0	0	0	0
K07189	protein phosphatase 1 regulatory subunit 3A/B/C/D/E	0	0	0	0	0	0	0	0	0	0	0	0.0545014	0	0	0	0.2056252	0	0	0	0	0	0	0	0	0	0	0	0	0	0	0	0	0	0	0	0	0	0	0	0	0	0
K07192	flotillin	3.087115	2.233769	0.988888	12.3807	11.85548	0.351662	2.935945	21.045409	27.0234451	15.997226	4.875613	0.486539	14.0164719	3.500453	0.454226	10.411575	3.7644473	0.714436	2.3071283	2.6244057	7.769595	2.027153	1.3310897	1.313314	2.15307	14.013184	14.0635191	28.15611	0.130439	7.808734	49.196777	22.990305	12.93268	9.298635	6.7480902	0	18.646539	8.924655	0.9203243	15.446742	0.492232	4.4021011
K07194	Ras homolog gene family, member Q	0	0	0	0	0	0	0	0	0	0	0	0	0.00531442	0	0	0.01504068	0	0	0	0	0	0	0	0	0	0	0	0	0	0	0	0	0	0	0	0	0	0	0	0	0	0
K07201	forkhead box protein O1	0	0	0	0	0	0	0	0	0	0	0	0	0	0	0	0.0277186	0	0	0	0	0	0	0	0	0	0	0	0	0	0	0	0	0	0	0	0	0	0	0	0	0	0
K07208	Ras homolog enriched in brain	0	0	0	0	0	0	0	0	0	0	0	0	0	0	0	0.03299606	0.0182984	0	0	0	0	0	0	0	0	0	0	0	0.01194333	0	0	0	0	0	0	0	0	0	0	0	0	0
K07213	copper chaperone	0	0	0.124813	0.918894	0	0	0	0	0	0	0	0	0	0	0	1.47555	0	0	0	0	0	0.356015	0	0	0	0	0.143359	0	0	0.1183	0.311124	0	0.0425293	0	0	0	0	0	0	0.153928	0.0246063	0.112848
K07214	enterochelin esterase and related enzymes	1.11933	0.261998	2.7759872	0	0	0.2258605	0.2956605	0	0	0.842872	0.196889	0	10.4223	4.095341	16.904633	0	0.207543	0.206758	0.24001	0.1956355	0.19380736	0.016335	0.231304	0.1484438	0.2945736	0	0.0753827	44.5921961	1.04015	0	1.60252	8.3375864	6.38918	1.131912	0.102484	1.958784	14.5669	5.8590704	0.769463	12.6432	5.85213	1.315614
K07216	hemerythrin	4.76816	11.822516	4.954568	1.674373	1.19631	1.71868	1.748725	8.728856	19.621284	1.576668	4.200962	0.6255438	1.8436907	0.136359	0	9.868199	6.2582516	6.98521	9.798616	0.968327	0.278935	3.2318384	0.5679505	3.326102	4.8038955	9.365206	0.3894261	1.971644	0	8.9434006	1.2048533	3.421533	14.134534	6.171445	3.0078827	0.216769	16.1509484	3.9735721	2.91144	2.839824	3.091092	11.6385498
K07217	Mn-containing catalase	0	0.0942946	0.0436027	1.39899	0	0	0	0	0	0.0569992	0	0	0	6.25722	0	0	0.0904727	0	0	0	0.573691	0.0635476	0.031566	0	0	0	0.3200944	0	0	0.0651716	0.0627804	0.06187	0	0.29666	0	0.870463	0	0.0819687	0.0730286	0.0522257	3.902094	0.0372846
K07218	nitrous oxidase accessory protein	0	0	0	0	0	0	0	0	0	0	0	0	0	0	0	0	0	0	0	0	0	0	0	0	0	0	0	0	0	0	0	0	5.77051	0	0	0	0	0	0	0	0	0
K07219	putative molybdopterin biosynthesis protein	2.0718791	5.4158676	4.3410902	7.133686	4.500069	18.8285	17.0941	1.993873	4.283942	0.461215	2.51819	0.4159639	7.0786423	2.00535	0.836299	0.7964923	6.564551	4.687958	6.3190329	1.925923	8.223353	3.3689827	2.2519031	1.10846	0	1.121513	2.26189	2.2371412	0	2.3672867	4.506918	6.359427	1.13022	1.382399	3.812542	3.743773	9.44335	4.654051	2.777778	6.11824	8.3273791	0.218819
K07220	hypothetical protein	9.3931896	0.3710959	4.8304547	3.725127	2.2872246	18.026447	8.5586352	4.9546987	1.3351046	12.679335	7.2172748	1.3728244	7.374861	0.8265375	0.298614	11.0726689	1.1120136	2.430949	2.574026	3.3868125	0.878864	1.86093	2.6016135	0.537369	1.681889	3.590832	3.0153217	25.4672282	8.403417	4.0025511	3.2467409	3.4721546	14.026071	4.2890261	0.8378997	1.430438	11.996666	4.4387014	1.159975	0.3841241	0.838357	7.5644327
K07221	outer membrane porin	0.2743495	0.2464073	0	0	0	0.259608	1.23081	0.202368	0.103614	1.4915822	1.2935889	3.27479	3.01312	0.584529	0.0811778	4.06438	0.4501	0.337994	0.0413192	0.438294	0.2686	0.936148	0.393123	0.327383	0.482587	1.99916	0.575152	11.0276	0.104435	1.437183	0	1.453861	24.35263	2.3285903	0	0	1.81013	0.4979742	0.0910951	0.0350256	0	0
K07222	putative flavoprotein involved in K+ transport	0	0	0	0	0	0	0	0	0	0	0	0	0	0	0	0	0	0	0	0	0	0	0	0	0	0	0	0	0	0	0	0	0	0.0454345	0	0	0	0	0	0	0	0
K07223	putative iron-dependent peroxidase	0	0.433885	3.581279	0.484472	0.240549	0.256135	1.889444	0	0	0.3102265	0.729913	0.0181671	9.2079348	6.108246	20.1224713	1.479366	0.473154	0	2.18509	0.7570725	0	0.3832087	1.5544712	0	0.117263	0.0523947	0.4394153	0.3033355	0	0.1917445	0.695236	0.5443	7.3328007	1.546043	0.370082	2.8688763	0	0	0	0	0	2.5904033
K07224	putative lipoprotein	0	0	2.825676	0.0600322	0.0706296	0.0467838	0.9743903	0.0487757	0.0717992	9.975284	6.5799003	0.034387	5.42072	3.4189413	12.7604056	0.3180212	0.181356	0.4914124	0.286319	2.0724	0	0	0.0677346	0.201121	0	0	0.1788466	0.2086645	3.4572956	0.047175	0.9456337	0.3170743	7.27251	0.6804	0.6457347	4.4036834	0	0.0628744	0	0	0.223737	1.4722867
K07225	putative hemin transport protein	0	0	0.0425982	0	0	0	0	0	0	0.653565	0	0	0	0	0	0	0	0	0	0	0	0	0	0	0	0	0	0	0	0	0	0	0	0	0	0	0	0	0	0	0	0.057772
K07226	hypothetical protein	0	0	0	0	0	0	0	0	0	0	0	0.0435628	0	0	0	0	0	0	0	0	0	0	0	0	0	0	0	0	0.060244	0	0	0	0	0	0	0	0	0	0	0	0	0
K07227	hypothetical protein	0	0	0	0	0	0	0	0	0	0	0	0	0	0.104795	0.0453528	0	0	0	0	0	0	0	0	0	0	0	0	0	0	0	0	0	0	0	0	0	0	0	0	0	0.0403497	0
K07228	TrkA domain protein	0	0	0.0430389	0	0	0	0	0	0	0	0	0	0	0	0	0	0	0	0	0	0	0	0	0	0	0	0	0	0	0	0	0	0	0.048568	0	0	0	0	0	0.0756372	0	0.0486413
K07229	NO_NAME	0	0.668795	4.4689	0.0154853	0	0.0818652	0.347588	0.0841218	0	0.039898	0.873997	0.043237	10.0921	5.58991	39.1958	0	0.29932	0	0	0	0	0.0219282	0.0800629	0	0	0	0.279724	0.631853	2.4502	0	0	0	2.27046	0.453459	0	2.07623	0	0	0	0	0	0.35781
K07230	NO_NAME	0	0	0.248318	0.677383	0	0.1427326	0	0.323107	0	0	0	10.3738	0.226253	0.0592557	0	1.0867328	0	0.757752	0	0.9476913	0	3.78755	0.128897	0.0753279	0	0	0	0	28.84755	1.344346	1.765632	0.0379883	0	0	1.792562	0.218472	0.7292473	0.689878	0.336314	0.107186	0	0.5098939
K07232	cation transport protein ChaC	0	0	3.21912	0	0	0.206702	0.148909	0	0	0	0.450033	0.0819244	0	5.40269	13.1185	0	0.429549	0	0	0	0	0.046947	0.245838	0	0	0	0.18496	0.198197	1.34159	0.0859255	0	0	8.30038	0.587006	0	1.47792	0	0	0	0	0	0.315189
K07234	uncharacterized protein involved in response to NO	0	0	0	0	0	0	0	0	0	0	0	0	0	0	0	0	0	0	0	0	0	0	0	0	0	0	0	0	0	0	0	0	0.486223	0	0	0	0	0	0	0	0	0
K07235	tRNA 2-thiouridine synthesizing protein D [EC:2.8.1.-]	0	0	15.608128	0	0	0.7081167	9.2915684	0	0	0	2.00877	0	14.5644	14.12498	54.247	1.45687	0.743983	0.109922	0	0.037946	0	0.108156	0.527436	0	0	0	0.76216	0.457433	3.12018	0	0.9411414	0.107607	21.2453334	9.69629	0.729928	3.16922	0	0	0	0	0	13.362732
K07236	tRNA 2-thiouridine synthesizing protein C	0	0.731723	10.73407	0	0	0.3205722	2.27078	0.0839639	0	0	1.57248	0.120109	14.85487	6.91197	57.3267	0.801011	1.008067	0.0562973	0	0	0	0.0813748	0.3121314	0.0279825	0	0	0.383441	0.754513	3.02304	0	0.346898	0	23.79154	1.287745	0.576643	6.160052	0	0.125492	0	0	0	1.088176
K07237	tRNA 2-thiouridine synthesizing protein B	0	0.485182	19.31884	0	0	0.304028	2.4867744	0.1382853	0	0.7791717	4.868501	0.12185	11.6843	7.56573	50.7596	1.34724	0.933749	0.440484	0.3451213	0.143652	0	0.0619156	0.535203	0.0731574	0	0	0.18699	1.9437111	2.7948631	0.0186812	0.659859	0	19.4487444	1.10228	0.752143	5.4427955	0	0	0	0	0	1.901242
K07238	zinc transporter, ZIP family	3.1589581	2.3745715	10.1805246	2.1901883	3.3830663	2.1058569	2.8397591	4.6114613	7.1808473	42.9610471	39.2800969	27.6350002	38.748829	9.470351	25.5840872	8.3658619	6.7877999	3.5622439	4.662215	20.8655107	11.7992424	9.8794072	11.3962994	11.575128	0.8196182	12.2462048	3.9454293	4.5844522	1.474932	6.6735855	5.3546582	5.1341842	14.205034	13.146747	9.9047499	10.0608767	2.8257276	62.757026	12.1110662	7.8420923	13.7374774	17.3499499
K07240	chromate transporter	93.3469181	74.2259273	26.616385	50.3110846	48.9401181	45.5900085	78.2089321	47.3321812	62.8222064	57.123129	74.8659355	8.7593819	39.8381137	45.1093611	16.3413882	39.8011293	59.0608646	38.7219896	56.570755	101.1046286	139.2811365	22.6147233	21.7838157	80.5682757	64.5823059	57.7050472	52.7245138	65.668817	9.3995	46.9900715	41.5795246	99.4838292	75.422686	101.9146309	38.999489	10.4464527	75.3518823	98.6274839	110.5245594	154.9347862	158.2806527	47.7483768
K07241	high-affinity nickel-transport protein	0.175545	0.279555	0	0.0616616	0	0	0	0	0	0	0	0	0	0	0	0	0	0.0961665	0	0.5999663	0	0	0	0.0492727	0.177428	0	0.432918	0	0	0.0997896	0	0.3791754	0.0402686	0	0.14811	1.116928	0.039386	0	0	0	0.156037	0.473785
K07243	high-affinity iron transporter	0.303153	0	4.8700561	5.067628	16.113408	39.660776	18.065811	0.4785617	0.0317174	1.3848408	2.200969	12.5086281	7.4303137	0.1257731	1.7125576	2.2122234	0.547229	2.4707	0.3572459	31.7948894	0.338883	6.986933	13.3072068	18.137472	0.0476381	1.08334	2.6337223	0.015778	31.9123646	0.6667232	29.72174	8.8749	27.73169	2.618986	7.6051979	0.577459	35.837589	16.026366	17.320088	1.0171642	27.69647	5.2417695
K07245	putative copper resistance protein D	0	0.37351	1.5787595	0	0	0.0459807	0.3187882	0.0609696	0	0.6613335	0.223032	0.0287771	5.7492	3.22864	23.6127	0	0.216417	0	0	0	0	0	0.0867276	0	0	0	0.22088	0.0404827	0.424558	0	0.0285285	0	2.87681	0.350628	0	0.346291	0	0.06075	0	0	0	0.2929479
K07246	tartrate dehydrogenase/decarboxylase / D-malate dehydrogenase [EC:1.1.1.93 4.1.1.73 1.1.1.83]	0	0	5.06125	0	0	0	0.263519	0.0255666	0	0	0	0	4.102961	1.77748	13.9628	0.642447	0.3926301	0	0	0	0	0	0	0	0.0125223	0	0.0459483	0.0828504	0	0	0.2889777	0.110761	2.82821	0.316003	0.1821373	0.650887	0	0	0	0	0	0.908433
K07248	lactaldehyde dehydrogenase / glycolaldehyde dehydrogenase [EC:1.2.1.22 1.2.1.21]	0	0	1.170387	0.223583	0	0.0204	0.684361	0.0902461	0	0	0.4394279	1.10587	1.68335	0.690914	6.9280986	1.20215	0.2130747	0.0115444	0	0	0	0.21954402	0.0975125	0	1.40587	0.0965225	0.1816285	0	0.383969	0.0132951	0.1723052	0	4.548261	1.2043948	0.0884961	0.541885	0	0.181121	0	0	0.0786762	1.20330325
K07250	4-aminobutyrate aminotransferase / (S)-3-amino-2-methylpropionate transaminase [EC:2.6.1.19 2.6.1.22]	2.29439	1.13174	5.78051	0.063923	0	6.3639931	4.754519	3.89657	6.71492	0.6903802	2.685892	0.0149338	13.01553	3.87599	11.330536	0.391677	1.076598	1.9722821	0.672876	2.4027119	12.8284	1.4095238	0.1796492	0.137621	0	3.84704	9.775137	2.282772	0	3.1861148	6.84443	3.468374	4.031437	4.186434	2.65371	4.285709	0.2024804	0.138395	5.68213	5.88566	11.8176	0.546117
K07251	thiamine kinase [EC:2.7.1.89]	0	0	1.7640312	0	0	0.124314	0.7581957	0.0783663	0	1.0393001	0.81906	0	3.56518	3.70522	5.06828	0	0.368164	0.0317981	0	0	0	0	0.2227226	0	0	0	0.280346	0.0370638	3.74134	0	0.2084953	0	6.679576	0.7485829	0	0.420372	0	0.0350356	0	0	0	1.069835
K07254	hypothetical protein	0	0	0.316985	0	0	0	0	7.28221	0.4420427	0	0	0	0	0	0	0	5.153166	0	0	0	0	0	0	0	0	0	0	0	0	8.51951	0	0	0	0	0	0	0	0	8.6232	4.26417	0	0
K07257	spore coat polysaccharide biosynthesis protein SpsF	0	0	0	0.213553	0	0	0	0	0	0	0	0	0	0	0	0.989194	0	0	0	0	0	0.0954677	0	0	0	0	0	0	0	0.120283	0.423932	0	0	0	0.177181	0.747403	0	0	0	0.284528	0	0
K07258	D-alanyl-D-alanine carboxypeptidase (penicillin-binding protein 5/6) [EC:3.4.16.4]	117.0196442	79.1963658	49.9572938	69.0890202	55.0384653	68.6262548	69.8650413	69.028399	69.2983145	48.2106897	82.457195	8.6413556	46.2046978	46.2045194	46.6347075	14.055223	60.3594356	44.8416285	102.4738223	99.4133021	151.5059792	29.3570051	20.9279594	84.3751993	15.3397189	45.874914	36.2492215	17.5517259	12.001466	36.0074768	34.0821962	61.5459594	87.7474332	83.7181388	40.0897091	48.311102	74.0894843	90.7000485	107.1393118	196.9564198	175.6712871	63.678219
K07259	D-alanyl-D-alanine carboxypeptidase / D-alanyl-D-alanine-endopeptidase (penicillin-binding protein 4) [EC:3.4.16.4 3.4.21.-]	3.302199	42.7141086	10.314956	7.78284271	84.2943	0.0469531	1.1760917	11.8138468	10.234	0.8706974	1.2672051	3.006417	14.197176	2.06921	14.3092908	6.55164	1.429022	6.097109	1.50146	4.665056	0.667354	23.6665763	49.896709	0.0833422	0.659464	30.735114	29.0162241	3.35698	4.185473	0.7674716	5.3819805	3.96551	7.639436	1.780538	12.3822	2.063904	0.564664	2.976587	5.430364	0.8612026	0	1.72849
K07260	D-alanyl-D-alanine carboxypeptidase [EC:3.4.16.4]	4.4724936	2.439522	4.1746895	15.8359875	16.5139693	24.4026492	29.12249	12.4754609	9.55118	17.2196771	27.234893	1.415259	5.579972	11.293807	4.9168165	5.631041	21.185277	23.9550176	27.0735461	15.6969412	38.2355	7.350354	8.4926112	5.629703	1.658017	30.122006	5.0010835	5.134268	0.0756655	8.9582086	12.5504821	23.0330671	5.6951703	28.8954133	7.9165683	13.9264131	15.7835523	45.1252795	52.4759722	77.5997721	2.5369536	6.839403
K07261	penicillin-insensitive murein endopeptidase	0	0.307993	3.74993	0	0	0.323216	2.155939	0.1510227	0	0.0267577	0.352651	0	0	1.47137	0	0.419711	0.447885	0	0	0	0	0.0379749	0.1945229	0	0	0	0.140173	0.230158	4.23744	0.0258177	0.4991468	0	5.026238	1.363527	0.294729	0.408008	0	0	0	0	0	0.70661
K07262	D-alanyl-D-alanine endopeptidase (penicillin-binding protein 7)	0	0.183999	2.8616	0	0	0.0857337	0.208823	0.112595	0	0	1.35333	0	0	0.65045	0.144783	0.477057	0.2405429	0.121995	0	0	0	0	0.126534	0	0	0	0.284794	0.266263	3.61732	0	0.081408	0	18.803602	0.140307	0.195105	0.532926	0	0.0785328	0	0	0	0.226993
K07263	zinc protease	2.050329	1.427767	1.4329561	0.3155833	0	0.5723584	2.2319302	0.7815888	0.2240307	4.1923326	2.259589	23.91051817	8.879665	1.7338651	7.291474	10.307625	0.7311103	0.7047612	0.0775373	0.570854	0.575539	4.8449481	2.4156963	0.510843	0.934634	3.510805	1.1883192	22.932298	54.5925529	2.8538167	0.421062	3.5298218	7.984771	3.6501833	0.0939475	0.50061	2.585232	1.414724	0.103107	0	0.0430539	0.82955
K07264	4-amino-4-deoxy-L-arabinose transferase [EC:2.4.2.43]	0	0	7.04054	0	0	0.234017	2.462476	0.0526865	0	0.1559601	0	0	5.22753	3.5908	17.3896	0.387993	0.434901	0	0	0	0	0.0851032	0.0980851	0	0	0	0.092028	0.134506	0	0	0.374884	0	14.437757	0.815474	0.321634	1.70502	0	0	0	0	0	0.760416
K07265	capsular polysaccharide export protein	0	0	0.138136	0	0	0	0	0	0	0	0.0872054	0	0	0	0	0	0	0	0	0	0	0	0	0	0	0	0	0	0	0	0	0	0	0	0	0	0	0	0	0	0	0
K07266	capsular polysaccharide export protein	0	0	0.1791202	0	0	0	0	0	0	0	0.0820623	0	0	0	0	0	0	0	0	0	0	0	0	0	0	0	0	0	0	0	0	0	0	0	0	0	0	0	0	0	0	0
K07267	porin	0	0	0	0	0	0	0.648907	0	0	0	0	0	0	0	0	0	0	0	0	0	0	0	0.0344519	0	0	0	0	0	0	0	0	0	15.02936	0	0	0	0	0	0	0	0	0
K07269	hypothetical protein	0	0	4.946977	0	0	0.11727	0.5139436	0.0901453	0	0.1825769	0.722212	0	6.966509	2.386814	0	0.461109	0.647657	0	0	0	0	0	0.0279211	0	0	0	0.437313	0.0852694	0.413725	0	0.0542423	0.019297	5.8011048	0.508244	0	0.990382	0	0.0411593	0	0	0	1.404032
K07270	glycosyl transferase, family 25	0	0	0	0	0	0	0.1704	0	0	0.1776585	0.342833	0	0	0	0.0569609	0.045783	0	0.14998	0.0488878	0.0362386	0	0	0	0	0	0	0	2.99583	0	0	0.0788026	0.117457	0.163286	0	0	0.198742	0	0.121374	0	0	0	0.263117
K07271	lipopolysaccharide cholinephosphotransferase	3.4999447	4.6793502	13.4152112	5.2536953	1.3989032	1.1645266	1.857662	5.5535318	0.8057457	16.260511	11.5503474	6.5757644	0.9578239	6.3630445	4.118639	11.1146127	4.6432591	6.1895632	5.2944767	9.0867829	1.1120963	4.3667183	2.1166738	3.6131115	1.6416931	3.796091	3.0768689	21.7248375	8.0565624	9.1066685	2.0258729	2.4630351	5.776469	21.050509	1.863129	5.1053004	1.0601558	6.2341146	5.925029	3.0794473	1.363515	3.3237589
K07272	polysaccharide biosynthesis protein	0	0	0.957667	0	0	0	0	0	0	0.928101	0.874787	0	0	0	0.0269182	1.39591	0	0	0.0698764	0.0425638	0	0.0846469	0	0.2364388	0	0	0	0.629601	0	0	0.0631269	0.057288	0.095221	0.0417325	0.224062	0.664229	0	0	0	0	0	0.2313352
K07273	lysozyme	0.0567597	0.1540504	0.604474	0.0445524	0.164267	0.2423535	0.2962096	0.323759	0.158367	0.17674915	0.9107245	18.2806579	6.271471	1.5634581	6.88932081	7.646	0.3351875	0.3241518	0.1394	0.472203	0	1.4371665	1.9429864	0	1.4735027	0.239579	0.249288	9.6256622	58.30804	0.8689709	0.1817188	1.5162469	4.982231	0.808724	0.508831	1.4037812	0.4844688	2.16137	0.0922291	0.1801096	0.100331	4.3461787
K07274	outer membrane protein	0	0.0151733	3.48895	0.35602	0	0.0702779	0.581042	0.0168621	0	0.0223404	0.388085	0	15.88903	6.980742	60.6808	0.7630489	0.510961	0.0166596	0	0	0	0.2375385	0.0824769	0	0	0	0.225426	0.321435	0.724502	0.940716	0.315743	0.0156893	5.596761	0.757704	0.103434	1.399648	0	0.0157888	0	0	0	0.697401
K07275	outer membrane protein	0	0	1.79179	0.0225291	0	0.0261954	0.339298	0	0	0	0	0.0238393	1.98839	1.63171	10.7338	0	0.263512	0.0369714	0	0	0	0	0.0839105	0	0	0	0.15831	0.0331249	0	0	0.246665	0	9.986104	0.794965	0	0	0	0	0.0286605	0	0	0.450007
K07276	hypothetical protein	0	0	0	0	0	0	0	0.0601496	0	0	0	0.344494	0.836336	0	0	0	0.376776	0	0	0	0	0	0.79185	0	0	0	0	0	0	0.692507	0	0	0	0	0	0	0	0	0	0	0	0
K07277	outer membrane protein	0.84855	0.892468	2.8046887	0.4385769	0	0.6455772	4.0062194	0.5482447	0.2488414	3.198781	1.5043881	21.91579638	6.041091	4.1648851	6.8561804	6.42812	0.7693013	0.617917	0.0500929	0.343823	0.430679	3.4311396	2.169028	0.4663851	0.485808	2.164021	0.7864491	16.4017049	59.6783909	2.4457397	1.2629639	1.9724536	7.2991099	3.7407903	0.3707906	1.499113	1.440152	0.8630493	0.0943748	0.3634426	0.0388841	2.598675
K07278	outer membrane protein	0.0631479	0.153782	4.914807	0.418781	0	0	1.326192	0	0	0.840598	6.480604	0	5.65947	6.95437	16.14092	0.628181	0.234372	0.738704	0.51133	0.357632	0	0.183187	0.3640033	0	0	0	0.141187	1.1178764	0.550187	0	0.3222956	0.0737703	12.6357135	0.989097	0.1031751	0.983553	0	0	0	0	0	1.059907
K07279	hypothetical protein	0	0	0.359293	0	0	0.00812604	0.0113015	0	0	0.009998	0.019243	0	2.59973	0.878436	6.95086	0	0.013268	0	0	0	0	0.00872184	0.0132049	0	0	0	0.0088069	0	0	0	0	0	0	0.0162482	0	0.02051	0	0	0	0	0	0
K07283	putative salt-induced outer membrane protein	0	0.4581086	1.155902	0	0	0	0.6345223	0	0	0.858266	0.239565	0	2.74081	4.19545	11.0308	0	0.0604538	0	0	0	0	0	0	0	0	0	0.1635449	0.0215944	0.561308	0.00913239	0.3119116	0	2.6510638	0.1707399	0	0.232965	0	0	0	0	0	0.4786935
K07284	sortase A	30.5188279	95.5088665	65.6273195	33.5946608	52.786834	82.7934652	69.5233964	40.8886899	50.9026656	33.1288755	21.1371229	2.4793453	22.969373	29.8324806	7.9400626	6.3636756	28.2726344	26.6344692	37.7637152	71.2109551	39.7657237	134.2506184	263.9434211	28.8119245	11.069154	31.708243	38.4652095	9.9077821	0.188308	25.0995269	74.6822221	56.1578509	43.482642	30.0370813	31.4057342	11.2707846	58.826896	41.9978902	43.7188594	62.1201099	60.3404117	27.1497662
K07285	outer membrane lipoprotein	0	0.137999	3.767652	0	0	0.0971202	0.260442	0.0612237	0	0.900435	5.269985	0	1.6693	2.3992975	4.06482	0.2344553	0.179129	0.3862167	0.252835	0.157771	0	0.0786603	0.392384	0.0526734	0	0.00659258	0.2247498	0.8648417	0	0.1156494	0.255072	0	4.30528	0.6427261	0.0484574	1.09756	0	0.200553	0.0100918	0	0	0.5837827
K07286	uncharacterized lipoprotein	0	0.729576	5.86079	0	0	0	0.1216698	0	0	0.99058	5.696893	0.0558381	2.81421	2.4733	9.16792	0	0.107274	0.59822	0.478421	0.345276	0	0	0.0573878	0.0472299	0	0	0.160401	0.91532	0.308972	0	0	0	3.314337	0.157591	0.100812	0.447434	0	0	0	0	0	0.453759
K07287	lipoprotein-34	0	0.316618	2.76175	0.0127085	0	0.237631	0.654375	0.0666428	0	0	0.407795	0.0166717	2.33467	2.75273	8.66117	0	0.599718	0.0156344	0	0	0	0.0592142	0.150452	0	0	0	0.164744	0.0340611	0.882871	0.0217779	0.144051	0.0172754	6.127976	1.07711	0	0.820416	0	0.0172967	0	0	0	1.84028
K07289	AsmA protein	0	0.127318	2.40396	0.810655	0	0.0787905	0.260411	0.0120289	0	0.2561403	0.680441	0.0185936	4.97188	3.53682	14.927	1.35842	0.268569	0	0	0	0	0.517032	0.1757756	0	0	0	0.174026	0.0382483	1.18592	0.2074694	0.5102285	0.1565782	14.474579	0.292605	0.0734218	1.820355	0	0.0152494	0	0.175677	0	0.422186
K07290	hypothetical protein	0	0.284243	0.105072	0	0	0.0174191	0.4075303	0.0119059	0	0.2194668	0.823721	0.0177564	0.169134	0.524061	0.605852	0	0	0.0499855	0	0	0	0.0150847	0.126902	0	0	0	0.0856582	0.157866	3.11029	0	0.0428857	0	3.37697	0.137277	0.0156808	1.17862	0	0.0735485	0	0	0	0.1985539
K07293	tyrosine-protein phosphatase non-receptor type 11 [EC:3.1.3.48]	0	0	0	0	0	0	0	0	0	0	0	0	0	0	0	0.0165355	0	0	0	0	0	0	0	0	0	0	0	0	0	0	0	0	0	0	0	0	0	0	0	0	0	0
K07300	Ca2+:H+ antiporter	0	0.171084	2.14982	0	0	0.24348	2.3192	0.0205876	0	0.214951	0.228769	0.0126603	2.45382	3.8791407	10.299	0	0.68878	0	0	0	0	0.0277788	0.252105	0	0	0	0.189939	0.0789213	0.575505	0	0.394792	0	4.563265	1.697	0.071058	1.09398	0	0	0	0	0	1.58985
K07301	NO_NAME	12.5307277	8.6485365	13.837381	5.597988	3.1741983	7.0337672	12.83622	20.5204131	18.7615049	7.6235244	29.216131	1.0270268	14.5350039	17.4461451	15.4554001	11.5966405	26.1607354	9.9848896	14.7870637	15.7215518	51.909001	5.0941553	2.982765	13.106122	1.817137	8.336878	5.2125061	3.9785855	1.2554	12.5938783	16.3081815	26.1620342	20.3421887	34.563122	11.5247822	11.6136205	5.7596691	12.6349062	16.400668	19.648147	25.9849466	17.457982
K07304	peptide-methionine (S)-S-oxide reductase	0.165549	0.321055	7.6208311	0.3333098	0.2883334	0.54503	3.3444248	0.3450229	0	0.7723989	0.439679	1.43545	2.8590225	6.0818226	7.5145088	2.1939208	1.178055	0.0956107	1.33711	1.525358	0.0520565	0.2193897	1.8639208	20.5015347	0.5700411	0.0363509	2.181092	0.1205812	0.413725	0.766319	19.1671739	3.1231593	14.71898	1.8438965	4.0559921	17.3004881	0.2846233	0.497105	0.0367062	0.1510705	0.4499509	11.5535103
K07305	peptide-methionine (R)-S-oxide reductase	0	0.376622	8.238091	1.6625102	0.2730661	0.6595294	7.926128	0.1791998	0	0.107823	0.038512	1.51804	8.59374	5.581488	33.4752	1.422065	1.065842	0.1175286	0	0.4374933	0	1.843782	1.586483	0.52575	0.7889526	0	1.90169	0.0947654	0	6.2920554	24.440262	3.5388818	18.8996962	0.768257	0.580069	4.074944	0.0596944	2.9739621	0	0.160299	0	7.7732836
K07306	anaerobic dimethyl sulfoxide reductase subunit A [EC:1.8.5.3]	3.268664	1.2539126	1.425487	6.204199	0.947051	0.4955992	0.5978651	0.111659	0.351114	0.4903438	0.680333	0.7908597	2.394294	0.728589	0.239483	0.497527	0.4016291	0.235078	0.109795	1.48197	1.302478	1.30213128	1.4005413	0	0	0.5605316	1.9346047	0.757418	3.095725	1.0184136	1.158462	0.3163691	6.991913	2.859558	0.126448	0.8345498	0.731372	0.5734377	0.3485798	1.0911	1.903843	0.784689
K07307	anaerobic dimethyl sulfoxide reductase subunit B (DMSO reductase iron- sulfur subunit)	4.8050434	1.339105	2.6655024	12.7332993	2.0439779	1.6420482	1.7771623	0.3699491	0.9551717	0.575799	0.275356	1.616125	6.6056885	1.74121	14.1599	0.7921341	0.9212186	0.8464619	0.2034904	3.9114441	1.3460171	1.9942439	2.5820031	0.0132138	0.736233	2.2828023	6.6871644	1.2173151	1.545647	0.886172	0.7654722	0.199553	14.308077	7.4780525	0	1.0653645	2.680924	2.0513736	1.9430071	2.301044	3.770208	1.6194895
K07308	anaerobic dimethyl sulfoxide reductase subunit C (DMSO reductase anchor subunit)	4.3865105	1.6543456	3.3230694	8.601334	1.1812231	0.4588515	0.782509	0.0919247	0.5176126	0.5053289	1.7056873	0.7252948	5.7161186	4.939089	18.1626035	0.7931728	0.4733985	0.2287562	0.0497319	2.851841	1.6898604	1.7092604	1.1327756	0.246275	2.91718	0.8974696	3.0198118	0.7077482	1.267499	0.554929	0.5780302	0.2847073	9.1107351	3.1239509	0	1.2089006	0.826041	0.567164	0.493973	0.6816327	3.034583	2.001863
K07309	Tat-targeted selenate reductase subunit YnfE [EC:1.97.1.9]	0.353051	0.1436652	1.2498958	2.0915483	0.3192133	0.38866664	0.29021914	0.017898	0.1566109	0.01939501	0.4712909	0.159193	1.35478	0.4710935	2.557738	0.3125749	0.3842619	0.0835246	0	0.775578	0.2299832	0.1619827	0.24612828	0	0	0.423203	1.66635796	0.20011947	0.76604742	0.1669017	0.112272	0.0711219	3.594321	0.48967939	0	0.9805216	0.0656322	0.360596	0.0628532	0	0.368369	0.51117585
K07310	Tat-targeted selenate reductase subunit YnfF [EC:1.97.1.9]	0	0.162117	1.6861926	0.00991981	0	0.00847817	0.1169221	0.332351	0.333378	0	0.02991186	0.00939932	1.477685	1.768482	10.40791	0	0.0154781	1.16924	0.0867003	0	0	0	0.0250085	0	0	0	0.1454256	0.023964	0	0	0	0.0091214	1.5322174	0.0871363	0	0.394779	0	0.0113506	0	0	0	0.1882577
K07311	putative dimethyl sulfoxide reductase subunit YnfG (DMSO reductase	0	0	1.64806	0	0	0.0222579	0.158111	0.141551	0	0	0.331633	0.018608	1.6831	2.60366	16.3376	0	0.147988	0	0	0	0	0	0.0701406	0	0	0	0.151391	0.0197679	0.700607	0	0.0225681	0	2.60377	0.225245	0	0.674396	0	0.0180797	0.1198215	0	0	0.253184
K07312	putative dimethyl sulfoxide reductase subunit YnfH (DMSO reductase	0	0	2.14572	0	0	0	0.0951634	0	0	0.693741	0	0	4.97655	2.14316	13.9764	0	0	0	0	0	0	0.0116846	0.0251091	0	0	0	0.0195262	0.0193891	0	0	0	0.00881877	0.103873	0.0715675	0	0.312802	0	0	0	0	0	0.1759394
K07313	serine/threonine protein phosphatase 1	8.0632	9.274126	2.7095295	0	0.282467	1.5832526	1.493123	6.838032	1.233576	2.5859926	9.923363	0.2414789	8.964425	5.59736	18.5514048	2.1633069	11.0730612	1.03032	0.374912	0	0	0.0532359	1.6945889	0	0	0.783257	0.2953251	0.148036	1.21087	8.4293673	0.1818432	0.0783701	6.32579	0.750073	2.518519	0.3400467	1.02601	0.7307436	7.0327661	0.7826292	0	1.6967449
K07314	serine/threonine protein phosphatase 2	0	0	3.36773	0	0	0	0.178382	0	0	0	0	0	0.133827	3.9512	28.1043	0	0.508313	0	0	0	0	0	0	0	0	0	0.135724	0	0	0	0	0	0	0.483381	0	0	0	0	0	0	0	0.233709
K07315	sigma-B regulation protein RsbU (phosphoserine phosphatase)	4.495896	1.4257561	0	6.48155	1.0985	0.476941	0.477049	0	0.0409795	0.4756027	0.263685	3.166837	0.837903	0.087252	0	0.378835	0	0.118252	0.0735378	1.2990295	1.14627	2.542685	2.7675543	0.260664	2.84761	0.216096	1.6483709	0.622119	2.207051	1.2551052	0.296527	0.986555	4.703331	2.6604459	0.138495	0	1.12476	0.7933327	0.781434	1.246159	1.361	0.1801569
K07316	adenine-specific DNA-methyltransferase	1.398478	2.279977	0.8760807	1.5973444	0.6179365	7.857017	7.7441116	1.0668268	0.7194923	4.6925408	0.343772	0.3360013	2.5934743	0.204148	0	1.8603911	2.8848502	1.655982	1.9995444	1.9625804	0	12.89812	8.8725095	0.996951	0.0374614	1.9354879	2.87776	0.0528853	0.21756	1.839634	1.381043	0.689607	4.370803	1.358381	2.410606	0.3189624	5.21677	2.328223	3.734036	1.1283529	0	7.921845
K07317	adenine-specific DNA-methyltransferase	0	0	0	0.316557	0	0	0	0	0	0	0	0.134093	0.523378	0	0	0.0423602	0	0	0	0.43262	0	0	0	0	0	0.236904	0.480149	0	0.656593	0	0	0	0.133387	0	0	0.252897	7.39639	2.27667	0	0	0	0
K07318	adenine-specific DNA-methyltransferase	0.071172	0.311687	0	0.0391599	0	0	0	0	0	0	0.0895516	11.6433	0.10033	0.258846	0	1.789034	0	0	0	0	2.509119	4.346597	0.565962	0.143993	0	0	0.0811306	0	0	0.682311	0	0	0	0.0460421	0	0	0.625882	4.12532	0	0	0	0
K07319	putative adenine-specific DNA-methyltransferase	0	0	1.90518	0.0135439	0	0	0.485853	0.0202775	0	0.0157865	0.221064	0	4.68522	1.11995	6.60096	0.181026	0.47194	0	0	0.121101	0.1133626	0.0222099	0.0945641	0	0.0267057	0	0.5299669	0.113461	0.466598	0.0147047	0.0381432	0	5.1021335	0.446267	0.0107176	0	0	0	0	0	0.339167	0.316808
K07320	putative adenine-specific DNA-methyltransferase	0	0.796032	4.53089	0	0	0.151718	3.74276	0.0675572	0	0.395038	1.0602202	0.0536886	9.43296	5.806562	34.8381	0.350513	0.14317	0.0137895	0	0	0	0.00601299	0.146731	0	0	0.0254469	0.1827041	0.306488	4.62411	0.00874065	0.79	0	12.946765	2.12374	0.187796	0.64048	0	0	0	0	0	1.766377
K07321	CO dehydrogenase maturation factor	6.32675	8.38695	4.49667	61.49406	26.8261	36.2021	32.2196426	19.07659	23.06364	5.336511	9.415919	1.3294428	10.64245	10.7215362	3.62364	2.8753208	21.2439	14.57202	13.95092	22.49765	43.0437445	14.358323	9.816512	15.40759	6.2430093	19.771109	59.4766777	3.7612746	0	9.176588	10.5211555	25.0145148	15.176823	24.5202956	15.199696	3.76568	15.6296844	10.0489888	14.627638	29.1178	8.8831415	12.7514182
K07322	regulator of cell morphogenesis and NO signaling	1.176533	0.7647212	6.14575	0.231208	0	1.2875456	7.492516	2.099682	0.4160263	5.305846	4.9810398	20.2063663	10.021186	5.852355	1.217355	19.164031	1.1975802	1.312018	0.0758275	1.339732	1.261739	4.970492	1.855549	1.059634	2.78771	5.789096	1.7651475	44.035104	44.0902595	5.585653	1.0803665	2.190919	14.2905585	9.800331	2.011023	1.15505	6.5614459	5.209056	4.6122199	0.9111934	0.0460205	2.918019
K07323	phospholipid transport system substrate-binding protein	0	0	3.75306	0.338598	0	0.415277	1.87834	0	0	0	0	0	5.76857	4.82056	7.20661	0.804844	0.361799	0	0	0	0	0.310704	0.1013142	0	0	0	0.1760204	0.0857958	0.215317	0.1219123	0.5123132	0.1466863	7.005189	0.800596	0.17474	0.601022	0	0	0	0	0	0.784028
K07326	hemolysin activation/secretion protein	0	0	0	0	0	0	0	0	0	0	0.222666	0	0	0	0	0	0	0	0	0	0	0	0	0	0	0	0	0	0	0	0	0	0	0	0	0	0	0	0	0	0	0
K07332	archaeal flagellar protein FlaI	0	0	0.297023	0	0	0	0	1.60701	0	0	0	0	0	0	0	0	0.582538	0	0	0	0	0	0	0	0	0	0	0	0	2.25819	0	0	0	0	0	0	0	0	1.81209	0	0	0
K07333	archaeal flagellar protein FlaJ	0	0	0.229918	0	0	0	0	2.34585	0	0	0	0	0	0	0	0	0.57862	0	0	0	0	0	0	0	0	0	0	0	0	2.03705	0	0	0	0	0	0	0	0	1.71725	0	0	0
K07334	proteic killer suppression protein	1.9343606	0.6333146	0.0567331	1.0877128	0.4608771	0	0.2646023	0	0.131088	4.0345782	2.5195352	6.1872755	1.0535372	0.0746235	0	0.975461	0.3443308	0.5420426	1.2064531	0.1411059	1.6506937	2.1174444	1.1441482	0.4396249	0	0.4659113	1.73196	0.6954562	7.310974	0.5334848	0.8168226	1.7404605	12.0655253	1.4068052	0.458609	0	2.276965	0.9201994	0.0402481	0.1157853	0	1.8124792
K07335	basic membrane protein A and related proteins	11.052265	7.878004	25.9969842	68.8241211	29.8876613	34.5850018	27.9471475	23.889896	26.6602033	19.8297133	22.0704606	2.5517694	22.794574	11.4090542	3.8225648	5.1650751	27.8798415	26.0261708	17.0654317	45.4922623	68.1161019	64.3755294	103.3320856	59.3877678	44.0177996	22.4492386	63.7311457	10.1566876	0	18.2958453	15.0263572	31.2401081	24.8303328	35.6411563	27.8541073	34.4124283	15.4866032	17.295315	20.9789853	24.5848683	46.3953591	34.5754238
K07336	PKHD-type hydroxylase	0	0	6.66402	0	0	0.1114284	1.807815	0	0	0.0206395	0.479918	0	7.55022	8.47399	27.1316	0.536563	0.752365	0	0	0	0	0.097095	0.171234	0	0	0.0474566	0.277595	0.205325	1.12307	0	0.4142076	0.0339386	14.2968948	0.9316028	0.311256	2.79768	0	0.0257005	0	0	0	1.4618941
K07337	hypothetical protein	0	0.312321	6.545056	0	0	0.134798	2.547763	0.0537574	0	0.211259	0	0.0498275	7.24633	5.428708	18.3513	0.76444	0.965646	0	0	0	0	0.0591305	0.1951602	0	0	0	0.157345	0	0	0.0468662	0.9363178	0	3.723854	0.567314	0.538432	1.8317689	0	0	0	0	0	0.940989
K07338	hypothetical protein	0	0	0	0	0	0	0	0	0	0	0	0	0	0	0	0	0	0	0	0	0	0	0	0	0	0	0	0	0	0	0	0	7.86067	0	0	0	0	0	0	0	0	0
K07339	hypothetical protein	0	0.17217	0	0	0	0	1.56605	1.67928	11.1237	0	0	0	0	0	0	0	0	0	0	0	0	0.406874	2.73548	0	0	0	0	0	0	3.51521	0.0439906	0	4.749846	0.0832594	0	0	0	0	58.1182	195.951	0	0
K07340	hypothetical protein	0	0	5.5984	0	0	0.1330107	1.569396	0.0855943	0	0.3334922	0.497002	0.0516565	4.484	4.06563	15.8098	0.429771	0.595734	0	0	0	0	0.0174946	0.0531162	0	0	0	0.139183	0.161929	1.44492	0	0.532201	0	11.623158	1.0129949	0.279924	2.05264	0	0.0323487	0	0	0	0.821708
K07341	death on curing protein	8.46031	11.543788	0.91492	25.759251	8.63982	0.419559	0.4740912	2.986692	1.775707	0.3216113	0.254898	1.880719	18.6599843	3.55436	0.6091915	1.196516	6.2248789	6.789823	5.179022	21.2805122	13.127658	1.2783033	1.1292527	0.757244	0.265105	1.0605551	2.496812	2.057223	0.4172776	4.2858975	31.7249984	11.228891	10.776864	6.046624	16.568125	7.139262	14.641732	10.738869	0.152943	0.55799	1.6151308	6.98009
K07342	protein transport protein SEC61 subunit gamma and related proteins	0	0	1.04011	0	0	0	0	9.15906	0.817115	0	0	0	0	0	0	0	11.96532	0	0	0	0	0	0	0	0	0	0	0	0	17.83973	0	0	0	0	0	0	0	0	19.72957	3.80203	0	0
K07343	DNA transformation protein and related proteins	0.601208	0.575194	1.6424111	1.19208	0	0.2506066	1.279186	0.0551013	0	0.4046563	0.431926	1.1228835	3.3690013	2.13978	9.01122	0.159519	0.383504	0.0991067	0	0.46547	0.15643	1.0173801	1.791524	0.0411075	0	0.152936	0.42634	0.1809422	0.813896	0.6661862	0.4957089	0.1092697	5.482183	0.615731	0	0.904108	0.245025	0.2238469	0.719453	0.8310942	0.9247946	0.9219985
K07344	type IV secretion system protein TrbL	0	0	0	0	0	0	0	0	0	0	0.233603	0	0	0	0	0	0	0	0	0	0	0	0	0	0	0	0	0	0.967374	0	0	0	0	0	0	0	0	0	0	0	0	0
K07345	major type 1 subunit fimbrin (pilin)	0	1.430008	6.4483983	0	0	0.0984881	1.2649541	0	0	0.9836306	0	0	0	3.0422	0	2.055501	0.4331636	0	0	0	0	0	0.125786	0.0325451	0	0	0	0.0814425	0	0	0.6904008	0	0.1671434	0.3139713	1.061337	0.0836653	0	0	0	0	0	0.7706163
K07346	fimbrial chaperone protein	0	0	0.2286708	0	0	0.0112048	0.3294059	0.0124167	0	0.786477	0	0	7.69475	2.85893	8.63909	0	0.0168971	0	0	0	0	0	0.0143983	0	0	0	0	0	0	0	0.0743959	0	10.5982	0.032806	0	0.275289	0	0.0195307	0	0	0	0.312026
K07347	outer membrane usher protein	0	0	10.0761019	0	0	0.04661178	1.8033351	0.0154563	0	1.6800096	0.543848	0	19.65111	10.418587	42.112714	0.6997538	0.8628075	0.0154103	0	0	0	0.0569369	0.14111822	0	0	0	0.198859	0.0309818	1.090576	0	0.7045998	0	4.154426	1.0200652	0.2222325	2.125584	0	0.0104111	0	0	0	0.8610527
K07348	minor fimbrial subunit	0	0.610561	0.117933	0	0	0.0103408	0.567854	0.0169537	0	0.585532	0	0	11.8457	3.09681	0	0	0.0422735	0.045285	0	0	0	0.0193728	0.0371491	0	0	0.0413101	0.0677285	0.261066	0	0.0127294	0	0	0.515375	0.0454345	0	0	0	0	0	0	0	0.125103
K07349	minor fimbrial subunit	0	0	0.2884142	0	0	0	0.807706	0	0	0.8070759	1.34485	0	7.43889	2.66168	14.976	0	0.260003	0.0576078	0	0	0	0.0965464	0.1628688	0.0381551	0	0	0.218683	0.09423	4.43406	0.0406944	0.1523562	0	2.32145	0.0963057	0	1.62669	0	0.0388263	0	0	0	1.0496007
K07350	minor fimbrial subunit	0	0	0.1351651	0	0	0.0890277	0.961206	0	0	0.7426403	0.837296	0.0230353	7.72813	3.60728	24.8831	0	0.221689	0.0156406	0	0	0	0.0217394	0.1355207	0	0	0	0.0291551	0.0401814	0.880138	0	0.2389759	0.012475	0	0.1046911	0	0.919902	0	0.0259237	0.017433	0	0	0.607861
K07351	fimbrial protein	0	0	0.111745	0	0	0.0746619	0.736386	0.0784436	0	0	0.816412	0	4.63929	3.41486	23.9495	0	0.644643	0.0355895	0	0	0.0148256	0	0.022422	0	0	0	0	0.170749	3.84248	0	0.133356	0	1.25388	0.082507	0	0.801581	0	0	0	0	0	0.942646
K07352	type 1 fimbrial protein	0	0	1.79121	0	0	0	0.188285	0	0	0.0364474	0	0	6.1853	2.39748	8.86329	0	0.374721	0	0	0	0	0.020261	0	0.0167025	0	0	0.0192453	0.127223	0	0.0125288	0	0	5.10372	0.283845	0	0.849426	0	0	0	0	0	0.5565962
K07353	fimbrial chaperone protein	0	0	1.97218	0	0	0.02224	0.152298	0	0	0	0	0.0249042	5.35702	2.68877	9.93955	0	0.38986	0	0	0	0	0.0182173	0	0	0	0	0.063363	0	0	0	0.0307723	0	2.3706	0.311264	0	0.599409	0	0	0	0	0	0.405255
K07354	outer membrane usher protein	0	0	0.9854217	0	0	0.0230891	0.0601791	0	0	0	0	0.00939906	0.0939015	0.644105	2.129779	0	0.1017784	0	0	0	0	0.02555256	0.0237053	0	0	0	0.01606863	0.1175599	0	0	0.00595257	0	3.54552	0.1215041	0	0.602739	0	0	0.019629	0	0	0.359456
K07355	fimbrial-like protein	0	0	0.961672	0	0	0	0.0500784	0	0	0	0	0	0	0.556615	0	0	0.104098	0	0	0	0	0	0	0	0	0	0	0	0	0	0	0	0	0.0424643	0	0.160787	0	0	0	0	0	0.323744
K07356	fimbrial protein	0	0	1.11524	0	0	0.0488997	0.0187683	0	0	0	0	0.0587946	0.045092	0	0.110167	0	0	0	0	0	0	0.017598	0	0	0	0	0.0238153	0.242988	0	0	0	0	5.78071	0.022476	0.060487	0.0683078	0	0	0	0	0	0.229883
K07357	type 1 fimbriae regulatory protein FimB	0	0	0.388278	0	0	0.1371145	1.615234	0	0	0.00969603	0.568086	0	4.44721	0.787002	4.80591	0	0.177569	0.0175051	0	0	0	0	0.1228375	0	0	0	0.1109466	0.0269537	2.072101	0	0.00924693	0	0	0.3034049	0	0.0124933	0	0	0	0	0	0.1975385
K07358	type 1 fimbriae regulatory protein FimE	0	0	0.0233066	0.0118648	0	0.0563167	0.126124	0	0	0	0	0	4.18093	1.32928	10.5649	0	0.0182751	0	0	0	0	0	0	0	0	0	0.149434	0.132495	0.104819	0	0	0	0.260313	0.0177089	0	0.335919	0	0	0	0	0	0.113605
K07365	NCK adaptor protein 1	0	0	0	0	0	0	0	0	0	0	0	0	0	0	0	0.0417174	0	0	0	0	0	0	0	0	0	0	0	0	0	0	0	0	0	0	0	0	0	0	0	0	0	0
K07368	B-cell CLL/lymphoma 10	0	0	0	0	0	0	0	0	0	0	0	0	0	0	0	0.0816808	0	0	0	0	0	0	0	0	0	0	0	0	0	0	0	0	0	0	0	0	0	0	0	0	0	0
K07372	gap junction protein, alpha 1	0	0	0	0	0	0	0	0	0	0	0	0	0	0	0	0.0282392	0	0	0	0	0	0	0	0	0	0	0	0	0	0	0	0	0	0	0	0	0	0	0	0	0	0
K07374	tubulin alpha	0	0	0	0	0	0	0	0	0	0	0	0	0.04916423	0	0	0.050249114	0	0	0	0	0	0	0	0	0	0	0	0	0.00753572	0	0	0	0	0	0	0	0	0	0	0	0	0
K07375	tubulin beta	0	0	0	0	0	0	0	0	0	0	0	0.01334627	0	0	0	0.16888113	0	0	0	0	0	0	0	0	0	0	0	0	0.00656393	0	0	0	0	0	0	0	0	0	0	0	0	0
K07378	neuroligin	0	0	0	0	0	0	0	0	0	0	0	0	0	0	0	0.01209065	0	0	0	0	0	0	0	0	0	0	0	0	0	0	0	0	0	0	0	0	0	0	0	0	0	0
K07386	putative endopeptidase	1.228142	2.5178114	1.143375	2.53518	6.202104	0.3328768	2.6338431	2.1288777	0.7605602	46.0688271	34.919942	3.510169	10.2185898	2.368577	0.956073	6.8406727	0.432693	3.806998	5.12967	14.183428	0.315389	13.6887033	9.8553142	1.610571	0.598993	2.717392	0.9481652	0.2702683	0	1.610757	7.448547	3.6839654	3.586069	4.1006999	8.8735976	6.4160245	0.8424621	3.7935353	5.37395	1.253947	5.5773523	16.6806888
K07387	putative metalloprotease	0	0.185155	7.636179	0.0195662	0	0.109154	1.259304	0.0573412	0	0.7174776	0	0.402579	12.243493	10.42516	48.0011	0	1.183586	0.0213081	0	0	0	0.1486786	1.132018	0	0	0	0.379832	0.458087	0.0911175	0.8663678	0.3276341	0.0336872	13.3217495	0.9779	0	3.8717	0	0.0209389	0.0324398	0	0	1.892422
K07388	hydrogenase expression/formation protein	0	0	0.30427	0	0	0	0	1.80564	0	0	0	0	0	0	0	0	0.511339	0	0	0	0	0	0	0	0	0	0	0	0	2.9381	0	0	0	0	0	0	0	0	2.02402	0	0	0
K07390	monothiol glutaredoxin	0.0624879	0.0664628	5.750089	0	0	0.0847594	1.95942	0	0	0.888076	4.9747041	0	3.47842	3.81548	13.4847	0.178854	0.464853	0.5762956	0.4210354	0.2711516	0	0	0.0828934	0	0	0	0.0507075	1.154382	2.576903	0	0.413912	0	19.3036242	1.32311	0.436851	1.55953	0	0	0	0	0	1.36785
K07391	magnesium chelatase family protein	18.5161443	38.0351965	18.8073535	23.5819074	91.514861	44.8221853	27.3541179	23.7722062	19.3667198	9.6223066	21.0604419	6.9837217	30.6874215	10.181473	16.5907762	15.117869	22.1665558	9.8551605	4.3169212	34.9418822	37.3135006	40.1470165	67.2518639	3.2981863	3.520043	29.4679257	30.3226574	19.8816223	12.6528231	11.0675647	39.5910026	33.226539	30.8370564	26.3458997	19.0610616	7.0919866	36.1696445	20.9826693	26.4706184	14.5534422	34.8962699	18.1030114
K07393	putative glutathione S-transferase	0	0.309858	5.198289	0	0	0.181791	1.270784	0	0	0.387046	0.575107	0	10.6425	5.62851	41.8335	0	0.186941	0	0	0	0	0	0.154749	0	0	0	0.33349	0	0	0	0.631006	0	4.10982	1.494186	0	0.797669	0	0	0	0	0	1.53966
K07394	SM-20-related protein	0	0	0	0	0	0	0	0	0	0	0	0	0	0	0	0	0	0	0	0	0	0	0	0	0	0	0	0	0	0	0	0	0.475327	0	0	0	0	0	0	0	0	0
K07395	putative proteasome-type protease	0	0	0	0	0	0	0	0	0	0	0	0	0	0	0	0	0	0	0	0	0	0	0	0	0	0	0	0	0	0	0	0	10.3964	0	0	0	0	0	0	0	0	0
K07396	putative protein-disulfide isomerase	0.341609	0.195286	0	0	0	0	0	0	0	0	0	0	0	0	0	0	0.156242	0	0	0	0	0	0	0	0	0	0	0	0	0	0	0	0.134711	0.208662	0	0	0	0	0	0	0	0
K07397	putative redox protein	0.764073	1.470508	8.45081	0.62202	0	0.305019	4.4000896	1.1152313	0	1.975606	1.609474	0.538951	0.41567	3.16234	0	5.982267	0.144378	0.259773	0	0	0	2.0671884	1.2208894	0.121855	0	1.813609	0.278933	0	4.1584	0.889392	2.177758	1.176865	8.145696	1.395814	4.5510335	1.08002	0.346314	2.67777	4.9291337	0.732035	0	1.5614392
K07399	cytochrome c biogenesis protein	0	0	0	0	0	0	0	0	0.0350986	0	0	0	0	0	0	0	0	0	0	0	0	0	0	0	0	0	0	0	0	0	0.0908789	0	0	0	0	0	0	0	0	0.0771202	0	0.0563113
K07400	Fe/S biogenesis protein NfuA	0	0.528259	8.743035	0	0	0.3956067	5.1917	0.1448673	0	1.439434	4.775026	0	6.9732094	8.48838	21.29541	0.0623471	0.475329	0.399257	0.494918	0.1755504	0	0.120343	0.562883	0	0	0	0.2019141	1.2213908	6.01111	0	0.961907	0	20.910856	2.432543	0.730956	1.7827513	0	0	0	0	0	3.079476
K07401	selenoprotein W-related protein	0	0	4.33775	0	0	0	2.013767	0.096352	0	0	0	0.127388	0	0	0	0.725679	0.251478	0	0	0	0	0	0.121577	0	0	0	0	0	0.105701	0	0.6105955	0	0	0.3427538	0.330861	0	0	0	0	0	0	0.120371
K07402	xanthine dehydrogenase accessory factor	14.1318739	9.6231982	21.7508668	21.8161584	15.9834879	51.11831582	59.3410982	32.2411722	44.9082432	24.5397218	24.0634807	3.0253264	27.7111483	29.4761931	22.7335343	4.6330985	32.5833063	22.4557435	33.9727207	26.8931032	54.330127	11.8214965	10.0407103	6.870392	4.7401727	20.6324612	38.7248189	8.8070974	1.0233533	11.3724314	22.404275	50.0878829	23.3144919	27.437457	26.3937445	12.3663014	48.0268755	20.5253583	12.2742342	33.9648439	20.847869	17.7881674
K07403	membrane-bound serine protease (ClpP class)	0	0	0	0	0	0	0	0	0	0	0	0	0	0	0	0	0	0	0	0	0	0	0	0	0	0	0	0	0	0	0	0	6.3373	0	0	0	0	0	0	0	0	0
K07404	6-phosphogluconolactonase [EC:3.1.1.31]	2.4958845	5.582256	18.2818491	7.190102	4.4057695	15.7107441	25.0723298	4.2889405	7.275907	4.8440892	6.2797907	1.0059867	9.8665948	11.1861116	26.4580465	5.3880961	7.0666349	9.8278207	14.743629	4.7048288	5.169579	35.4025649	59.9832087	12.1382422	4.8224197	5.7679869	15.3470792	0.5977195	5.89945	4.6592592	6.1144722	7.348109	15.0051627	4.9244771	7.8838001	4.1813086	8.6777855	4.9659666	4.4911691	18.2809167	3.8755024	5.0403775
K07405	alpha-amylase [EC:3.2.1.1]	1.073207	0.659116	0.130081	0.670087	0.0664848	0.0549984	0.100143	1.486726	0.0891103	2.1603339	0.569188	13.72636	6.593602	0.0663347	0.191183	10.633311	0.190132	0.113833	0.0431145	0.51748	0.179343	2.750298	1.2119799	0.442302	0.0599968	2.146311	0.0966463	0	0	1.3030114	1.923948	2.741197	1.4689334	0.1284339	3.830176	0.0829263	0.755913	3.858868	6.14107	0.902532	0	0
K07406	alpha-galactosidase [EC:3.2.1.22]	0.2157392	0.0696567	6.08331	1.719582	0.156478	0.2865332	1.0062579	0.9489385	1.830208	0.5175467	1.6210333	0.5993613	0.7024802	1.3829132	0	0.7735711	1.1621972	0.3081699	0.2746122	0.4907989	0.2716658	0.4201481	0.5667314	0.3452616	0.5837061	0.2897547	0.4098977	0.9051018	3.41506	0.1737664	0.6959384	1.063076	9.297756	2.1841713	0.589241	0.1635351	0.278864	1.467574	0.261967	0.2113901	0.5558393	4.2877127
K07407	alpha-galactosidase [EC:3.2.1.22]	6.5219167	12.9630688	4.9791594	15.0906055	7.6449999	24.0611497	25.2675504	15.7203867	13.2558697	11.4428303	7.1765002	27.9996359	15.0655519	3.9731025	0.9945586	33.2555835	12.0484404	14.5979707	30.0909937	3.413384	1.4904948	17.3153087	6.2758013	22.8842855	12.8091112	14.7424214	10.8536685	51.9068732	68.0545543	23.1640169	8.1803832	11.9166892	9.8398106	11.7131832	10.4781246	10.585534	14.1107456	9.5422868	6.9348612	27.50239	4.5620117	11.6103758
K07410	cytochrome P450, family 1, subfamily B, polypeptide 1 [EC:1.14.14.1]	0	0	0	0	0	0	0	0	0	0	0	0	0	0	0	0.028015	0	0	0	0	0	0	0	0	0	0	0	0	0	0	0	0	0	0	0	0	0	0	0	0	0	0
K07430	25/26-hydroxycholesterol 7alpha-hydroxylase [EC:1.14.14.29]	0	0	0	0	0	0	0	0	0	0	0	0	0	0	0	0.0361297	0	0	0	0	0	0	0	0	0	0	0	0	0	0	0	0	0	0	0	0	0	0	0	0	0	0
K07431	sterol 12-alpha-hydroxylase [EC:1.14.18.8 1.14.13.96]	0	0	0	0	0	0	0	0	0	0	0	0	0	0	0	0.048703	0	0	0	0	0	0	0	0	0	0	0	0	0	0	0	0	0	0	0	0	0	0	0	0	0	0
K07442	tRNA (adenine-N1-)-methyltransferase	4.59439	0.186471	1.656013	1.644156	0.998016	9.20206	3.5351	3.89301	0.365159	0.370885	0	0.118674	0.527861	0	0	1.546426	0.927661	0.452578	0.476503	0.747986	0	0.608742	1.4122453	0.0665885	0	0.534529	0.784504	1.28578	0	3.2568729	1.806045	1.679773	0.323766	0	0.0797728	0.453074	5.24533	1.77406	2.35296	0	0.268078	2.1136
K07443	methylated-DNA-protein-cysteine methyltransferase related protein	1.9428315	1.7624943	5.4908904	1.3284732	0.403503	0.3265124	7.36837	2.4296066	1.0362396	2.577956	3.3104093	23.0652041	11.881674	6.9454545	34.7883082	15.9131245	1.9752019	5.338616	4.9847607	1.8539968	0.9665649	4.674017	3.1844117	2.499909	2.551812	3.2111568	2.0819988	12.193736	69.24702	8.4249093	1.006981	2.5128165	17.329491	2.993167	0.8816372	3.758968	0.939794	2.2629269	0.4224876	0.5034513	3.6525805	6.843659
K07444	putative N6-adenine-specific DNA methylase	2.368436	4.6059063	3.8105907	1.2746674	2.003651	2.248883	7.4096076	7.639282	7.034419	47.6968327	33.5400303	3.2254279	6.1128842	10.3640955	1.178632	8.2805337	2.5992674	8.0685674	7.899461	13.486506	1.7510894	6.8001381	3.2194577	20.8909865	6.8162154	6.07818	3.0441628	12.0398488	0.4952324	5.2427462	2.7854165	3.5381958	9.0993051	5.3840875	12.1261485	3.2787499	4.267277	9.9309492	9.9573573	3.0838621	4.0004325	12.47171
K07446	putative methyltransferase	0	0	0.29272	0	0	0	0	7.03283	0.2400842	0	0	0	0	0	0	0	4.680454	0	0	0	0	0	0	0	0	0	0	0	0	7.86067	0	0	0	0	0	0	0	0	7.48778	2.42075	0	0
K07447	putative holliday junction resolvase	51.0955861	59.6903971	25.8394251	40.8295251	111.2502035	61.0111269	53.8004532	38.1535633	45.3251499	75.454615	49.3419242	25.3020173	51.8247797	19.6372485	53.1364663	33.2734239	10.0086138	27.0941808	36.6969724	69.7537274	30.366982	39.8410954	68.032834	36.4554371	16.7320233	45.0348897	51.79339	47.7320163	41.395128	17.6897069	54.7105926	26.8692042	66.4619261	25.9021	29.0146947	12.8729108	70.0634031	50.7461398	52.1701918	72.4293296	77.6649879	35.6727506
K07448	restriction system protein	15.6363193	2.515089	5.223612	4.49931	2.23369	21.2110608	8.175005	19.3958133	29.4119781	0.7982918	3.317196	1.1088563	7.409097	9.277144	1.4580255	4.3809379	7.347764	5.643185	6.3487775	7.6550782	14.32262	1.2966003	1.4200139	2.3814	0.406441	9.348463	17.7780756	5.22211	0	2.8090201	5.199822	2.602141	0.18792	1.8107798	1.3800157	6.444652	2.2323428	4.906828	4.0810793	14.2717235	15.6064596	3.7615391
K07451	5-methylcytosine-specific restriction enzyme A	0	0	1.132349	0	0	0.236371	0.926399	0.2664223	0	0.0539117	0	0.419542	0.53987	0	0	3.28024	16.1534256	8.050017	13.39588	0.0858493	0	0.7650991	0.2126163	0	0.298341	0.324192	0.1281496	3.81041	0	1.75798	1.4789776	0.0761278	0.052891	0.378395	0	1.3230467	0.114613	1.069755	0	0	0.106295	0
K07452	5-methylcytosine-specific restriction enzyme B	1.70038	0.706117	2.7389795	0.0899062	0	0.115263	0.1334527	0.670019	3.06437	0.271674	1.2496043	0	4.4415632	0.816132	0.2631138	0.396395	3.125636	0.171896	0.0497583	1.48238	9.0061538	0.226521	0	0	0	0.393044	0.878699	1.45622	0	0.205489	0.9180246	0.850395	5.994979	1.344102	0.204852	3.51053	0.0698861	0.201834	1.0095267	5.13285	9.6604	0.4193953
K07454	putative restriction endonuclease	0	0	0	0	0	0	0	0	0	0.695061	0	0	1.47574	0	0	0	0	0	0	0.0591835	0	3.25919	1.97406	0	0	0	0	0	0	0	0.0272244	0	0	0	0	0	0	0	0	0	0	0.244815
K07455	recombination protein RecT	0.0779055	0.259943	0	0	0	0	6.5516445	0	0	0	0	0.0295588	0	0.0353682	0	0	0	0.673909	1.453087	3.08894	0.0881346	3.04138	5.7696	0	0	0	0	0	0	0.0366532	0	0	0.153795	0.365787	0	0.700644	0	0	0	0	0.100162	1.0271186
K07456	DNA mismatch repair protein MutS2	3.977707	7.690062	10.4760455	11.711296	13.3315993	19.176932	37.9734163	26.5133124	34.6319122	69.0254031	43.8772885	10.1259242	19.321844	20.3881833	2.8867081	16.8463259	10.8251164	20.869887	33.3216782	21.617092	13.910359	9.9233857	6.38612	36.7043119	6.145243	13.013075	21.0000311	23.3796746	4.5995037	15.0416544	25.4595897	20.8943431	7.4393322	8.5232748	29.8153945	11.538302	25.9369659	19.3126614	14.4814418	34.0626134	16.9703433	19.7804575
K07457	endonuclease III related protein	0	0	0.656909	1.64505	4.155612	0	0.0961613	0.0709384	0	0	0	0	6.88799	0	0	0.359128	0.0659792	0	2.5599	0.106311	0	9.84035	7.70565	0.5140689	0.286145	0	1.4755	2.24176	0	0.6024206	0.958533	0	0.872188	0.0894267	0.108508	0.454194	0	0	0	0	3.61874	8.502515
K07458	DNA mismatch endonuclease, patch repair protein	8.822	11.9726994	3.9524355	3.13105	11.97664	29.680263	14.3088912	1.2126745	0.0339361	1.984617	1.2438012	1.79051	9.5671062	3.8872	16.5763584	1.245607	4.4883507	1.74826	0.6784944	26.489912	8.2750723	9.9320462	16.5405974	0.59835	0.9708116	3.3942956	3.6816488	0.583535	1.43437	0.4824361	22.4319882	8.0142603	21.798817	1.2004623	1.520869	2.265269	30.8409582	18.2877856	15.616125	18.805959	23.2855913	3.1903929
K07459	putative ATP-dependent endonuclease of the OLD family	0	0	0.799208	0.713704	0.0495778	0.0195781	0.120058	0.338188	0	0.0199831	0.590277	0.00924902	0.147327	0.714396	0.6356	0	1.0419845	0.0505855	0	0	0	0.0166334	0.0543834	0	0	0.2624058	0.808932	0.020818	5.56038	0.0154176	0.2143028	0.0450679	4.87271	1.664201	0.0931949	0.684086	0	0.011711	0	0.266909	0	0.685645
K07460	putative endonuclease	61.968137	62.66915	33.2635343	28.3198308	98.005031	33.8147873	40.1215635	30.7145416	27.0934926	15.9459856	30.8814697	40.5723354	36.1938442	20.0166221	34.0335686	29.7491841	27.514137	13.377557	9.496156	54.5206357	66.8084575	37.5204622	59.6983827	1.9737846	12.9518695	53.6103707	44.3479852	44.3866597	97.712487	17.1683261	31.8555931	37.6137437	53.0900791	48.9751951	22.3499094	9.895826	39.8836281	39.9235934	55.587638	72.2126963	65.208366	12.8227591
K07461	putative endonuclease	8.7466527	13.2929205	34.3076291	24.3354735	13.8409642	37.8876616	47.4398943	5.7439336	14.7613584	50.7996029	39.6655201	5.868618	22.9200202	19.1197568	58.61377128	5.9896364	17.9206441	13.3216048	22.6971404	23.2308988	23.8676531	42.3305347	79.172296	62.4424209	9.4184784	9.9514547	40.3240718	3.5685196	0.594151	13.8405	32.9184576	17.3006298	21.5069381	9.8336883	17.0354807	16.9286249	14.7622753	9.5582541	6.0667367	26.950879	22.2562804	15.0410435
K07462	single-stranded-DNA-specific exonuclease [EC:3.1.-.-]	8.1007007	4.4435116	7.9930367	5.4595033	2.455736	3.9814865	4.651408	12.2589041	10.9729736	9.258116	12.9797348	1.4804746	13.3822792	6.4300107	10.4819137	3.0037483	7.0089058	5.8804116	31.2357403	5.7329186	11.5638853	8.5822315	3.5621841	12.738458	5.9711917	15.7297951	5.1597865	4.6017787	4.09421	6.80686421	3.2878792	3.0256524	16.9773474	4.368856	6.7801069	8.843952	4.8808161	3.5889572	4.97513	10.707293	13.704643	6.841614
K07463	archaea-specific RecJ-like exonuclease	0	0	0.233295	0	0	0	0	1.4419	0.114549	0	0	0	0	0	0	0	0.537622	0	0	0	0	0	0	0	0	0	0	0	0	2.30686	0	0	0	0	0	0	0	0	1.77242	0	0	0
K07464	putative RecB family exonuclease	3.8372346	1.798998	4.1099	0	0	0.0817854	0	6.9765983	9.82187	0.993802	3.0863202	0.5983087	5.753269	2.726893	0.602223	5.9616466	8.0705202	3.653646	8.1202686	3.3888315	10.896429	23.5412395	51.9367119	0	0	8.556076	27.0849022	23.367527	0	11.877656	5.25419	9.379453	3.067809	4.6828366	0.6210006	4.478636	4.4208721	4.25328	4.113494	11.7123208	17.0468082	2.1411471
K07465	putative RecB family exonuclease	0	0	0	0	0	0	0	0	0	0	0	0	0	0	0	0	0	0	0	0	0	0	0	0.0341509	0	0	0	0	0	0	0	0	0	0	0	0	0	0	0	0	0	0
K07466	replication factor A1	0	0	0.343277	0	0	0	0	1.85976	0.146314	0	0	0	0	0	0	0	0.614425	0	0	0	0	0	0	0	0	0	0	0	0	2.6282	0	0	0	0	0	0	0	0	1.93986	0	0	0
K07467	phage replication initiation protein	0.745076	0.525974	9.9369739	1.35319	0.398765	14.7774	6.829955	2.198387	3.400907	17.532	24.6633618	1.775175	0.885789	7.52019	3.05808	2.371735	25.1326	4.5844957	6.283792	3.21478	10.1587	0.79734	0.288627	1.12048	3.487906	2.72916	2.52042	4.80035	0	5.8753364	5.363636	5.29951	7.60862	5.4524078	1.4073151	3.491573	2.24106	1.910071	0.180692	0.360094	90.506857	2.210515
K07469	aldehyde dehydrogenase (FAD-independent)	4.25535	8.47238	8.94754	69.559541	29.1137	46.4569	41.6119	16.0335486	20.4555	6.66306	9.97316	1.4865198	10.7417591	19.5821	5.9841	2.465968	26.784081	16.2388	15.9126	37.4943	59.8248	12.938691	7.795947	32.2491927	30.097377	21.7365	76.4928	2.33298	0	9.833579	12.957215	31.1968367	18.125161	29.4643777	23.7928474	23.945	21.6561	13.7869	9.1326	26.146	22.7034	11.4970377
K07470	DNA gyrase inhibitor	0	0.369516	4.8405515	0	0	0.2071902	2.076856	0	0	0.460156	0	0	5.92695	2.35788	16.1263	0.573824	0.3693	0	0	0	0	0	0.126643	0	0	0	0.2389308	0	0	0	0.5339974	0	6.10531	0.770322	0.240268	0.515161	0	0	0	0	0	0.824428
K07471	hypothetical protein	0	0	4.29536	0	0	0	0.246901	0	0	0.0346948	0	0	8.15134	5.68441	40.4618	0	0	0.0317773	0	0	0	0	0.24644	0	0	0	0.103322	0	1.67598	0	0	0.0788037	6.11502	0.279156	0	1.70421	0	0	0.0425334	0	0	1.32164
K07473	DNA-damage-inducible protein J	107.454045	116.9609424	30.5371285	182.4211093	95.168026	143.3927941	125.730726	67.1048253	78.4486362	75.3222263	45.5683464	55.3380431	91.1906429	34.330742	69.9176446	42.2936108	32.9390985	72.5084134	90.14896843	224.0396839	256.227535	68.6819125	51.78747	145.609091	123.6153773	85.3277184	89.4715459	45.1850727	0.550106	56.7845187	28.0082911	30.0456191	100.6793904	85.3614859	30.2859742	25.6849569	51.2663085	63.056557	46.4864711	226.8547748	68.9562822	39.5213164
K07474	phage terminase small subunit	0	0.0593418	0.5149287	0.115766	0.0623506	0.0565063	2.192057	0.0580439	0	0.842345	1.2307545	0	0	0.285324	0.1457285	0.0728665	0.2333995	0.27087	0	0	0	0	0.461613	1.4043519	0.354043	0	0.346581	0.0562209	0	0.540802	1.747759	0.3956479	0	0.0619108	0.775319	0.6562682	0	0	0	0.50666	0	1.0807673
K07476	toprim domain protein	0	0	0.104011	0	0	0	0	0	0	0	0	0	0	0	0	0	0	0	0	0	0	0	0	0	0	0	0	0	0	0	0	0	0	0	0	0	0	0	0	0	0	0
K07478	putative ATPase	53.2315942	75.1250568	30.8937609	57.2716949	114.0543535	67.0529774	46.8241385	33.1016416	32.2953741	30.7254616	27.0054334	34.332388	49.1336862	14.0095756	18.1233809	24.507873	28.3675559	24.99845793	22.3850483	81.3973992	41.6117812	75.490202	126.4031453	19.8352619	16.1958931	60.634264	79.5542308	18.0300287	61.0399982	19.4002155	83.8216404	38.2064631	49.2822457	17.145736	43.4865163	17.8846588	79.0672325	61.2070905	101.2696402	99.629434	74.2027033	26.6732258
K07479	putative DNA topoisomerase	0	0.535641	9.63052	0.0328651	0	0.341626	3.117168	0	0	0	0	0.0170543	7.56051	6.16193	24.6785	0.675823	0.608923	0	0	0	0	0	0.145552	0	0	0	0.131321	0.0225999	0	0	0.693746	0	3.8449653	2.235711	0.704297	2.16604	0	0	0	0	0	2.030594
K07480	insertion element IS1 protein InsB	0	0	6.527922847	0	0	0.20542132	5.682481448	0.294502629	0.01262761	1.56037592	0.7295955	0.09908868	0	33.2431574	25.289119437	0.08656017	1.10724526	0.01116875	0.0120005	0	0.00751676	0.445705818	0.62920685	0	0	0.1057543	0.241116167	0.76361104	7.7982584	0.0199728	1.59173733	0.10687887	23.4083124	8.17270297	0.04652024	33.13816773	0	0	0.01003	0	0	1.8133876
K07481	transposase, IS5 family	1.857029	7.7984858	6.6503961	0.3480664	0	0.171277	4.5002504	4.754593	1.544162	1.97490564	1.071243	0	0.774474	9.8660836	0	0.660534	4.004148	0.491635	0.366066	1.663173	0.319186	1.34860982	2.329616	0.01413395	0	0.38798844	0.76604326	1.2350003	0	5.74103516	3.07161707	1.6593782	12.42646253	1.32936627	0.9620663	4.219239	0	0.047422	0.925633	0.72403	0.511429	2.579309
K07482	transposase, IS30 family	0	0	0	0.43112	0	0	0	0	0	0	0	0	0	0	0	0	0	0	0	0	0	0	0	0	0	0	0	0	0	0	0	0	0	0	0	0	0	0	0	0	0.0308762	0.121007
K07483	transposase	6.059616	3.7706991	33.5840908	5.8057054	56.7353126	24.7817722	11.05508115	21.8387734	18.59490183	25.7797551	10.44994682	2.68865249	12.1476717	23.21891763	78.44368614	5.975895	13.50537963	21.3280148	8.6423696	45.7281516	12.9225237	114.17975964	242.20093779	1.288765	5.4327667	30.5922617	28.4357197	27.0471215	34.98961773	17.9852303	52.18706135	12.07836844	37.4333806	4.84023325	37.3315714	24.16224429	1.3859743	1.5416565	2.6654418	27.2612095	8.797779	35.7642048
K07484	transposase	2.6273362	0.8437669	23.1272496	9.074868	16.966858	41.90703765	86.58196033	2.74473869	4.383883	21.340416	6.87652915	5.0275812	0.874528	21.221138	7.864654	2.235866	0.9352663	7.9941593	19.9072816	93.5632669	85.4019742	12.353167	18.28208934	0.641869	4.849633	11.545961	12.4226877	12.9629882	3.6576084	4.6591594	1.12624607	7.24426466	8.1118237	2.922847	4.6710134	0.44016808	46.745538	59.18499	39.91845889	18.8318148	25.8026985	6.3275982
K07485	transposase	0	0	0	0.172658	0	0	0	0	0	0	0.064799	0	0	0	0	0	0	0	0	0	0	0	0	0	0	0	0	0	0	0.470705	0	0	0	0.071315	0.0988966	0	0	0	0	0	0	0.0474888
K07486	transposase	0	0	0	0	0	0	0.21963	0	0	0	0	0	0	0	0	0	0	0	0	0.0448719	0	0	0	0	0	0	0	0	0	0.882744	0	0	0	0	0	0	0	0	0	0	0	0
K07487	transposase	0	0	0.024555	0	0	0	0	0	0	0	0	0	0	0	0	0.675038	0	0	0	0.1254412	0	0	0	0	0	0	0	0	0.599188	3.52633	0	0	0	0	0.146449	0	0	0	0	0	0	0
K07488	transposase	0	0.165095	0.757969	0	0	0	0	0.0261962	0	0.1119791	3.454515	0	0	0	0	0	0	0.198625	0.151586	0	0	0	0	0	0	0	0	0	0	0	0	0	0	0	0	0	0	0	0	0	0	0
K07490	ferrous iron transport protein C	1.17434	1.558433	17.3734	0	0	0.3825868	2.8729033	0.101336	0.099446	0	0	0	14.8083	9.9518876	60.552	1.18044	1.262477	0.0998142	0	0.046547	0	0	0.188654	0	0	0	0.49434	0	2.65901	1.378812	1.224608	0	12.70599	3.5907881	0.576643	4.41262	0	0.100971	0	0.10085	0	2.91848
K07491	putative transposase	60.2536656	51.8917416	160.9917391	91.5812294	28.2497644	23.506324	23.1586795	43.6650769	42.1992026	173.7943809	165.395633	6.7313241	75.9823681	32.8906207	10.4359056	33.8708633	35.6283416	95.7888357	98.1715953	59.6835702	51.0634634	505.5088158	997.41414777	140.1765593	48.7613291	38.0742516	85.4424412	5.6987869	11.4871283	41.9164349	39.9769149	72.4899064	53.6100509	56.6204017	97.5954767	55.8754716	79.0782404	80.730773	110.7808286	17.0961412	41.2785373	103.8532208
K07492	putative transposase	0	0	0	0	0	0	0	0	0	0.0442906	0	0	0	0	0	0	0	0	0	0.119252	0	0	0	0	0	0	0	0	0	0	0	0	0	0	0.0665358	0	0	0	0	0	0	0
K07493	putative transposase	0.871474	0.0881855	0.952417	0	0	0.226916	0.0881478	0.5658	0	7.31476	5.04319	0.137867	4.8887	0.256584	0.117189	1.11613	0	0.423197	0.298609	2.94613	0	0.203167	0.352877	71.1479	0	0	0.955824	0	0	0	0.834278	0.372848	0	0	8.94207	0.111116	0	0	0	0	1.04564	0.732846
K07495	putative transposase	0	0	0	0	0	0.00749313	0.01612817	0.0664629	0	0	0.736854	0.00449598	0	0.971936	9.05922	0	0.06996566	0.0204731	0	0	0	0.0572614	0.21254147	0	0	0	0.07803731	0.89013652	0.447575	0	0	0.01815841	0.442088	0	0	0	0	0	0	0	0	1.984594
K07496	putative transposase	8.225618	11.848183	395.057347	54.497904	44.7544366	45.7301592	39.3589303	53.7368712	45.0820922	9.4250735	31.7789021	4.9949848	41.241515	36.6132534	9.942069	12.0848402	46.7622441	109.006558	29.495844	121.3465102	85.744683	1152.465402	2380.3834934	96.5769476	49.7245968	62.3149	55.3734812	16.161228	4.4602049	45.3106166	42.90623608	70.0533606	14.5819596	20.0501696	56.532853	12.024267	100.163952	46.368798	69.9069802	66.56735	49.1755613	29.858257
K07497	putative transposase	5.2641193	1.5975688	38.61718784	72.221125	36.8711532	1.60327732	4.80111559	1.25994228	44.8155085	33.67021309	23.61369822	2.2566474	32.0499356	28.83773279	105.11861043	23.3043188	9.37539002	5.104051	2.5819155	6.7320715	1.8747884	44.24339959	82.65526764	107.3205645	2.7314766	21.4433098	19.40668723	7.1067962	6.07154621	10.54246225	5.31011018	1.74890244	83.31313784	25.37023748	21.3921682	19.43499803	16.860898	25.3947701	21.75615419	2.274506	2.212596	68.29046029
K07498	putative transposase	0.68137	0	1.349564	1.001793	0.3741291	3.1035804	0	0.1650975	0	0.930487	0	0	0.579852	0	0	0	0	0	7.93922	0.663346	0.164196	0	1.0267448	9.217107	0.9312432	0	0.4229096	0	0	0.9146835	0.392208	0.387435	0	0.0924001	2.9392206	7.973554	0.177071	0	0	0	0.3044373	2.162271
K07501	hypothetical protein	0	0	0.0503683	0	0	0	0	0	0	0	0	0	0	0	0	0	0	0	0	0	0	0	0	0	0	0	0	0	0	0	0	0	0	0	0	0	0	0	0	0	0	0
K07502	hypothetical protein	32.302353	21.07917	3.4106338	13.2259519	14.72703	12.23122	10.143061	7.4453819	10.267132	5.78979	5.759089	0.8892769	6.9213356	2.9502407	0.4802393	0.758309	5.885931	7.512228	8.3267834	29.1166337	30.4936265	4.2558306	5.402415	2.3800977	0.626433	11.411718	17.4544974	3.6702951	0	6.254741	2.146438	5.824016	11.20934	9.479712	3.611501	5.768413	17.5387359	23.8158316	40.40633	63.27562	52.4742799	0.561036
K07503	hypothetical protein	14.90047	43.275037	11.7404	12.4492336	95.684611	39.2565	16.261614	14.3757666	12.0028929	0.7531136	0.0989203	1.705115	13.6915826	0	0.0802644	1.62385	2.291007	7.49352	2.5746811	16.3791859	0.5637852	25.54277	62.65508	0.6465556	0.133978	29.69286	30.582309	3.3438	0	0.728091	27.885047	10.7589082	13.2646672	0.6615383	10.8903	2.1864678	28.06645	12.76573	9.39154	0.569119	16.176437	7.0286312
K07504	hypothetical protein	0	0	0	0	0	0	0	0	0	0	0	0	0	0	0	0	0	0	0	0.0555561	0	0	0	0	0	0	0.110987	0	0	0	0	0	0	0	0	0	0	0	0	0	0	0.409529
K07506	AraC family transcriptional regulator	0.562104	0.590615	2.187746	3.0188	1.13361	1.35227	0.3346843	3.15377	2.36817	0.894475	0.486122	0.478483	0.175668	0.322115	0.030715	0.294945	0.9100122	0.800201	0.53856	1.28351	1.53259	0.393643	0.355896	2.62019	0.210606	0.183558	0.862112	0	0	1.45045	0.3263722	0.306837	0	0.0735861	0.399183	0.4293	0.0931815	0	0.926095	1.56588	0.299944	0.1874618
K07507	putative Mg2+ transporter-C (MgtC) family protein	3.9043332	1.7539443	4.3848756	1.0181302	0.250319	3.3295595	4.8077584	5.348756	1.221191	4.998707	3.8338325	1.94939	12.6738859	5.2934759	25.1539867	11.9677562	4.13548	4.8646	1.7689413	3.8034849	2.3281681	5.1685884	4.4545441	2.2486133	1.9806388	5.799051	4.2847513	22.950239	2.8809904	4.0916156	3.0979447	5.853302	27.3050034	5.5317984	1.2352695	2.7985426	3.722753	7.7252182	1.761438	1.8594787	2.292259	10.56135
K07516	3-hydroxyacyl-CoA dehydrogenase [EC:1.1.1.35]	0	0	0.0438531	0	0	0	0	0	0	0	0	0	0	0	0	0	0	0	0	0	0	0	0	0	0	0	0	0	0	0	0	0	0	0	0.370818	0	0	0	0	0	0	0
K07533	foldase protein PrsA	41.99692	28.5786314	3.08225	17.130621	20.631589	19.3764602	26.1916269	10.5415314	12.462585	13.375228	19.75937	15.0294381	1.200124	10.7890643	3.8547912	5.3247052	12.9045246	9.663542	9.978684	48.721817	55.238066	9.5583387	6.8105992	3.6957295	13.6206963	14.28306	21.6754869	2.5445093	30.30222	10.547962	30.6172774	24.975723	26.8116671	32.4843406	8.6603325	9.597477	26.6438356	38.571717	60.0211298	75.6302674	72.097325	8.7579784
K07542	phosphatidylinositol glycan, class V [EC:2.4.1.-]	0	0	0	0	0	0	0	0	0	0	0	0	0	0	0	0.0618894	0	0	0	0	0	0	0	0	0	0	0	0	0	0	0	0	0	0	0	0	0	0	0	0	0	0
K07552	MFS transporter, DHA1 family, bicyclomycin/chloramphenicol	0	0.411263	3.053355	0.127846	0.115123	0.0984303	0.7277903	0.4217339	0	5.2246433	2.425158	18.2556744	8.8532228	4.257367	34.8994771	3.7464142	0.0450365	0.3727708	0.894142	0.727927	0	0.8837341	0.1880891	0.3837063	0	0	0.2810999	5.25263	67.483534	1.2377552	1.1134673	0.090875	17.3781883	1.6393379	0.9614006	2.3920209	1.062686	0.3544004	0.108598	0.4704357	0.1127142	3.53260024
K07557	archaeosine tRNA-ribosyltransferase	0	0	0.2234	0	0	0	0	6.67468	0.3841871	0	0	0	0	0	0	0	4.90492	0	0	0	0	0	0	0	0	0	0	0	0	7.63005	0	0	0	0	0	0	0	0	8.2775	3.99127	0	0
K07558	tRNA nucleotidyltransferase (CCA-adding enzyme) [EC:2.7.7.25	0	0	0.259901	0	0	0	0	1.45158	0.0768118	0	0	0	0	0	0	0	0.527434	0	0	0	0	0	0	0	0	0	0	0	0	2.78536	0	0	0	0	0	0	0	0	1.98492	0	0	0
K07559	putative RNA 2'-phosphotransferase	1.67199	1.0744	1.8827598	0	0	0.0696573	1.0639287	0.159466	0	0.5439381	2.42067	0.2577164	12.666827	11.01856	17.453814	3.5728779	0.0843082	0.071436	2.2293559	0.0352557	0	0.110392	0.2664942	0.267793	0.334684	0.263192	0.063715	0.0232027	0.4473312	2.604899	0.3724356	0.3061499	16.49647	0.813783	0.431224	1.75155	0.0617689	0.0749787	0.747201	0.2147479	0	0.667266
K07560	D-tyrosyl-tRNA(Tyr) deacylase	46.9738106	59.657414	23.1969334	31.1014171	122.329408	36.5818583	38.347148	18.0752331	12.6224222	70.6006487	48.0566991	79.7738924	56.6180483	17.4242673	50.2091779	34.8897128	9.1428719	18.7177245	20.6640478	55.7618878	26.4867664	34.9553647	55.2775987	33.200537	9.2576773	46.110327	36.912999	56.2844177	101.8950172	28.884748	36.4685656	19.458916	50.0948308	31.5440979	23.3289468	13.376777	43.0263412	75.9105891	59.0556675	67.6033427	49.4221146	27.0558706
K07562	nonsense-mediated mRNA decay protein 3	0	0	0.159693	0	0	0	0	1.6821	0.0873919	0	0	0	0	0	0	0	0.568154	0	0	0	0	0	0	0	0	0	0	0	0	2.25767	0	0	0	0	0	0	0	0	1.66847	0	0	0
K07566	putative translation factor	5.0667326	7.1126345	20.3720279	13.2381801	5.1300395	17.5731202	19.93363	7.3590265	7.7765137	6.4529752	6.8494431	32.1524577	42.0858757	60.0686888	38.3951536	12.8213577	8.9227282	10.9990046	14.5854008	6.6389259	6.4432288	42.5058944	75.3930481	21.7559325	8.0774431	10.0149766	19.4924399	22.104361	6.6965671	14.9602967	6.3651793	11.2522142	31.8433757	16.5687992	10.0107641	10.4509139	14.1709444	31.2164568	9.2474074	17.7668208	4.8126157	6.6556228
K07568	S-adenosylmethionine:tRNA ribosyltransferase-isomerase	10.8908603	7.4358685	20.2499503	8.9929391	8.8951419	16.4135922	24.7213068	8.0843787	11.1347292	74.068944	51.549062	71.8587664	48.7159756	13.2064553	2.2797335	44.1567215	10.9295845	14.9367873	11.2901149	26.6596533	18.6639225	52.2043836	73.4256565	29.4326634	33.6016455	20.8604176	21.0238076	75.5411021	71.8307692	27.0051922	26.313876	15.5701841	43.9749178	33.0256642	17.001797	17.7817789	13.9563313	41.2123591	12.4053905	9.0931737	15.9913023	31.7546179
K07569	RNA-binding protein	0	0	0.221889	0	0	0	0	2.15507	0.128175	0	0	0	0	0	0	0	0.477249	0	0	0	0	0	0	0	0	0	0	0	0	3.00746	0	0	0	0	0	0	0	0	2.58303	0	0	0
K07570	general stress protein 13	0.157666	0	0.9123315	0.514466	2.699706	1.298711	2.944759	0.2002181	0.750613	41.377786	27.914795	0	1.57552	2.898148	0.9456799	1.928518	0	3.0497898	2.141851	12.402407	0.158573	0	0.692828	22.7111463	0.4308385	0	0.513866	0.0761585	0	0.155737	1.3622709	1.347649	7.2028148	2.19953	6.1268293	3.1224501	0.157004	0.0802233	0.0537428	0.424872	1.7444323	7.2313136
K07571	S1 RNA binding domain protein	0.232199	0.301298	13.144843	0	0	0	0	0	0	2.3105	0.731303	0.228745	0.6069001	27.020414	0	0.378081	0.844297	2.160768	0.874324	0	0	39.71718	77.4869699	0.137025	0	0	0	0	0	1.3384555	19.463955	2.15897	0	0	0	2.46989	0	0	0.1602381	0	0	3.53387
K07573	exosome complex component CSL4	0	0	0.260026	0	0	0	0	1.65304	0.0400546	0	0	0	0	0	0	0	0.532644	0	0	0	0	0	0	0	0	0	0	0	0	2.96906	0	0	0	0	0	0	0	0	1.82686	0	0	0
K07574	putative RNA-binding protein containing KH domain	25.2132446	55.9959856	33.5229086	61.4051724	116.27003	67.661971	41.837034	32.8231106	27.686781	49.670291	52.070445	4.96078	51.414855	21.5532582	32.6441102	8.7864781	37.5456771	25.7851054	19.505984	75.0797324	24.9280454	80.6398368	143.2273836	11.2924334	4.427223	49.3074329	77.1917808	14.885903	8.669099	26.1227848	112.4597919	44.3278923	59.8311333	11.6166484	49.7998663	18.8493277	77.157416	37.7987906	75.4780467	46.6801814	26.725169	41.9493134
K07576	metallo-beta-lactamase family protein	3.1167774	2.655587	2.5051718	1.0681697	0.577898	1.577131	1.323018	3.507053	2.895766	2.52412	3.674588	0.0324098	0.8052718	0.5132098	0.0880816	1.7279233	1.660222	5.891374	7.693979	1.974828	1.1738231	1.738162	1.3243995	6.3888358	0.5893303	2.7621503	0.801724	1.0004308	0	1.3671023	1.439481	1.1080323	4.73015	2.8756973	2.1361365	2.0405248	3.0119979	4.878731	1.5084195	2.4823344	4.3268763	8.1096044
K07580	hypothetical protein	0	0	0.499251	0	0	0	0	35.93126	0	0	0	0	0	0	0	0	27.30551	0	0	0	0	0	0	0	0	0	0	0	0	37.8325	0	0	0	0	0	0	0	0	39.1533	18.279	0	0
K07581	hypothetical protein	0	0	0.456305	0	0	0	0	1.99076	0	0	0	0	0	0	0	0	0.263917	0	0	0	0	0	0	0	0	0	0	0	0	2.21591	0	0	0	0	0	0	0	0	2.46682	0	0	0
K07583	hypothetical protein	0	0	0.362584	0	0	0	0	1.79772	0.0644454	0	0	0	0	0	0	0	0.514195	0	0	0	0	0	0	0	0	0	0	0	0	2.52595	0	0	0	0	0	0	0	0	1.65759	0	0	0
K07584	hypothetical protein	4.558353	3.602215	4.9292604	6.151519	7.81575	13.51132	23.606166	15.791485	13.052125	2.729356	15.643636	16.857888	7.3214766	23.34978	7.904686	4.1865663	20.909937	7.2132467	9.881284	19.634915	35.876741	9.675424	2.463327	4.5970273	14.7247447	6.824404	13.5699172	2.3142928	33.20333	12.4310505	14.421119	24.801011	8.7619324	26.633152	13.045225	12.505332	4.182366	6.13202	15.356716	13.8088386	12.6550249	13.5019513
K07585	hypothetical protein	0	0	0.356608	0	0	0	0	1.77923	0	0	0	0	0	0	0	0	0.688742	0	0	0	0	0	0	0	0	0	0	0	0	2.34348	0	0	0	0	0	0	0	0	1.83115	0	0	0
K07586	hypothetical protein	0.3301553	0.2912969	6.5237126	2.1004462	3.1360947	2.0482301	8.401797	0.5038347	0.92376	57.324357	42.9112263	4.149513	1.3408083	2.9699606	1.3138066	3.1820426	0.227363	3.9119766	5.1617907	14.540311	0.158263	15.8819944	33.8684315	20.720459	1.0965723	0.1052598	1.3641196	0.5460652	2.54924	2.8538178	24.5573626	3.6212767	6.8693339	3.4796081	8.2305066	21.2060557	0.2837161	3.7577698	0.0380376	0.4250241	1.9347092	20.7092191
K07588	LAO/AO transport system kinase	1.0990029	0.667491	0.371783	0	0	0.3313888	2.760333	0.511007	0.2796521	2.60987	2.16199	6.643516	11.4821409	2.061691	6.442264	10.95953	1.04896	0.67	0.0458492	0.8224929	0.7538989	2.189837	2.6030151	0.9414731	1.17448	3.08406961	1.1456839	19.0147664	0.0386282	3.449024	0.2862676	1.371714	3.394885	4.3961999	0.0922237	0.6021904	2.34176	1.172255	0.2277299	0.0878971	0.0800532	0
K07589	D-erythro-7,8-dihydroneopterin triphosphate epimerase	0	0	2.77206	0	0	0	1.273799	0	0	0.0373635	0.576803	0	3.99428	5.45966	16.0615	0.382836	0.51854	0.0372297	0	0	0	0	0.308223	0.0276249	0	0	0.0807655	0.234911	2.1289	0.111289	0.2137569	0	7.54581	0.75383	0	1.21462	0	0	0	0	0	1.112585
K07590	large subunit ribosomal protein L7A	0	0	0.2294352	0.045471	0	0	0	0.0890526	0	4.28598	0.879849	0.169851	0.982142	0.188631	0	0.0867969	1.3971087	0.361827	0.948791	0	0	0.0863066	1.40919	0	0	0	0	0.0421179	3.21455	1.1157351	0.0459902	0.161923	0	0	0.174901	0.0421496	0	0	0	0.0445376	0	0.866066
K07591	threonine dehydratase operon activator protein	0	0	0	0	0	0	0	0	0	0	0	0	0	0	0	0	0	0.089065	0	0	0	0	0	0	0	0	0	0	6.877341	0	0	0	2.722524	0.17335	0	0	0	0	0	0	0	0.758276
K07592	LysR family transcriptional regulator, tdc operon transcriptional	0	0.103106	1.95524	0	0	0.0157617	0.156321	0.00997693	0	0.0105224	0.0566862	0.0106056	5.03005	1.93651	15.7207	0	0.220119	0.0180793	0	0	0	0	0.0162579	0	0	0	0.0817439	0.0190376	0.133949	0	0	0	2.51634	0.289192	0	0.465408	0	0.0188117	0	0	0	0.302651
K07604	type I keratin, acidic	0	0	0	0	0	0	0	0	0	0	0	0.0489379	0	0	0	0.198276	0	0	0	0	0	0	0	0	0	0	0	0	0	0	0	0	0	0	0	0	0	0	0	0	0	0
K07612	gap junction protein, alpha 3	0	0	0	0	0	0	0	0	0	0	0	0	0	0	0	0.0916231	0	0	0	0	0	0	0	0	0	0	0	0	0	0	0	0	0	0	0	0	0	0	0	0	0	0
K07614	gap junction protein, alpha 5	0	0	0	0	0	0	0	0	0	0	0	0	0	0	0	0.0777109	0	0	0	0	0	0	0	0	0	0	0	0	0	0	0	0	0	0	0	0	0	0	0	0	0	0
K07616	gap junction protein, alpha 7	0	0	0	0	0	0	0	0	0	0	0	0	0	0	0	0.0932538	0	0	0	0	0	0	0	0	0	0	0	0	0	0	0	0	0	0	0	0	0	0	0	0	0	0
K07617	gap junction protein, alpha 8	0	0	0	0	0	0	0	0	0	0	0	0	0	0	0	0.0920402	0	0	0	0	0	0	0	0	0	0	0	0	0	0	0	0	0	0	0	0	0	0	0	0	0	0
K07622	gap junction protein, beta 3	0	0	0	0	0	0	0	0	0	0	0	0	0	0	0	0.0349013	0	0	0	0	0	0	0	0	0	0	0	0	0	0	0	0	0	0	0	0	0	0	0	0	0	0
K07623	gap junction protein, beta 4	0	0	0	0	0	0	0	0	0	0	0	0	0	0	0	0.112363	0	0	0	0	0	0	0	0	0	0	0	0	0	0	0	0	0	0	0	0	0	0	0	0	0	0
K07624	gap junction protein, beta 5	0	0	0	0	0	0	0	0	0	0	0	0	0	0	0	0.0689568	0	0	0	0	0	0	0	0	0	0	0	0	0	0	0	0	0	0	0	0	0	0	0	0	0	0
K07625	gap junction protein, beta 6	0	0	0	0	0	0	0	0	0	0	0	0	0	0	0	0.0703134	0	0	0	0	0	0	0	0	0	0	0	0	0	0	0	0	0	0	0	0	0	0	0	0	0	0
K07626	gap junction protein, beta 7	0	0	0	0	0	0	0	0	0	0	0	0.0542209	0	0	0	0.028559	0	0	0	0	0	0	0	0	0	0	0	0	0	0	0	0	0	0	0	0	0	0	0	0	0	0
K07627	gap junction protein, chi 1	0	0	0	0	0	0	0	0	0	0	0	0	0	0	0	0.0453587	0	0	0	0	0	0	0	0	0	0	0	0	0	0	0	0	0	0	0	0	0	0	0	0	0	0
K07630	connexin 40.1	0	0	0	0	0	0	0	0	0	0	0	0	0	0	0	0.075075	0	0	0	0	0	0	0	0	0	0	0	0	0	0	0	0	0	0	0	0	0	0	0	0	0	0
K07631	connexin 62	0	0	0	0	0	0	0	0	0	0	0	0	0	0	0	0.123256	0	0	0	0	0	0	0	0	0	0	0	0	0	0	0	0	0	0	0	0	0	0	0	0	0	0
K07632	galactoside alpha-1,3-fucosyltransferase 4 [EC:2.4.1.-]	0	0	0	0	0	0	0	0	0	0	0	0	0	0	0	0.0516952	0	0	0	0	0	0	0	0	0	0	0	0	0	0	0	0	0	0	0	0	0	0	0	0	0	0
K07633	galactoside alpha-1,3-fucosyltransferase 5 [EC:2.4.1.65]	0	0	0	0	0	0	0	0	0	0	0	0	0	0	0	0.0437263	0	0	0	0	0	0	0	0	0	0	0	0	0	0	0	0	0	0	0	0	0	0	0	0	0	0
K07634	galactoside alpha-1,3-fucosyltransferase 6 [EC:2.4.1.65]	0	0	0	0	0	0	0	0	0	0	0	0	0	0	0	0.0614249	0	0	0	0	0	0	0	0	0	0	0	0	0	0	0	0	0	0	0	0	0	0	0	0	0	0
K07635	galactoside alpha-1,3-fucosyltransferase 7 [EC:2.4.1.-]	0	0	0	0	0	0	0	0	0	0	0	0	0	0	0	0.0453085	0	0	0	0	0	0	0	0	0	0	0	0	0	0	0	0	0	0	0	0	0	0	0	0	0	0
K07636	two-component system, OmpR family, phosphate regulon sensor histidine kinase PhoR [EC:2.7.13.3]	45.6947363	33.628466	8.751533	68.54243	39.7452638	35.4392107	28.706372	19.4223256	19.7079197	14.6469422	13.7828594	30.7046371	15.5097166	13.8127471	7.2983917	24.1849329	16.612465	15.1252474	16.5952471	40.5957266	42.6745177	19.4299603	12.5177937	12.4637195	6.1964332	22.1868368	38.217761	14.0256855	59.28949	25.0699599	22.7519422	18.7649524	39.856385	14.6793958	13.415668	19.9037497	33.2117612	44.0634413	69.4501807	85.622789	72.666115	12.5682046
K07637	two-component system, OmpR family, sensor histidine kinase PhoQ [EC:2.7.13.3]	0	0	1.902182	0	0	0.01648943	0.2132275	0.0258974	0	0.02131128	0.6022278	0.0228675	4.9727019	2.699967	13.741028	0	0.3039254	0	0	0	0	0.0245353	0.1256631	0	0	0	0.2502338	0.1052408	2.95333	0	0	0.0221164	4.426759	0.322855	0	1.22861	0	0.0244824	0	0	0	0.4648196
K07638	two-component system, OmpR family, osmolarity sensor histidine kinase EnvZ [EC:2.7.13.3]	0	0.398224	4.40462	0	0	0.0343882	1.71856	0.0805043	0	0.654364	0.721273	0.0185244	0.828453	0	0	0.550577	0.114935	0.0938403	0	0	0	0.0202464	0.214952	0.0226541	0	0	0.194943	0.118521	3.694	0.0613628	0.692226	0	8.159458	1.7613	0.294059	0.243294	0	0.0803233	0	0	0	1.49219
K07639	two-component system, OmpR family, sensor histidine kinase RstB [EC:2.7.13.3]	0	0	0.88392	0	0	0.0509881	0.0927806	0.0112108	0	0.0119663	0.887243	0.0213533	0.0455557	0.139999	0.183251	0	0.183762	0.0753805	0	0	0	0.0165331	0.0141406	0	0	0	0.0128537	0.0306209	3.23984	0.0103484	0	0	2.710103	0.352118	0	0.0713952	0	0	0	0	0	0.15586
K07640	two-component system, OmpR family, sensor histidine kinase CpxA [EC:2.7.13.3]	0.088139	0.4562647	4.24535	0.0146907	0	0.303517	3.91456	0.126296	0	1.314496	6.35165	0.0181746	0.536206	3.84196	2.67773	0.101263	0.23311	0.420609	0.178285	0.159193	0	0.0308283	0.309092	0.0446906	0	0	0.230336	0.449937	4.5642	0	0.803476	0	8.5151271	2.07697	0.313644	0.286369	0	0.172244	0	0	0	2.28805
K07641	two-component system, OmpR family, sensor histidine kinase CreC [EC:2.7.13.3]	0	0	3.2245766	0	0	0.0651472	0.28057	0	0	0.937684	0	0.0663325	6.927	3.22397	11.791	0	0.166035	0	0	0	0	0	0.045055	0	0	0	0.0971508	0	1.31767	0	0	0	3.435125	0.13919	0	0	0	0	0	0	0	0.451392
K07642	two-component system, OmpR family, sensor histidine kinase BaeS [EC:2.7.13.3]	0	0.389236	1.88994	0	0	0.0401492	1.084582	0	0	0	0.183701	0	3.68303	2.34209	10.1037	0	0.3564806	0	0	0	0	0.0169531	0.0707513	0	0	0	0.166168	0.0215052	0.406114	0	0.0101177	0.0958691	7.01153	1.223119	0	0.811934	0	0	0	0	0	0.880233
K07643	two-component system, OmpR family, sensor histidine kinase BasS [EC:2.7.13.3]	0	0	2.16236	0	0	0.01867	0.446622	0	0	0.07798	0.0314689	0	6.0297	8.12223	35.6648	0	0.420144	0.0129386	0	0	0	0.0634931	0.121964	0	0	0	0.256609	0.196579	1.07384	0.0199547	0.0553718	0	3.0881126	0.475471	0	2.47491	0	0	0	0	0	0.7671531
K07644	two-component system, OmpR family, heavy metal sensor histidine kinase CusS [EC:2.7.13.3]	0	0	1.493453	0	0.0290756	0.0255447	0.3073089	0	0	0.751082	0	0	0.891865	2.22175	10.9109	0	0.361362	0	0	0	0	0	0	0.0147146	0	0	0.0803129	0.115232	0	0	0	0	26.941047	0.377327	0	0.391903	0	0	0	0	0	0.428769
K07645	two-component system, OmpR family, sensor histidine kinase QseC [EC:2.7.13.3]	0	0	2.49097	0	0	0	1.2718714	0	0	0.0775492	0.141302	0	5.81367	2.53237	19.1349	0	0.0893363	0	0	0	0	0	0.142613	0	0	0	0	0	0.0973794	0	0.0103088	0.0180222	3.291475	0.528176	0	1.06407	0	0	0	0	0	0.5151097
K07646	two-component system, OmpR family, sensor histidine kinase KdpD [EC:2.7.13.3]	71.4043148	47.8132965	8.466834	27.0493694	36.740877	39.146225	32.611509	16.12462564	21.8177784	19.2030978	17.1993761	2.188516	14.2861966	7.527311	3.839089	6.9124415	8.9742981	15.793313	15.491909	67.5519446	59.428275	11.5259428	12.133029	13.403328	28.9830549	29.4874793	50.95085629	24.3281749	0.456797	16.0320943	6.9515388	14.57074552	44.0735357	33.5110846	12.8037005	5.771212	46.5819412	59.6497398	82.2996261	120.731915	112.3407978	19.7424974
K07647	two-component system, OmpR family, sensor histidine kinase TorS [EC:2.7.13.3]	0	0	0.879806	0	0	0.0132272	0.278006	0	0	0	0	0	4.3349	2.392171	4.331187	0	0.396365	0	0	0	0	0.0286185	0.0299014	0	0	0	0.1093	0.0351139	0	0	0	0	3.26555	0.618945	0	2.019499	0	0	0	0	0	0.625476
K07648	two-component system, OmpR family, aerobic respiration control sensor histidine kinase ArcB [EC:2.7.13.3]	0	0.293445	1.40396	0.0202992	0	0.121697	0.698548	0.0132303	0	0.210209	0	0.0162508	3.43817	2.42969	11.2322	0	0.306284	0.0143959	0	0	0	0.0170821	0.106822	0.0180486	0	0	0.130292	0.034028	0	0	0.187396	0	6.21842	2.11231	0	0.648722	0	0	0	0	0	2.11485
K07649	two-component system, OmpR family, sensor histidine kinase TctE [EC:2.7.13.3]	0	0.364993	0	0	0	0.180246	1.264126	0	0	0	0	0	0	0	0	0	0	0	0	0	0	0	0.0583397	0	0	0	0	0	0	0	0	0	0	0.28055	0	0	0	0	0	0	0	0.12793
K07650	two-component system, OmpR family, sensor histidine kinase CssS [EC:2.7.13.3]	0	0	0.0434671	0	0	0	0	0	0	0	0	0	0	0	0	0	0	0	0	0	0	0	0	0	0	0	0	0	0	0	0	0	0	0	0	2.02898	0	0	0.126283	0.0582017	0.0564762	0
K07651	two-component system, OmpR family, sensor histidine kinase ResE [EC:2.7.13.3]	0	0	0	0	0	0	0	0	0	0	0	0	0	0	0	0	0.0773453	0	0	0	0	0	0	0	0	0	0	0	0	0	0	0	0	0	0	0	0.0252764	0	0	0	0	0
K07652	two-component system, OmpR family, sensor histidine kinase VicK [EC:2.7.13.3]	0.138922	0.189628	0.608564	0.4148959	0.1569811	0.0409826	0.060636	0	0	0.113748	0.0843812	0.21558	0.351215	0.16074	0.4055095	0	0.0842866	0.125593	2.5345147	0.2899413	0.2745135	1.870977	1.0128796	0.644152	0	0.0673647	0.3539811	0.448024	0	0.2086417	0.365042	1.101308	6.186768	0.2306685	0.475621	1.6106288	0.4286208	0.884532	0.0514266	0.0624509	0.2173575	2.7322316
K07653	two-component system, OmpR family, sensor histidine kinase MprB [EC:2.7.13.3]	0	0	0	0	0	0	0	0	0	0	0	0	0	0	0	0	0	0	0	0	0	0	0	0.0372228	0.0682619	0	0	0	0	0	0	0	0	0	0	0	0	0	0	0	0	0
K07654	two-component system, OmpR family, sensor histidine kinase MtrB [EC:2.7.13.3]	0	0	0	0	0	0	0.0823649	0	0	0.0483785	0.263177	0	0	0	0	0	0	0	0	0	0	0	0	0.180572	0.0257202	0	0	0	0	0	0	0	0	0	0	0.2125291	0	0	0	0	0	0
K07657	two-component system, OmpR family, phosphate regulon response regulator PhoB	1.03789	0.991447	6.69828	0.417679	0	0.20201	3.39532	0	0	0	0	0	7.78757	7.831767	22.7629	1.110759	1.377692	0	0	0	0.0408025	0.2243973	0	0	0	0	0.23107	0.0226688	0.38757	0.2081614	0.997635	0.0475983	10.386994	2.613945	0.436851	2.48823	0	0.0378389	0	0	0	1.69272
K07658	two-component system, OmpR family, alkaline phosphatase synthesis response regulator PhoP	4.3009203	6.8924838	8.6040331	16.9474717	14.1391126	25.36265	32.8168259	28.3715411	37.0085947	15.6242635	4.582092	1.976036	12.2303557	8.0104561	1.5823448	5.6520277	14.284668	18.822584	31.9368062	8.9054456	14.1009842	10.206032	6.7898457	19.8939606	6.2696414	11.995487	23.3302251	5.6206687	0.134417	7.85569	23.629159	22.6889589	10.0633416	1.9766564	24.769063	6.746372	26.6862655	16.3978471	15.8559844	43.4748371	13.0290424	12.2961783
K07659	two-component system, OmpR family, phosphate regulon response regulator OmpR	0	0.539165	1.83935	0	0	0.294428	4.2011	0	0	0.351632	0.404141	0	3.26057	3.52938	0	0.326174	0.312507	0.0609392	0	0	0	0.00928867	0.12136	0.0134526	0	0	0.301808	0.0111618	4.35618	0.0171778	0.865542	0	4.17212	1.74347	0.106224	0.442962	0	0.107879	0	0	0	1.70163
K07660	two-component system, OmpR family, response regulator PhoP	0	0.519479	2.55364	0	0	0.289351	2.167503	0	0	0	0.308913	0	4.22208	1.91886	16.7649	0.101762	0	0	0	0	0	0	0.062705	0	0	0	0.197736	0	0.481121	0	0.470704	0	14.62387	1.26166	0.082851	0.271792	0	0	0	0	0	0.891758
K07661	two-component system, OmpR family, response regulator RstA	0	0	1.60286	0	0	0.0441641	0.230787	0	0	0	0.431084	0	3.01363	2.15935	11.2651	0	0.403688	0	0	0	0.0194903	0.0276819	0.129576	0	0	0	0.075452	0.0285006	0.746582	0	0	0	4.154789	0.326172	0	0.702789	0	0	0	0	0	0.252423
K07662	two-component system, OmpR family, response regulator CpxR	0	0.395145	3.11009	0	0	0.37424	3.74398	0.0642347	0	0.509547	0.195813	0.0188334	7.29093	6.63299	33.3274	0.306457	0.519721	0.0187821	0	0	0	0.0873788	0.164275	0	0	0	0.188011	0.0653122	0.559117	0.0183027	0.713225	0	5.603899	2.63222	0.173308	1.77857	0	0.0468413	0	0	0	1.92705
K07663	two-component system, OmpR family, catabolic regulation response regulator CreB	0	0	3.39768	0	0	0.139853	1.041701	0.0653053	0	0.9916003	0	0	8.80793	6.17768	19.3116	0	0.715874	0	0	0	0	0	0.10638	0	0	0	0.159287	0.154432	2.26082	0	0.0843154	0	18.54487	0.735535	0	1.62276	0	0	0	0	0	1.144115
K07664	two-component system, OmpR family, response regulator BaeR	0	0.0359156	0.785926	0	0	0	0	0	0	0.118324	0	0	5.03412	2.1036	5.43605	0	0.128504	0	0	0	0	0	0.0659746	0	0	0	0.0813914	0.041409	0	0	0	0	3.60452	0.103239	0	1.04866	0	0	0	0	0	0.147707
K07665	two-component system, OmpR family, copper resistance phosphate regulon response regulator CusR	0	0.304683	6.87176	0	0	0.364503	1.66283	0	0	0.0170489	0	0	2.59468	5.97684	29.2102	0.530534	0.723917	0	0	0	0	0.0304112	0.0922073	0.0134315	0	0	0.0966463	0.0468503	0	0	0.392209	0	1.6959524	1.44012	0.388748	0.734539	0	0	0	0	0	1.48985
K07666	two-component system, OmpR family, response regulator QseB	0	0.177234	6.57836	0	0	0.131626	1.3168001	0.10372	0	0	0.933487	0	9.05593	5.32604	31.0163	0	0.715874	0	0	0	0.028547	0.0502609	0.241366	0	0	0	0.134926	0.441495	2.13391	0.0904651	0.23215	0	10.477797	2.463444	0	2.47096	0	0.0649574	0	0	0	3.114386
K07667	two-component system, OmpR family, KDP operon response regulator KdpE	106.7349015	89.1406327	11.7812742	82.3389096	73.7544971	65.3796411	60.76505	47.7375283	39.1584788	35.9862376	27.1333039	4.761982	44.9406656	29.635121	15.415245	8.5360263	35.2665138	24.950223	27.839724	118.419822	84.7551886	34.223489	36.5060081	15.39511	38.1701625	45.567001	82.3061816	18.1609834	1.719522	25.9179928	90.5673921	37.8603527	56.43409	38.8043811	42.9067637	16.8295793	87.1758507	97.8800128	173.4081804	192.799221	153.7747256	39.940418
K07668	two-component system, OmpR family, response regulator VicR	0.3253018	0.226783	0.6049385	0.9539073	0.642304	1.09957	0.52273	0.0791121	0.0940413	12.1893137	8.4093175	0	0.0745532	0.352684	0.246133	0.620848	0	0.6118951	2.9950178	3.2041653	0	0.3417797	2.66505	0.9037592	0.6561425	0.2294348	0.262054	0.0906451	0	0.1846395	0.563813	0.763389	6.3299895	1.2053438	0.7038686	5.5297742	0.179765	0.1010339	0.0844497	0	0.339318	2.929302
K07669	two-component system, OmpR family, response regulator MprA	0	0	0	0	0	0	0	0	0	0	0	0	0.0509003	0	0	0	0	0	0	0	0	0	0	0	0	0	0	0	0	0	0	0	0	0	0	0.0656928	0	0	0	0	0	0
K07670	two-component system, OmpR family, response regulator MtrA	0	0	0.192432	0	0	0	0.0649434	0.0948813	0	0.0843836	0.319945	0	0	0	0	0.0560113	0	0	0	0.132358	0.0686856	0	0.0500393	0.0531031	0	0	0	0	0	0	0.0559728	0	0	0	0	0.1821058	0	0	0	0	0	0
K07673	two-component system, NarL family, nitrate/nitrite sensor histidine kinase NarX [EC:2.7.13.3]	0	0	0.672943	0	0	0.0113463	0.0840859	0.00940395	0	0	0.15046	0	0.99981	1.21103	3.5633	0	0.0945811	0	0	0	0	0.0167564	0.0147132	0	0	0	0.0170627	0.0251246	0.462922	0	0.0241502	0.00761553	4.35428	0.207548	0	0.233089	0	0	0	0	0	0.199137
K07674	two-component system, NarL family, nitrate/nitrite sensor histidine kinase NarQ [EC:2.7.13.3]	0	0	2.00194	0	0	0.0184505	0.420243	0	0	0.155951	0.0986267	0.011299	3.44807	2.03042	14.8654	0	0.214004	0.0135679	0	0	0	0	0.0178125	0.0308772	0	0	0.125455	0.0182362	0.060775	0	0.0137468	0	6.757284	0.171606	0	0.991564	0	0	0	0	0	0.521003
K07675	two-component system, NarL family, sensor histidine kinase UhpB [EC:2.7.13.3]	0	0.534453	0.211618	0	0	0.14588	0.648719	0	0	0.0237366	0.754815	0	0.508544	0.138073	1.63873	0	0.63292	0.0153189	0	0	0	0.020212	0.112654	0	0	0	0.200943	0.0372171	4.06304	0.0143038	0.160281	0.0263627	5.73077	1.93072	0	0.468785	0	0.0251198	0	0	0	1.73491
K07676	two-component system, NarL family, sensor histidine kinase RcsD [EC:2.7.13.3]	0	0	1.14276	0	0	0.0101117	0.113373	0.00778756	0	0	0.512847	0.00722532	0.0496472	3.096159	0.957702	0	0.0237367	0.0481862	0	0	0	0.0226284	0.0620978	0	0	0	0.13617	0.0156151	2.58088	0	0.0105766	0.00754429	3.00643	0.135932	0	0.0206492	0	0.0112559	0	0	0	0.441275
K07677	two-component system, NarL family, capsular synthesis sensor histidine kinase RcsC [EC:2.7.13.3]	0	0.124005	0	0	0	0	0	0	0	0	0	0	0	0	0	0	0	0	0	0	0	0	0	0	0	0	0	0	0	0	0.0368441	0	0	0	0	0	0	0	0	0	0	0
K07678	two-component system, NarL family, sensor histidine kinase BarA [EC:2.7.13.3]	0	0	1.958195	0.013844	0	0.0652851	0.186255	0.0103387	0	0.0154827	0.0307328	0.0109825	3.29764	1.56288	4.38829	0.0941839	0.20905142	0	0	0	0	0.0112119	0.0183382	0	0	0	0.123828	0.0258098	0.259569	0.0146522	0.01709299	0.0126186	2.03084	0.326556	0	0.585826	0	0.0222666	0	0	0	0.362196
K07679	two-component system, NarL family, sensor histidine kinase EvgS [EC:2.7.13.3]	0	0	0.815416	0	0	0	0.117395	0	0	0	0.1069966	0	0	0.0565571	0.239826	0	0.155651	0	0	0	0	0.0196121	0.0836821	0	0	0	0.0703776	0.121071	2.48272	0	0	0	1.89404	0.164318	0	0.0311534	0	0.0561144	0	0	0	0.167898
K07680	two-component system, NarL family, sensor histidine kinase ComP [EC:2.7.13.3]	0	0	0.0544143	0	0	0	0	0	0	0	0	0	0	0	0	0	0	0	0	0	0	0	0	0	0	0	0	0	0	0	0	0	0	0	0	0	0	0	0	0.0637523	0	0
K07683	two-component system, NarL family, sensor histidine kinase NreB [EC:2.7.13.3]	0	0	0	0	0.0781256	0	0	0	0	0	0	0	0	0	0	0	0	0	0	0	0	0	0	0	0	0	0	0	0	0.0753068	0	0	0	0	0	0	0.116556	0	0	0	0	0
K07684	two-component system, NarL family, nitrate/nitrite response regulator NarL	0	0	1.41907	0	0	0.0107341	0.242104	0	0	0.0156162	0	0	0.938034	1.49097	3.62913	0	0.426358	0	0	0	0	0.09492	0.021358	0.00804925	0	0	0.00827174	0.0185474	0.0743763	0.00915214	0	0	1.13225	0.286351	0	0.682974	0	0	0	0	0	0.34653
K07685	two-component system, NarL family, nitrate/nitrite response regulator NarP	0	0.188311	5.7022	0	0	0.0229787	0.231135	0	0	1.05881	4.6728072	0	6.0689	4.55107	23.4336	0	0.794731	0.597014	0.776284	0.368079	0	0.0277346	0	0.0850505	0	0	0.155449	1.0566524	0.113244	0.0155122	0.0731411	0	4.0853669	0.509086	0	1.65907	0	0.0103111	0	0	0	0.577836
K07686	two-component system, NarL family, uhpT operon response regulator UhpA	0	0	0.873927	0	0	0.020743	0.3039713	0	0	0.0855632	0	0.0850989	0	0	7.43204	0	0.315402	0	0	0	0	0.0277145	0	0.0579305	0	0	0.0267473	0.29013	0.887407	0.0182272	0.0249412	0.038553	17.6556	0.512678	0	1.7978129	0	0	0	0	0	0.708098
K07687	two-component system, NarL family, captular synthesis response regulator RcsB	0	0	0.574677	0	0	0	0.0788661	0	0	0	0.184141	0	2.35114	1.60816	9.79897	0	0	0	0	0	0	0	0	0	0	0	0.165017	0	0.719374	0	0	0	1.34293	0.222923	0	0.98066	0	0	0	0	0	0.121778
K07688	two-component system, NarL family, response regulator, fimbrial Z protein, FimZ	0	0	2.155905	0	0	0	0.014586	0	0	0	0	0.0823028	3.85883	3.82262	16.42769	0	0.08170108	0	0	0	0	0.0694663	0.00532842	0	0	0	0.01485842	0.0830831	0	0.02144398	0	0	0.946017	0.276396	0	0.925983	0	0	0	0	0	0.3621111
K07689	two-component system, NarL family, invasion response regulator UvrY	0	0.4127115	3.44201	0	0	0.099304	2.666667	0	0	0.5836612	0.878429	0.0235144	5.673501	4.926978	21.06411	0.104773	0.3755071	0	0	0	0	0.0674111	0.0712872	0.0368135	0	0	0.1866206	0.230278	2.036458	0	0.431056	0.0266817	18.98585	1.758976	0.153544	1.399162	0	0	0	0	0	1.85235
K07690	two-component system, NarL family, response regulator EvgA	0	0	2.59288	0	0	0.03262098	0.2475754	0.0300137	0	0	0.214673	0	4.60034	3.72397	20.5486	0	0.2903935	0.10128034	0	0	0.0320968	0.02319015	0.123538	0	0	0.00922603	0.0554937	0.125539	1.24522	0.0294781	0	0	2.50237	0.3256976	0.093007	1.54353	0.012404	0.07783505	0	0	0	0.254818
K07692	two-component system, NarL family, response regulator DegU	0	0	0.0693404	0	0	0	0	0	0	0	0	0	0	0	0	0	0	0	0	0	0	0	0	0	0	0	0	0	0	0	0	0	0	0	0	0	0	0	0.0380376	0	0	0
K07693	two-component system, NarL family, response regulator DesR	0	0.0912755	0.2583564	0.2941644	0.110531	0.0899056	0.22618	0.1435119	0.061771	0.3733333	0.8613771	0.0449873	0.0447045	0.1534536	0.0828747	0	0.167005	0	1.67772	0.5826977	0.263087	0	0.1044824	1.1545821	0.1812753	0	0.056589	0.1039245	0	0.0763304	0.5988698	0.3340872	0.077643	0.2106075	0.169487	0.5736871	0	0	0	0.0779903	0	0.201514
K07694	two-component system, NarL family, vancomycin resistance associated response regulator VraR	0	0	0	0	0	0	0	0	0	0	0	0	0	0	0	0	0	0	0	0	0	0	0	0	0	0	0	0	0	0	0	0	0	0	0	0	0.0895416	0	0	0	0	0
K07696	two-component system, NarL family, response regulator NreC	0	0	0	0.534629	0.154743	0.0847833	0	0	0.10487	0.0470503	0	0	0.0982142	0	0	0.8457987	0.10857	0	0	0.243549	0.0876955	0.233772	0.154828	0	0	0.205768	0.121638	0.0505415	0	0.183411	0.0614237	0	0.146919	0.256086	0	0	0.0511666	0.16285	0	0	0.326792	0.1758769
K07697	two-component system, sporulation sensor kinase B [EC:2.7.13.3]	0	0	0.0462269	0	0	0	0	0	0	0	0	0	0	0	0	0	0	0	0	0	0	0	0	0	0	0	0	0	0	0	0	0	0	0	0	0	0	0	0.0670124	0.0773714	0.060062	0
K07698	two-component system, sporulation sensor kinase C [EC:2.7.13.3]	0	0	0	0	0	0	0	0	0	0	0	0	0	0	0	0	0	0	0	0	0	0	0	0.0455545	0	0	0	0	0	0	0	0	0	0	0	0	0	0	0	0.0820667	0	0
K07699	two-component system, response regulator, stage 0 sporulation protein A	38.416282	24.8662969	9.6985103	17.7810506	14.5360843	16.072222	17.465534	16.921289	21.9678262	9.487555	22.2345447	1.1037495	19.0900732	11.339776	4.439231	7.2454026	21.7378888	6.3106351	8.3440043	37.1204506	71.3075143	5.3162653	4.8472141	2.8586141	1.2456585	7.1072042	8.4271657	8.2806014	0	12.842164	13.091507	25.7445704	16.98909	31.6173923	6.6989239	16.99808	17.5351693	25.0774915	44.4452692	74.8499256	71.2503657	4.8072583
K07700	two-component system, CitB family, cit operon sensor histidine kinase CitA [EC:2.7.13.3]	0	0	0	0	0	0.0153831	0.1973133	0	0	0.1938647	0	0	0.0281437	0	0.0805191	0	0.0484816	0	0	0	0	0.0136375	0.0325672	0	0	0	0.0174544	0.0193207	3.08361	0.00954417	0.0161909	0	2.35188	0.109772	0	0.0368723	0	0	0	0	0	0.2025608
K07701	two-component system, CitB family, sensor histidine kinase DcuS [EC:2.7.13.3]	0	0	2.0336478	0	0	0	0.273543	0	0	0.4777743	0.284971	0	3.37171	1.60947	11.5872	0	0.192528	0	0	0	0	0	0.0329727	0.0120731	0	0	0.075452	0.0404601	0.125188	0	0.2174565	0.0228894	3.61172	0.350244	0	0.72644	0	0	0	0	0	0.374714
K07702	two-component system, CitB family, response regulator CitB	0	0	2.51036	0.0186826	0	0.121497	0.340639	0.0221849	0	0.024665	1.34485	0.0293538	1.0011	3.62874	15.5436	0	0.676007	0.0322007	0	0	0	0	0.123638	0.0226233	0	0	0.372571	0.235575	3.81001	0	0	0	7.0397	0.302384	0	0.895857	0	0.0661729	0	0	0	0.526016
K07703	two-component system, CitB family, response regulator DcuR	0	0	3.69183	0.0253043	0	0.117771	0.216363	0.0618681	0	0	0.821754	0	3.66753	4.36332	26.0138	0	0.435983	0	0	0	0	0.0748832	0.201562	0	0	0	0.120723	0.0469934	1.62779	0.0126624	0.111829	0	5.86906	0.415128	0.0455245	1.71305	0	0.0319806	0	0	0	0.683027
K07704	two-component system, LytT family, sensor histidine kinase LytS [EC:2.7.13.3]	4.1439	0.882981	0.045887	6.89449	0.962668	0.697601	0.5650538	0	0.0741371	1.0175958	0.223715	1.297581	0.13192	0.0536708	0	0.3817902	0	0.104176	0.0993359	1.04781	1.16056	2.245138	1.573822	0.236712	2.47873	0.218199	1.51835	0.528802	0.334765	3.472249	0.34333	0.240386	3.91982	2.129	0	0.12418	0.9063225	0.868648	0.825655	0.8625539	1.29859	0.185955
K07705	two-component system, LytT family, response regulator LytT	0	0	0.2187645	0.944604	0	0.260866	0.0709999	0	0	0.703341	0.118134	1.43757	0	0	0	0	0	0	0	0	0	1.337526	0.634281	0.0449613	0	0	0	0	0	5.9468022	0.123199	0.0730321	0	0	0.377002	0.1198267	0.0872689	0.0594548	0	0	0	0.38989
K07706	two-component system, AgrA family, sensor histidine kinase AgrC [EC:2.7.13.3]	0	0	0.7302662	2.362346	2.2423351	0.99538	0.509832	0.2159453	1.019883	33.742264	22.3258083	0	0.939925	1.74184	0.9650784	1.2406697	0	2.486472	1.93334	9.316451	0.215294	0.1140797	1.87807	1.0877631	0.6503835	0.038234	0.3869384	0.0953384	0	0.0612419	1.0704234	1.8751908	0.427449	1.50538	4.5327522	1.414384	0.1115374	0.0658763	0.540747	0.0828505	1.1594	6.100055
K07707	two-component system, AgrA family, response regulator AgrA	0	0	0.050176	1.90533	1.2094348	0.757538	0.153966	0.066039	0.5318327	11.354289	10.6985	0	0	0.127167	0.197123	0.3171305	0.0472005	0.52038	0.496201	5.09576	0.0650326	0	5.1895908	0.2797114	0.5050003	0	0.119466	0.0427659	0	0.1871553	0.1416803	0.8538246	0.079049	0.231134	0.7112462	0.9947689	0.106123	0	0	0	0	2.4054072
K07708	two-component system, NtrC family, nitrogen regulation sensor histidine kinase GlnL [EC:2.7.13.3]	0	0.200865	3.70278	0	0	0.363618	3.82772	0.156733	0	0	1.71491	0.0934181	3.45714	5.71551	15.0559	0.314783	0.265896	0.135082	0	0	0	0.0854436	0.200602	0	0	0	0.27716	0.407702	3.6199	0.0410108	0.718367	0	18.391456	2.22538	0.13455	1.34457	0	0.20497	0	0	0	2.49206
K07709	two-component system, NtrC family, sensor histidine kinase HydH [EC:2.7.13.3]	0	0	5.89186	0.8705873	0	0	0.358569	0.144528	0	0	0.769751	0	1.602417	3.28879	7.69851	1.351306	0.450168	0	0	0	0	0.498466	0.2006327	0.027847	0	0	0.195256	0.258268	3.74543	0.1018564	0.449038	0.0408699	1.30395	0.4367278	0.6245538	1.289692	0	0.0572743	0.0493446	0.277232	0	0.5233539
K07710	two-component system, NtrC family, sensor histidine kinase AtoS [EC:2.7.13.3]	0	0	0	0	0	0	0.132372	0.0630856	0	0	1.14928	0	0	0.460619	0	0	0.373213	0.0932075	0	0	0	0	0.0587224	0	0	0	0.153873	0.204463	3.48605	0	0.0434398	0	4.7486	0.405432	0	0	0	0.0628583	0	0	0	0.393692
K07711	two-component system, NtrC family, sensor histidine kinase GlrK [EC:2.7.13.3]	0	0	2.42016	0	0	0	0.332246	0.0416324	0	0.0375594	1.5577376	0	3.982759	3.02106	14.28146	0	0.130424	0	0	0	0	0	0.18280879	0	0	0	0.3040065	0.3676098	3.514334	0	0.0280081	0	8.475009	0.297709	0	1.389934	0	0.0427467	0	0	0	0.468315
K07712	two-component system, NtrC family, nitrogen regulation response regulator GlnG	0	0	0.086422	0	0	0.010488	0.144159	0.00815605	0	0.0258717	1.71061	0.0133453	0.637797	1.810101	2.392199	0	0	0.110271	0	0	0	0.00778518	0.0670996	0	0	0	0.173409	0.0299297	5.04948	0.102679	0.0864139	0.00696588	1.92858	0.189888	0	0.0815613	0	0.0697179	0.0060676	0	0	0.04702
K07713	two-component system, NtrC family, response regulator HydG	0.9859	0.441106	1.14624	0.9903241	0	0.0495037	0.7266449	0.250389	0.0715616	1.4082937	0.832207	1.437799	5.695245	2.10045	11.9252	4.1551919	1.245197	9.3544728	1.72871	0	0.167545	1.1264063	1.049606	0	0.075151	0.765249	0.4712017	1.377445	0.990676	0.359883	1.0577185	1.495468	12.7307452	2.893775	0.1205538	0.745144	0.040002	0.3795501	0.0563473	0	0	2.0355897
K07714	two-component system, NtrC family, response regulator AtoC	0	0	0	0	0	0.0128478	0.16023	0.04993	0	0	0.795204	0	0	0.673027	0	0	0.144879	0	0	0	0	0	0.0464767	0	0	0	0.153102	0.32652	3.06481	0	0.0515715	0	3.29499	0.266652	0	0.189059	0	0.042643	0	0	0	0.212275
K07715	two-component system, NtrC family, response regulator GlrR	0	0.273907	2.96586	0	0	0.211916	2.63974	0.0105982	0	0.137473	0	0	3.95903	4.74238	8.69215	0.245925	0.224875	0	0	0.0143824	0	0.0260803	0.125009	0.0288074	0	0	0.0188458	0.0243147	0	0	0.429242	0	4.939422	1.5439	0.203864	0.908421	0	0	0	0	0	1.79912
K07717	two-component system, sensor histidine kinase YcbA [EC:2.7.13.3]	0	0.3316305	0.1990396	0.1981473	0.157609	0	0	0	0	0	0.507862	0	0	0.134736	0	0.157292	0.0503012	0.215794	1.217417	0.0655675	0.1430502	0.2797815	0.0512853	0.138764	0.060698	0.197361	0	0.3305503	0	0.2754995	0	0	6.27206	0	0.4572653	0.390237	0.0689002	0.0704334	0	0.1428087	0	0.619469
K07718	two-component system, sensor histidine kinase YesM [EC:2.7.13.3]	53.363896	39.398525	23.00064	54.813815	34.1363091	58.378647	49.9552874	37.5364553	45.940523	17.6747419	30.665493	1.7114784	14.3251261	16.4733914	4.9297497	8.3053523	25.6272182	42.8875296	71.4453752	48.2716032	49.5586349	24.8380723	21.1618879	72.9164427	38.3194761	31.2874296	50.0762892	20.3077073	0	18.3622854	13.9009762	31.925432	18.251953	15.1387097	27.0581009	20.8123515	49.1175087	53.5345477	52.1743865	124.6488718	36.3553168	27.6983637
K07719	two-component system, response regulator YcbB	0.107554	0.285522	0.173601	0.0622979	0	0	0	0.100269	0	0.264806	0.552976	0	0	0	0	0.0500186	0	0.219441	0.711548	0.1625792	0.153412	0.064635	0	0.2141353	0.0535263	0.182178	0	0.305595	0	0	0	0.2218063	0.413007	0	0.338794	0.106088	0.0868968	0.166526	0.0579768	0.0549744	0.117358	0.2944826
K07720	two-component system, response regulator YesN	59.2884034	43.8140892	18.622367	77.7880817	52.5921197	57.765657	44.5954832	52.1425851	56.4149408	29.373288	48.8564194	5.0506327	17.966581	25.6634347	8.6894094	11.8458403	43.3625402	39.856552	44.3301976	70.750807	97.8111533	20.3212168	21.5124971	49.4175527	10.7589902	41.559357	67.4071813	7.3443079	0	22.6038359	24.4585174	47.3568646	30.5761982	57.7821804	24.5998535	36.4156628	55.4478449	52.7368363	66.666408	149.3803762	37.5266075	10.0693848
K07721	ArsR family transcriptional regulator	0	0	0.356608	0	0	0	0	1.74925	0.183107	0	0	0	0	0	0	0	0.754833	0	0	0	0	0	0	0	0	0	0	0	0	2.48994	0	0	0	0	0	0	0	0	1.82075	0	0	0
K07722	CopG family transcriptional regulator, nickel-responsive regulator	3.80622	1.365773	9.2716637	7.442094	1.37171	0.7357727	7.838469	7.6022879	0.362189	0.2322987	3.204138	0.400363	12.198541	5.18507	0.605305	2.02562	5.523647	0.0954268	0.060662	1.70331	1.49468	1.474931	1.5817709	0.4292095	2.87828	0.932741	1.92195	1.13024	6.364182	8.562437	1.5417567	0	15.2887	4.742843	0.98345	2.5839631	1.44841	1.34353	9.6228	3.53757	1.87128	2.112734
K07723	CopG family transcriptional regulator	0	0	0.0567331	0	0	0	0	0	0	0	0	0	0.0350765	0	0	0	0	0	0	0	0.826843	0	0	0.130797	0	0	0	0	0	0	0	0	0	0	0	0	0.409333	0	0	0	0	0
K07724	Ner family transcriptional regulator	0	0.0772559	6.3742434	0	0	0	1.7451952	0	0	0.5876138	2.582084	0	15.9541	13.91881	61.9052	0	0.784845	0.134633	0	0	0	0	0.190848	0	0	0	0.466749	0.452523	3.56925	0.0715305	0.0798777	0	13.762017	0.678464	0	3.29943	0	0	0	0	0	0.983078
K07726	putative transcriptional regulator	17.6466961	8.7119376	18.0841174	5.5043456	10.75899	28.060615	28.761333	31.6649829	33.7721991	20.0756394	9.08091	0.9871366	29.2993032	18.28301	49.6488478	7.6647773	23.9045504	2.4809678	2.8048847	1.1751421	0.646754	17.0408253	16.590019	15.4173168	21.45866	5.2314606	6.7168257	50.042227	3.61217	3.5555623	6.6815248	5.677062	15.1617009	6.084565	6.5883197	24.2222931	34.513997	16.5051923	6.9032036	32.3037767	39.598001	12.061853
K07727	putative transcriptional regulator	23.79973526	27.10217617	8.075693	60.7066756	66.009652	4.4314355	5.7392422	16.61602	13.051886	97.7925671	86.6787814	7.2897853	43.11102753	5.91372847	1.7648187	18.2180025	31.61260699	11.5256796	13.505857	72.6413312	22.1053374	20.70676921	20.47463413	19.2323127	1.382335	34.6051723	59.7903982	20.60023359	1.213878	22.6035603	80.7775256	26.9099852	20.3883918	19.171231	68.667095	28.6910101	40.6143491	24.7753643	58.95021441	25.94495717	4.135983	57.2756726
K07728	putative transcriptional regulator	0	0	0.148292	0	0	0	0	6.54846	0.3097657	0	0	0	0	0	0	0	5.185548	0	0	0	0	0	0	0	0	0	0	0	0	8.24153	0	0	0	0	0	0	0	0	8.29002	2.83601	0	0
K07729	putative transcriptional regulator	20.8424154	14.8244075	15.9230858	103.543222	87.0223929	27.8693998	30.30402884	59.9592358	45.5553852	289.754487	221.2746776	21.7965781	29.88675399	34.0335524	10.8146773	27.585348	127.498363	47.712223	44.6591697	131.1185207	133.3250771	26.91181188	11.2261958	70.0268465	51.08961442	78.5490634	164.17954446	60.3942433	1.1707364	45.4740139	65.2837046	142.1996526	85.9220305	144.1845163	65.350423	55.18116189	65.4988997	36.0165332	24.2407609	135.5011549	83.70831185	49.550117
K07730	putative transcriptional regulator	0	0	0.279954	0	0	0	0	1.34578	0.0808579	0	0	0	0	0	0	0	0.444434	0	0	0	0	0	0	0	0	0	0	0	0	2.32842	0	0	0	0	0	0	0	0	1.42937	0	0	0
K07732	riboflavin kinase, archaea type [EC:2.7.1.161]	0	0	0.243537	0	0	0	0	2.00694	0	0	0	0	0	0	0	0	6.907805	0	0	0	0	0	0	0	0	0	0	0	0	10.9789	0	0	0	0	0	0	0	0	9.46404	3.15861	0	0
K07733	prophage regulatory protein	0	0.00847544	0.790271	0	0.0260271	0	0.748444	0	0	0.132706	4.24867	0.21558	2.90378	3.19221	41.2634	0	0.2637649	0	0	0	0	0	0.140281	0.0242829	0	0	0.0735173	0.498936	0	0	0.144541	0	17.56202	0.905445	0	0.197779	0	0	0	0	0	1.329084
K07734	transcriptional regulator	0	0	0	0.0562992	0	0.0401492	0.288484	0	0	0	0	0	0.0646765	0	0	0	0	0	0	0	0	0	0.0524165	0.1240005	0	0	0	0	0	0	0	0	0	0	0	0.0799262	0.0363744	0	0	0	0	0
K07735	putative transcriptional regulator	0.380938	0.458497	8.535327	0.1560372	0.0334087	0.3579332	5.9300578	0.5856514	0.2550418	2.5701585	4.342971	22.5315969	9.5578195	8.263246	17.756637	17.274364	2.0076953	0.6943308	0.0938816	0.683428	0.5441339	2.5300704	1.8669897	0.626489	1.408983	4.247948	1.2544639	29.4002546	62.001568	5.0712015	1.2435973	0.9559377	24.0857898	6.1326519	0.577325	1.572361	2.7873661	1.4862874	0.249703	0.0596865	0.0473281	3.662241
K07736	CarD family transcriptional regulator	16.42974	14.3033422	6.775239	34.8262747	18.4287939	3.6955685	12.1467577	15.7470831	12.943591	7.738209	26.2149247	16.8005782	20.168049	14.1469871	5.163761	12.1428173	33.9694765	7.530397	10.105179	28.866044	46.1885696	18.986781	16.5536761	2.0259268	3.5262957	11.214897	20.7498178	11.2155355	28.521354	15.7397278	64.9526784	37.4857973	17.212149	29.8446723	34.8976821	9.0875571	20.604973	17.5843654	46.525986	18.6098348	2.7698532	19.035664
K07738	transcriptional repressor NrdR	52.8388255	36.1876757	22.786663	56.6832886	65.7114069	70.0456312	63.3141009	40.5336144	45.9634168	71.2329104	57.043494	36.5733414	69.3696854	20.2561843	23.3025491	16.5296259	26.2602434	30.4803104	44.7046927	84.0358322	46.8438512	37.43102	45.1781933	30.8231685	22.2471715	28.6550277	46.3599397	18.7073338	6.0926483	34.3993301	91.3239482	42.5381353	70.980761	34.8025984	46.5571604	16.5692434	91.0259572	91.9629904	103.3345537	93.5210242	90.996203	66.5297662
K07739	elongator complex protein 3	0	0	0.23339	0	0	0	0	1.65454	0.0410316	0	0	0	0	0	0.0451344	0	0.530046	0	0	0.0326864	0	0	0	0	0	0	0	0.0370201	0	2.38814	0.1602808	0.0471593	0	0	0	0	0	0	1.8989861	0	0	0
K07740	regulator of sigma D	0	0	5.162207	0	0	0.153967	3.1051042	0.0524774	0	0.847716	1.0911336	0.17998	9.51506	6.64534	44.3502	0	0.4785	0	0	0	0	0.104518	0.5351956	0	0	0	0.236739	0.0491997	2.43209	0	0.4323106	0	19.96102	1.094945	0	0.944305	0	0	0	0	0	1.22332
K07741	anti-repressor protein	0.059747	1.022634	0.615227	0.224035	0.297205	0	3.91705	0	0.244574	0	0	0	0.0458264	0.365092	0	0.246782	0.517497	0.0429847	0	0.136686	0	0	0	0	0.2140107	0	0	1.2950144	0	0.0186625	2.40098	0.767916	0	0	0.36067	0.2668001	4.3326	0.240167	0	0.142264	0	0.0333574
K07742	hypothetical protein	41.2472456	28.0198582	6.922648	14.7577925	24.6313536	23.0954032	21.6360928	10.8657008	17.4603596	71.3752165	49.9941087	13.2339657	10.5928903	16.7211172	6.4423975	6.3996639	10.1969095	19.264845	14.6435609	54.0141792	35.4310932	13.920888	9.1574286	32.7534074	25.7533732	18.865217	29.972772	5.7786203	32.617	11.1696661	28.060195	16.6892498	25.4604491	20.877841	22.0056358	8.7943143	28.6489624	43.2146053	55.2626883	76.9036543	67.213465	32.6105762
K07744	hypothetical protein	0	0	0.23339	0	0	0	0	1.74413	0.0820631	0	0	0	0	0	0	0	0.536282	0	0	0	0	0	0	0	0	0	0	0	0	2.61321	0	0	0	0	0	0	0	0	1.81542	0	0	0
K07746	hypothetical protein	0	0	0	0	0	0	0	0	0	0	0	0	0	0	0	0	0.104001	0	0	0.0486508	0	0	0	0.0487716	0	0	0	0.269011	0	0	0	0	0	0	0.0485935	0	0	0	0	0.0983141	0	0
K07749	formyl-CoA transferase	0	2.42415	1.47599	0	0	0	0.24643	0	0	0	0.0836914	0	2.67146	1.72697	10.2329	1.647677	0.0501585	0	0	0.473543	0	0.1868019	0.0745363	0.080337	0	0	0.9934322	0	0.139398	0	1.420628	0	3.37534	0.31806	0	0.9919571	0	0	0	0	0	0.775672
K07751	PepB aminopeptidase [EC:3.4.11.23]	0.129294	0.3971723	7.534012	0	0	0.1993608	3.769288	0.0356701	0	0.961846	4.535857	0	4.30857	4.75397	13.523	0.607356	0.398567	0.414593	0.409705	0.244369	0	0	0.1398746	0.0987361	0	0	0.0183317	1.016301	0	0	0.768826	0.0260267	10.1062746	2.1925915	0.4476438	0.861036	0	0	0	0	0	2.050152
K07754	thyroxine 5-deiodinase [EC:1.21.99.3]	0	0	0	0	0	0	0	0	0	0	0	0.0340756	0	0	0	0.0886485	0	0	0	0	0	0	0	0	0	0	0	0	0	0	0	0	0	0	0	0	0	0	0	0	0	0
K07755	arsenite methyltransferase	0.3700726	0.3013989	0	2.086596	0.2773677	0.1561354	0	0.0505307	0.3367084	0	0	0.1664737	0.3922317	0	0	0.9220453	0.123132	0.235155	0	0.161094	0	0.5615372	0.3767443	0	0	0.4106038	0.821994	0.1230624	0	0.534236	0.703267	0	0.613202	0.288848	0.1698762	0	0	0.2426295	0	0.0948531	0.246147	0.712616
K07756	inositol-hexakisphosphate 5-kinase [EC:2.7.4.21]	0	0	0	0	0	0	0	0	0	0	0	0	0	0	0	0.0728335	0	0	0	0	0	0	0	0	0	0	0	0	0	0	0	0	0	0	0	0	0	0	0	0	0	0
K07757	sugar-phosphatase	0	0.0814319	1.8917786	0	0	0.0356835	0.476061	0.0285402	0	0	1.0773445	0.0549433	3.991415	5.02903	13.46944	0	0.520256	0.02226166	0	0	0.062912	0.0379224	0.2179435	0	0	0	0.3978427	0.0551789	3.24527	0.264411	0.123055	0.0139005	7.672243	1.2682802	0	3.4861938	0	0	0	0	0	1.8011586
K07766	diphosphoinositol-polyphosphate diphosphatase	0	0	0	0	0	0	0	0	0	0	0	0.088511	0	0	0	0.1932472	0	0	0	0	0	0	0	0	0	0	0	0	0	0	0	0	0	0	0	0	0	0	0	0	0	0
K07768	two-component system, OmpR family, sensor histidine kinase SenX3 [EC:2.7.13.3]	3.12179	40.10991	8.583109	11.9575859	95.3295	0.0267485	0.1652524	10.3486	9.450725	0.274713	0.6681364	0.367	9.19589	0	0.080082	0	1.295389	6.85058	1.36034	4.3716479	0.5873814	21.8559	49.7348895	0.4547602	0.0324017	27.9563	29.498874	0	0	0	5.0033519	2.721143	1.06779	0.103691	9.4717832	1.1740212	0	0	0	0	0	0.1850798
K07770	two-component system, OmpR family, response regulator CssR	0	0	0	0	0	0	0	0	0	0	0	0	0	0	0	0	0	0	0	0	0	0	0	0	0	0	0	0	0	0	0	0	0	0	0	0	0	0	0	0.066469	0	0
K07771	two-component system, OmpR family, response regulator BasR	0	0	2.29425	0	0	0.00986019	0.7509203	0.0148296	0	0.04812408	0	0.022689	7.65505	4.2458	31.594	0	0.49656	0	0	0	0	0	0.0790602	0	0	0	0.0828663	0	0	0	0.122818	0	3.95154	1.08813	0	0.91657	0	0	0	0	0	1.46942
K07772	two-component system, OmpR family, torCAD operon response regulator TorR	0	0	2.70313	0	0	0	0.749879	0.159937	0	0.0241941	0.494943	0.0240366	5.59577	4.26764	20.8307	0	0.457662	0.0189959	0	0	0	0	0.151132	0	0	0	0.0475222	0.107505	1.60595	0	0.214823	0	8.7694	1.52675	0	1.64453	0	0.0285399	0	0	0	1.49714
K07773	two-component system, OmpR family, aerobic respiration control protein ArcA	0	0.653609	5.63971	0.0276703	0.02073428	0.1777251	3.39312	0.0466466	0	0.52560434	0.0671407	0.0420381	7.05947	7.17117	27.527	0.343514	0.31887835	0	0	0	0	0.101044	0.246049	0	0	0	0.151702	0.191202	0.430633	0.031619	0.652445	0.0449785	6.768502	1.52025	0.457653	1.73683	0	0.0108718	0	0	0	2.28383
K07774	two-component system, OmpR family, response regulator TctD	0	0.361557	0	0	0	0.270171	2.280394	0	0	0	0	0	0	0	0	0	0	0	0	0	0	0	0.0625253	0	0	0	0	0	0	0	0.138759	0	14.13951	1.576756	0	0	0	0	0	0	0	1.240415
K07775	two-component system, OmpR family, response regulator ResD	0	0	0.0784164	0	0	0	0	0	0	0	0	0	0	0	0	0	0	0	0	0	0	0	0	0	0	0	0	0	0	0	0	0	0	0	0	0	0	0	0	0.0918734	0	0
K07776	two-component system, OmpR family, response regulator RegX3	5.57916	3.6599	0.094254	7.69671	1.05996	0.774397	0.8107124	0.075135	0.1200821	0.597176	0.225016	0.708335	0.7971967	0	0	0.162148	0.228415	0.159045	0.0758275	2.3163741	1.30387	1.58507	1.84757	0.363643	2.34058	0.342005	2.547353	0.610941	0.549412	0.590339	0.7719197	0.3359819	4.28891	3.18841	0.0939763	0.1841377	1.13966	0.989086	0.945095	1.20106	1.60145	0.124009
K07777	two-component system, NarL family, sensor histidine kinase DegS [EC:2.7.13.3]	0	0	0.0534366	0	0	0	0	1.82606	1.496145	0	0	0.0942751	1.829546	0.0595676	0	0	0	3.36181	3.25404	0	0	0.156777	0	0.817823	0.373672	0.962972	0.0603616	0.21458	0	0.868049	0	0	0	0	0.504612	0.546613	0	0	1.50604	0.43806	0.716951	0.405493
K07778	two-component system, NarL family, sensor histidine kinase DesK [EC:2.7.13.3]	0.155736	0	0.0930452	0.2694603	0.1880941	0.215971	0.2172879	0	0	0.7472268	0.829154	1.50457	0	0.223378	0.0413363	0	0	0	0.113549	0.145337	0	0	0.0313635	0.3519545	0	0	0	0	0	0	0.0958533	0	0	0.1445866	0	1.8731795	0	0	0	0	0	0.93545
K07780	AraC family transcriptional regulator, transcriptional regulator required for anaerobic and stationary phase induction of genes	0	0	0	0	0	0	0	0	0	0	0	0	0	0	0	0	0	0	0	0	0	0	0	0	0	0	0	0	0	0	0	0	5.81803	0	0	0	0	0	0	0	0	0
K07781	LuxR family transcriptional regulator, capsular biosynthesis positive transcription factor	0	0.400459	0.810267	0	0	0	2.00961	0.0230925	0	0.924201	0.421926	0.0195982	0	2.077326	0.191792	0	0	0	0	0	0	0.0100791	0.368524	0.0452757	0	0	0.05444	0.0703743	3.05451	0	0.650433	0	1.9020629	0.254696	0	0	0	0	0	0	0	0.687798
K07782	LuxR family transcriptional regulator, quorum-sensing system regulator SdiA	0	0	1.32001	0	0	0.0732215	1.075544	0.0615442	0	0	0.509232	0	5.63373	2.69613	21.53761	0	0.0803149	0	0	0	0	0	0.128897	0	0	0	0.120091	0.0873231	1.05922	0	0	0	6.30792	0.6531335	0	1.36909	0	0	0	0	0	0.428349
K07783	MFS transporter, OPA family, sugar phosphate sensor protein UhpC	1.756727	1.433773	1.753783	0.323214	0	0.1035791	1.2203826	0.37242	0.068925	4.3317197	1.1757595	3.5086892	3.9760828	2.56828	18.3333	11.648477	0.6698825	0.8616643	0	0.286847	0.0762699	2.6240786	2.4319431	0.00862153	1.154723	1.906588	0.4378188	7.358007	7.81212	3.5109328	0.9982359	2.779773	6.3691543	1.1713315	0.077298	0.564103	0.0398167	1.317769	0.1444119	0.0513094	0	1.692421
K07784	MFS transporter, OPA family, hexose phosphate transport protein UhpT	0	0.349331	4.17851	0	0	0.364834	3.2352	0	0	0.431294	1.40343	0	0	2.60392	1.76056	0.584516	0.237142	0	0	0	0	0	0.251083	0	0	0	0.166213	0.18129	3.95995	0.044577	0.608537	0	5.74423	2.1025	0.466607	0.107512	0.0838633	0.106092	0	0	0	1.62866
K07786	MFS transporter, DHA2 family, multidrug resistance protein	0	0	1.15378	0	0	0.0129393	0.455779	0.0108133	0	0.0110683	0.823703	0.0102847	0.103443	0.977783	0.75354	0	0.218672	0.0687705	0	0	0	0.0115528	0.0681693	0	0	0	0.117176	0.0215213	3.17423	0.0163525	0.00914381	0.0143184	2.95236	0.44414	0	0	0	0.0758916	0	0	0	0.489042
K07787	Cu(I)/Ag(I) efflux system membrane protein CusA/SilA	0	0	0.72348	0	0	0.00767611	0.2118629	0.00986561	0	0.2403577	0.0359412	0.0090404	1.51154	1.07735	5.11195	0	0.428053	0.00806042	0	0	0	0.012009	0.0626939	0	0	0	0.0805541	0.0167939	0.36998	0	0.00709621	0.00697975	3.611382	0.334054	0	0.504529	0	0	0	0	0	0.288814
K07788	multidrug efflux pump	0	0.155057	2.144928	0.338409	0	0.2072518	1.877214	0.00821782	0	0.6122973	0.043541	0.010257	4.04997	1.406721	0.556295	0.749252	0.0269297	0.00832665	0	0	0	0.184549	0.1972412	0	0	0	0.0554302	0	0.0832357	0.0773415	0.7017268	0.0493285	3.4847068	1.3330092	0.104613	0.327956	0	0	0	0	0	1.505799
K07789	multidrug efflux pump	1.10592	0.80201	1.81337	0.320675	0	0.169085	2.03367	0	0	0.31018	0.275366	0	3.75524	2.323353	0.0280644	0.720588	0.359044	0	0	0	0	0.216313	0.2065877	0	0	0	0.091068	0.0712035	0.740989	0	0.620428	0.0524238	4.142446	1.835983	0.0729928	0.30783	0	0	0	0	0	1.27674
K07791	anaerobic C4-dicarboxylate transporter DcuA	0	0	1.68898	0	0	0.00997066	0.209479	0	0	0	0	0.00920449	2.36424	2.17689	9.81795	0	0.245303	0	0	0	0	0	0.102859	0.359691	0.0954533	0	0.150643	0	0.4439106	0.00938211	0	0	6.130758	0.17928	0	0.488601	0	0	0	0	0	0.292335
K07792	anaerobic C4-dicarboxylate transporter DcuB	0.454664	0	6.88494	0	0	0.406243	3.142814	0.1968669	0	0.3341938	0.700352	1.4644776	3.425435	5.56628	25.0525	1.744088	0.61871	0.013182	0	0	0.134602	0.4813637	0.4895937	0	0	1.57184	0.122776	1.1253657	2.523028	0.2607426	1.527439	0.117153	5.538917	1.761241	0.566888	0.756781	0	0.0756628	0.0162451	0	0	1.9773892
K07793	putative tricarboxylic transport membrane protein	2.9542147	4.20147	9.5901674	0.919584	1.64498	1.79017	3.11331	7.4853366	16.96	4.5381613	3.9332237	0.971154	2.4282196	2.0208158	0	0	1.2409209	6.0295923	9.942109	1.4623284	0.3813087	1.4094989	3.2137235	41.4856289	18.928196	13.7513429	3.38169	1.852977	0	3.4700058	0.726806	2.0881088	11.527785	2.5322112	3.5287374	1.2200798	3.2212813	7.0318943	0.372803	1.482813	23.3203209	9.6135833
K07794	putative tricarboxylic transport membrane protein	0	0	0	0	0	0	0.874658	0.121185	0	0	0	0.433383	0.72395	0	0	0	0.189775	0	0	0	0	0.0880862	1.442744	0	0	0	0.0441671	0	0	1.26838	0	0	12.780664	0.269707	0	0.323174	0	0	0	0.0944653	0	0
K07795	putative tricarboxylic transport membrane protein	0	0	0	0	0	0	0	0	0	0.131383	0	0	0	0	0	0	0	0	0	0	0	0	0	0	0	0	0	0	0	0	0	0	10.7134	0	0	0	0	0	0	0	0	0
K07796	outer membrane protein, Cu(I)/Ag(I) efflux system	0	0.461843	2.98538	0	0	0.00970442	0.2461428	0.0500515	0	0	0.330065	0	0	2.5059	12.3285	0	0.277671	0.0625196	0	0	0	0	0.0599011	0	0	0	0.0505545	0	0.848693	0	0.081041	0	5.23875	0.418897	0	0.928892	0	0.0335445	0	0	0	0.632321
K07797	multidrug resistance protein K	0	0	2.42979	0	0	0.016339	0.18649	0.0145622	0	0	0	0.0342551	8.71811	1.23056	6.50231	0	0.208771	0	0	0	0	0.0217684	0.0202903	0	0	0	0.203167	0	0.241986	0.0248867	0.0449017	0	4.62125	0.391705	0	0.798348	0	0	0	0	0	0.417337
K07798	membrane fusion protein, Cu(I)/Ag(I) efflux system	0	0.362524	1.735304	0	0	0.1440751	0.411678	0.0728023	0	0.0342107	2.032482	0	10.41125	4.277114	16.06971	0	0.450834	0.1595894	0	0	0	0.121804	0.3831162	0	0	0	0.325675	0.3510686	4.125442	0.100846	0.0672025	0	6.62246	0.985078	0	3.702496	0	0.144007	0	0	0	1.140855
K07799	membrane fusion protein, multidrug efflux system	0	0	5.6583998	0.5955	0	0.157854	1.4371448	0	0	0.0935123	1.30076	0	5.29099	3.00918	13.866541	1.578487	0.160586	0	0	0	0	0.3638797	0.2381814	0	0	0	0.341277	0	2.4497	0.1717958	0.8331967	0.0761278	4.561037	0.2185233	0.2429293	1.0284063	0	0.0880045	0	0	0	0.631736
K07800	AgrD protein	0	0	0	0	0	0	0	0	0	0	0	0.0724796	3.40065	0	0	1.92735	0	0	0	0	0	4.053058	1.9333854	0	0	28.41	17.776435	0	0	0	0	0	0	0	0	0	0.0859599	0	6.11771	0	0	0
K07803	zinc resistance-associated protein	0	0	3.32713	0.3359173	0	0.177153	1.166904	0	0	0.0103695	1.2229	0.026227	3.72123	4.38771	14.0706	0.673872	0.236401	0.0367631	0	0	0	0.1846418	0.178058	0	0	0	0.220925	0.0914537	3.30726	0.072657	0.262905	0	4.73884	0.203904	0.0681075	2.351262	0	0.097605	0	0.132	0	0.522831
K07806	UDP-4-amino-4-deoxy-L-arabinose-oxoglutarate aminotransferase [EC:2.6.1.87]	0	0	8.54222	0	0	0.3475134	2.774413	0	0	0	0.504156	0	4.67336	7.47603	19.0036	0.572334	0.709307	0.0350862	0	0	0	0.152497	0.2812457	0	0	0	0.1819908	0.168472	0.803326	0.0156084	0.5058923	0	16.4124256	0.71893	0.401903	0.910431	0	0.0244585	0	0	0	1.45018
K07808	[heparan sulfate]-glucosamine 3-sulfotransferase 2 [EC:2.8.2.29]	0	0	0	0	0	0	0	0	0	0	0	0	0	0	0	0.0598831	0	0	0	0	0	0	0	0	0	0	0	0	0	0	0	0	0	0	0	0	0	0	0	0	0	0
K07809	[heparan sulfate]-glucosamine 3-sulfotransferase 3 [EC:2.8.2.30]	0	0	0	0	0	0	0	0	0	0	0	0	0	0	0	0.0775312	0	0	0	0	0	0	0	0	0	0	0	0	0	0	0	0	0	0	0	0	0	0	0	0	0	0
K07810	Cu(I)/Ag(I) efflux system periplasmic protein CusF	0	0	4.58329	0	0	0.13756	0.7656186	0.144528	0	0	0	0	0	6.35469	23.9242	0	1.25739	0	0	0	0	0	0.089688	0	0	0	0.376023	0.136711	0	0	0.0995198	0	8.06732	0.184718	0	0	0	0	0	0	0	0.323744
K07811	trimethylamine-N-oxide reductase (cytochrome c) [EC:1.7.2.3]	0	0	1.94952	0	0	0.0355615	0.355173	0.00642466	0	0.00756388	0.0994046	0.0516862	3.1805554	1.7555315	10.5726314	0	0.0414527	0.0194303	0	0	0.0532993	0	0.02644301	0	0	0	0.08638381	0.02826399	0	0	0.133297	0	4.756747	0.994244	0	0.53142213	0	0.00941652	0	0	0	1.11194567
K07812	trimethylamine-N-oxide reductase (cytochrome c) 2	0.4448355	0.7004619	1.7898548	1.921872	0.2804722	0.2180909	0.2241517	0	0.3639074	0.25929	0.791152	0.2262865	7.975174	1.0554461	1.28222	0.4549197	0.3079395	0.1429757	0.0422276	0.382859	0.0745681	0.64306096	0.5495643	0	0	0.499843	1.09906766	0.0720159	1.7278964	0.7387743	0.181866	0	2.3892716	0.5828811	0	0.2098608	0	0.220007	0	0.066406	0.391558	0.8369892
K07813	accessory gene regulator B	0.7598305	0.5546939	4.120223	6.763897	10.3858077	13.352129	31.89371	16.824226	17.256495	10.786651	8.600775	0.674041	8.81725	2.5826831	0.0185814	1.21278	3.082716	6.5702848	9.420611	7.057263	12.70519	15.213419	13.177888	10.0838014	4.5569617	11.7567338	19.3839098	7.156583	0.0801868	5.8874664	1.4312243	4.484265	8.462516	28.65672	7.073298	1.0881942	4.922181	1.43378	2.469399	31.107842	33.776459	8.183007
K07814	putative two-component system response regulator	5.951438	5.49554	6.5305182	20.092678	10.28478	14.011002	9.3045	12.575599	14.40326	1.7052207	5.713312	0.904065	7.340724	4.4543404	1.2618136	2.9107033	11.38051	7.571047	6.251886	13.073556	30.8945391	5.5391909	5.1409614	17.1524968	16.82718	6.935982	13.044007	1.779294	0	8.8761646	5.3844154	7.401856	13.089492	3.0375941	5.7687236	12.326059	11.3075172	14.9781574	11.1245641	22.2859006	22.7804544	0.5634901
K07816	putative GTP pyrophosphokinase [EC:2.7.6.5]	75.3358676	51.711059	11.6365892	45.8141286	48.9781299	56.8753871	60.2386784	34.7336337	57.9617079	26.6795782	14.2320158	1.4225583	18.7534361	14.2851143	3.2013701	2.0648571	19.039593	30.6021973	39.538502	76.5802586	69.0743365	15.2149016	14.1851828	26.4546731	35.6544076	35.678766	68.817089	11.1308305	0.434548	16.0990772	16.6182005	34.9113993	44.9876311	29.6792847	33.69136	19.4699724	69.3337419	68.9615552	95.767426	173.70961	106.5640777	21.1819215
K07818	perforin 1	0	0	0	0	0	0	0	0	0	0	0	0	0	0	0	0.054775	0	0	0	0	0	0	0	0	0	0	0	0	0	0	0	0	0	0	0	0	0	0	0	0	0	0
K07820	beta-1,3-galactosyltransferase 2 [EC:2.4.1.-]	0	0	0	0	0	0	0	0	0	0	0	0	0	0	0	0.0581795	0	0	0	0	0	0	0	0	0	0	0	0	0	0	0	0	0	0	0	0	0	0	0	0	0	0
K07821	trimethylamine-N-oxide reductase (cytochrome c) 2, cytochrome c-type	0.0766468	0.057028	0.322859	0	0	0	0.170165	0.0170793	0	0.309507	1.471535	0	4.28564	2.24929	12.9907	0	0.0774267	0	0	0.18775	0	0	0.060405	0	0	0	0.189939	0.0187763	0.574514	0	0	0	3.773601	0.177725	0	0.544088	0	0	0	0	0	0.373786
K07823	3-oxoadipyl-CoA thiolase [EC:2.3.1.174]	0	0	0	0	0	0	0	0	0	0	0	0	0	0	0	0	0	0	0	0	0	0	0	0	0	0	0	0	0	0	0	0	9.81375	0	0	0	0	0	0	0	0	0
K07830	Ras-related protein R-Ras2	0	0	0	0	0	0	0	0	0	0	0	0	0	0	0	0.0208359	0	0	0	0	0	0	0	0	0	0	0	0	0	0	0	0	0	0	0	0	0	0	0	0	0	0
K07837	Ras-related protein Rap-2A	0	0	0	0	0	0	0	0	0	0	0	0	0	0	0	0.01316042	0	0	0	0	0	0	0	0	0	0	0	0	0	0	0	0	0	0	0	0	0	0	0	0	0	0
K07838	Ras-related protein Rap-2B	0	0	0	0	0	0	0	0	0	0	0	0	0	0	0	0.02345628	0	0	0	0	0	0	0	0	0	0	0	0	0	0	0	0	0	0	0	0	0	0	0	0	0	0
K07839	Ras-related protein Rap-2C	0	0	0	0	0	0	0	0	0	0	0	0	0	0	0	0.00425278	0	0	0	0	0	0	0	0	0	0	0	0	0	0	0	0	0	0	0	0	0	0	0	0	0	0
K07841	DIRAS family, GTP-binding Ras-like 2	0	0	0	0	0	0	0	0	0	0	0	0	0	0	0	0.0726709	0	0	0	0	0	0	0	0	0	0	0	0	0	0	0	0	0	0	0	0	0	0	0	0	0	0
K07842	DIRAS family, GTP-binding Ras-like 3	0	0	0	0	0	0	0	0	0	0	0	0	0	0	0	0.0693397	0	0	0	0	0	0	0	0	0	0	0	0	0	0	0	0	0	0	0	0	0	0	0	0	0	0
K07844	RASD family, member 2	0	0	0	0	0	0	0	0	0	0	0	0	0	0	0	0.0176988	0	0	0	0	0	0	0	0	0	0	0	0	0	0	0	0	0	0	0	0	0	0	0	0	0	0
K07846	GTP binding protein overexpressed in skeletal muscle	0	0	0	0	0	0	0	0	0	0	0	0	0	0	0	0.0263616	0	0	0	0	0	0	0	0	0	0	0	0	0	0	0	0	0	0	0	0	0	0	0	0	0	0
K07850	Ras-related on chromosome 22	0	0	0	0	0	0	0	0	0	0	0	0	0	0	0	0.0474001	0	0	0	0	0	0	0	0	0	0	0	0	0	0	0	0	0	0	0	0	0	0	0	0	0	0
K07856	Ras homolog gene family, member B	0	0	0	0	0	0	0	0	0	0	0	0	0	0	0	0.0328204	0	0	0	0	0	0	0	0	0	0	0	0	0	0	0	0	0	0	0	0	0	0	0	0	0	0
K07861	Ras-related C3 botulinum toxin substrate 3	0	0	0	0	0	0	0	0	0	0	0	0	0	0	0	0.01824492	0	0	0	0	0	0	0	0	0	0	0	0	0	0	0	0	0	0	0	0	0	0	0	0	0	0
K07862	serine/threonine transporter	10.4706069	46.8834381	23.9912701	95.905923	139.550325	89.552589	64.5518598	33.2620423	41.480226	69.4267327	55.309312	3.8940579	27.965503	27.6003542	7.9394197	4.036915	35.6379309	36.787649	29.103678	90.791335	84.3753749	40.3176803	65.7645584	77.7581838	55.5649722	54.09299	127.7275545	8.2595605	8.6461396	18.9888752	44.4340043	51.3327894	64.5921543	43.0059514	51.2808696	35.9856273	60.020939	35.7668514	34.0750902	43.9266263	60.9398153	38.567625
K07865	Ras homolog gene family, member U	0	0	0	0	0	0	0	0	0	0	0	0	0	0	0	0.0163802	0	0	0	0	0	0	0	0	0	0	0	0	0	0	0	0	0	0	0	0	0	0	0	0	0	0
K07866	Ras homolog gene family, member V	0	0	0	0	0	0	0	0	0	0	0	0.0400841	0	0	0	0.0258455	0	0	0	0	0	0	0	0	0	0	0	0	0	0	0	0	0	0	0	0	0	0	0	0	0	0
K07873	Ras homolog gene family, member H	0	0	0	0	0	0	0	0	0	0	0	0	0	0	0	0.0337912	0	0	0	0	0	0	0	0	0	0	0	0	0	0	0	0	0	0	0	0	0	0	0	0	0	0
K07889	Ras-related protein Rab-5C	0	0	0	0	0	0	0	0	0	0	0	0	0	0	0	0.0802113	0	0	0	0	0	0	0	0	0	0	0	0	0	0	0	0	0	0	0	0	0	0	0	0	0	0
K07899	Ras-related protein Rab-9A	0	0	0	0	0	0	0	0	0	0	0	0	0	0	0	0.0532449	0	0	0	0	0	0	0	0	0	0	0	0	0	0	0	0	0	0	0	0	0	0	0	0	0	0
K07911	Ras-related protein Rab-20	0	0	0	0	0	0	0	0	0	0	0	0	0	0	0	0.0609482	0	0	0	0	0	0	0	0	0	0	0	0	0	0	0	0	0	0	0	0	0	0	0	0	0	0
K07920	Ras-related protein Rab-33B	0	0	0	0	0	0	0	0	0	0	0	0	0	0	0	0.0370043	0	0	0	0	0	0	0	0	0	0	0	0	0	0	0	0	0	0	0	0	0	0	0	0	0	0
K07928	Ras-related protein Rab-40C	0	0	0	0	0	0	0	0	0	0	0	0	0	0	0	0.0338342	0	0	0	0	0	0	0	0	0	0	0	0	0	0	0	0	0	0	0	0	0	0	0	0	0	0
K07929	Ras-related protein Rab-42	0	0	0	0	0	0	0	0	0	0	0	0	0	0	0	0.11702	0	0	0	0	0	0	0	0	0	0	0	0	0	0	0	0	0	0	0	0	0	0	0	0	0	0
K07930	Ras-related protein Rab-43	0	0	0	0	0	0	0	0	0	0	0	0	0	0	0	0	0	0	0	0	0	0	0	0	0	0	0	0	0.0188105	0	0	0	0	0	0	0	0	0	0	0	0	0
K07936	GTP-binding nuclear protein Ran	0	0	0	0	0	0	0	0	0	0	0	0	0	0	0	0.00620087	0	0	0	0	0	0	0	0	0	0	0	0	0	0	0	0	0	0	0	0	0	0	0	0	0	0
K07941	ADP-ribosylation factor 6	0	0	0	0	0	0	0	0	0	0	0	0	0.00536565	0	0	0	0	0	0	0	0	0	0	0	0	0	0	0	0	0	0	0	0	0	0	0	0	0	0	0	0	0
K07945	ADP-ribosylation factor-like 4A	0	0	0	0	0	0	0	0	0	0	0	0.0609252	0	0	0	0.1658321	0	0	0	0	0	0	0	0	0	0	0	0	0	0	0	0	0	0	0	0	0	0	0	0	0	0
K07959	ADP-ribosylation factor-like 11	0	0	0	0	0	0	0	0	0	0	0	0	0	0	0	0.0492457	0	0	0	0	0	0	0	0	0	0	0	0	0	0	0	0	0	0	0	0	0	0	0	0	0	0
K07979	GntR family transcriptional regulator	41.0426922	30.764165	15.5893445	33.071785	32.5331323	30.220125	31.8574932	35.0152725	44.1219422	21.8718056	9.2750829	3.4391608	25.0247124	3.9549	0.8037352	8.117404	10.8466768	10.738909	8.6341617	22.2990366	29.0872268	27.5006312	25.4696301	9.326375	31.4294112	39.0263239	50.2796438	6.7092654	0.368664	16.2127645	10.4112894	24.977782	19.837129	17.7088103	22.5713328	8.7114491	28.9113674	20.415812	53.7243956	75.5446405	32.9229111	35.0284754
K07986	UL16 binding protein	0	0	0	0	0	0	0	0	0	0	0	0	0	0	0	0.0518304	0	0	0	0	0	0	0	0	0	0	0	0	0	0	0	0	0	0	0	0	0	0	0	0	0	0
K07991	archaeal preflagellin peptidase FlaK	0	0	0	0	0	0	0	5.26715	0.257494	0	0	0	0	0	0	0	6.06209	0	0	0	0	0	0	0	0	0	0	0	0	6.23524	0	0	0	0	0	0	0	0	6.6802	2.48321	0	0
K08000	matrix metalloproteinase-21	0	0	0	0	0	0	0	0	0	0	0	0	0	0	0	0.0480158	0	0	0	0	0	0	0	0	0	0	0	0	0	0	0	0	0	0	0	0	0	0	0	0	0	0
K08004	matrix metalloproteinase-26 (matrilysin-2, endometase)	0	0	0	0	0	0	0	0	0	0	0	0	0	0	0	0.0361523	0	0	0	0	0	0	0	0	0	0	0	0	0	0	0	0	0	0	0	0	0	0	0	0	0	0
K08014	Rap guanine nucleotide exchange factor 3	0	0	0	0	0	0	0	0	0	0	0	0	0	0	0	0.0758853	0	0	0	0	0	0	0	0	0	0	0	0	0	0	0	0	0	0	0	0	0	0	0	0	0	0
K08028	neurogenin 3	0	0	0	0	0	0	0	0	0	0	0	0.0567125	0	0	0	0	0	0	0	0	0	0	0	0	0	0	0	0	0	0	0	0	0	0	0	0	0	0	0	0	0	0
K08029	homeobox protein Nkx-2.2	0	0	0	0	0	0	0	0	0	0	0	0	0	0	0	0.0268132	0	0	0	0	0	0	0	0	0	0	0	0	0	0	0	0	0	0	0	0	0	0	0	0	0	0
K08035	forkhead box protein A2, hepatocyte nuclear factor 3-beta	0	0	0	0	0	0	0	0	0	0	0	0	0	0	0	0.064794	0	0	0	0	0	0	0	0	0	0	0	0	0	0	0	0	0	0	0	0	0	0	0	0	0	0
K08038	forkhead box protein A3, hepatocyte nuclear factor 3-gamma	0	0	0	0	0	0	0	0	0	0	0	0	0	0	0	0.0265024	0	0	0	0	0	0	0	0	0	0	0	0	0	0	0	0	0	0	0	0	0	0	0	0	0	0
K08069	pantetheine hydrolase [EC:3.5.1.92]	0	0	0	0	0	0	0	0	0	0	0	0	0	0	0	0.0475225	0	0	0	0	0	0	0	0	0	0	0	0	0	0	0	0	0	0	0	0	0	0	0	0	0	0
K08083	two-component system, LytT family, response regulator AlgR	0	0	0	0	0	0	0	0	0	0	0	0	0	0	0	0	0	0	0	0	0	0	0	0	0	0	0	0	0	0	0	0	12.535	0	0	0	0	0	0	0	0	0
K08084	type IV fimbrial biogenesis protein FimT	0.441081	0.427517	0.202399	4.84779	2.19732	1.70092	0.814772	2.34309	1.85117	0.0874245	0.363181	0.265105	0.23724	0.229416	0	0.159519	1.10169	0.488955	0.167845	1.00566	1.19278	0.115464	0.221796	1.22489	0	0.95585	1.76353	0	0	1.08969	0.225601	0.995606	0	0	0.551747	1.5789	0	0	0.971393	4.26839	0.249278	0
K08086	pilus assembly protein FimV	0	0	0	0.133986	0.0698757	0	0	0	0	0	0	0	0	0	0	0.0763214	0.0717889	0	0	0.0671645	0.0748436	0	0.0712388	0.2835	0	0	0	0.0650442	0	0	0.0672862	0.0663218	0	0	0.0745659	0.277502	0	0	0	0.0612301	0	0
K08087	fimbrial protein FimW	0	0.671813	0	0	0	0	0	0	0	0	0	0	0	0	0	0	0	0	0	0	0	0	0	0	0	0	0	0	0	0	0	0	0	0	0	0	0	0	0	0	0	0
K08088	fimbrial protein FimY	0	0.394369	0.0792462	0	0	0	0.188507	0	0	0.931047	0	0	0	0	0	0	0	0	0	0	0	0	0.0868407	0	0	0	0	0	0	0	0	0	0	0.0596178	0	0	0	0	0	0	0	0.164197
K08092	3-dehydro-L-gulonate 2-dehydrogenase [EC:1.1.1.130]	0	0.37263	2.86672	0	0	0	2.130502	0.0836328	0	0	0.669285	0	5.94578	4.24919	26.8091	0	0.346915	0	0	0	0	0.0214995	0.0869942	0	0	0	0	0.186629	1.38868	0	0.34322	0	4.59137	1.51299	0	1.55313	0	0	0	0	0	0.917139
K08093	3-hexulose-6-phosphate synthase [EC:4.1.2.43]	0.606865	0.568606	1.1516488	5.8311362	2.499538	2.97301	0.881913	3.24865	1.9502567	0.229927	0.724404	0.616912	0.169867	0.124567	0	0.464009	1.44509	0.783165	0.295107	1.48033	1.8929	0.268691	0.412903	3.352674	0.565325	0.996488	3.60249	0	0	4.083697	1.528143	0.730689	0.05108	0.0708665	0.503721	3.341438	0.0889854	0	2.860285	5.0566266	0.410518	3.1877567
K08094	6-phospho-3-hexuloisomerase [EC:5.3.1.27]	1.157323	0.460458	1.414406	11.302625	5.053806	6.15977	1.864712	5.45566	3.9737375	0.5467927	1.194345	1.652706	0.31518	0.412954	0.0573707	1.3183899	2.274247	1.585795	0.81983	3.746775	4.42268	0.560464	0.932327	7.4080955	0.803837	2.218974	6.31763	0.062234	0	5.18014	5.247347	2.1547237	0.1095874	0	1.0060736	3.016463	0.1419292	0	4.07746	11.15475	1.0380898	2.900111
K08096	GTP cyclohydrolase IIa [EC:3.5.4.29]	0	0	0.193884	0	0	0	0	6.92988	0.337017	0	0	0	0	0	0	0	5.594891	0	0	0	0	0	0	0	0	0	0	0	0	9.10967	0	0	0	0	0	0	0	0	8.80969	5.33568	0	0
K08097	phosphosulfolactate synthase [EC:4.4.1.19]	0	0	0.258233	0	0	0	0	1.65032	0.0852394	0	0	0	0	0	0	0	0.574311	0	0	0	0	0	0	0	0	0	0	0	0	2.9849	0	0	0	0	0	0	0	0	1.35614	0	0	0
K08098	phosphatidylinositol glycan, class Z [EC:2.4.1.-]	0	0	0	0	0	0	0	0	0	0	0	0	0	0	0	0.1210926	0	0	0	0	0	0	0	0	0	0	0	0	0	0	0	0	0	0	0	0	0	0	0	0	0	0
K08103	heparan sulfate 6-O-sulfotransferase HS6ST3 [EC:2.8.2.-]	0	0	0	0	0	0	0	0	0	0	0	0	0	0	0	0.0178494	0	0	0	0	0	0	0	0	0	0	0	0	0	0	0	0	0	0	0	0	0	0	0	0	0	0
K08104	[heparan sulfate]-glucosamine 3-sulfotransferase 5 [EC:2.8.2.23]	0	0	0	0	0	0	0	0	0	0	0	0	0	0	0	0.0626261	0	0	0	0	0	0	0	0	0	0	0	0	0	0	0	0	0	0	0	0	0	0	0	0	0	0
K08105	dermatan 4-sulfotransferase 1 [EC:2.8.2.35]	0	0	0	0	0	0	0	0	0	0	0	0	0	0	0	0.0376545	0	0	0	0	0	0	0	0	0	0	0	0	0	0	0	0	0	0	0	0	0	0	0	0	0	0
K08106	N-acetylgalactosamine 4-sulfate 6-O-sulfotransferase [EC:2.8.2.33]	0	0	0	0	0	0	0	0	0	0	0	0	0	0	0	0.0297817	0	0	0	0	0	0	0	0	0	0	0	0	0	0	0	0	0	0	0	0	0	0	0	0	0	0
K08110	glypican 4	0	0	0	0	0	0	0	0	0	0	0	0	0	0	0	0.0355839	0	0	0	0	0	0	0	0	0	0	0	0	0	0	0	0	0	0	0	0	0	0	0	0	0	0
K08111	glypican 5	0	0	0	0	0	0	0	0	0	0	0	0	0	0	0	0.0371589	0	0	0	0	0	0	0	0	0	0	0	0	0	0	0	0	0	0	0	0	0	0	0	0	0	0
K08115	chondroitin sulfate proteoglycan 4	0	0	0	0	0	0	0	0	0	0	0	0	0	0	0	0.0760717	0	0	0	0	0	0	0	0	0	0	0	0	0	0	0	0	0	0	0	0	0	0	0	0	0	0
K08116	chondroitin sulfate proteoglycan 5 (neuroglycan C)	0	0	0	0	0	0	0	0	0	0	0	0	0	0	0	0.0912319	0	0	0	0	0	0	0	0	0	0	0	0	0	0	0	0	0	0	0	0	0	0	0	0	0	0
K08122	lumican	0	0	0	0	0	0	0	0	0	0	0	0	0	0	0	0.0550273	0	0	0	0	0	0	0	0	0	0	0	0	0	0	0	0	0	0	0	0	0	0	0	0	0	0
K08137	MFS transporter, SP family, galactose:H+ symporter	0	0.326709	3.0864	0	0	0.289816	3.31546	0.00894341	0	0.373656	0.480586	0	2.09044	5.43796	10.1536	0.270221	0.413999	0.0154897	0	0	0	0	0.141697	0	0	0	0.135515	0.113871	1.05369	0	0.475241	0	4.59714	1.73045	0.16674	0.473776	0	0.0119061	0	0	0	2.06367
K08138	MFS transporter, SP family, xylose:H+ symportor	0.117949	0.173559	1.2307	0	0	0	0.148327	0	0	0	0	0.632832	3.221649	1.2291	8.60961	1.35995	0.151654	0	0	0	0	0.52968	0.445	0	0	0.0717108	0.071355	0.140911	0	1.94896	0.10301	0	0.137114	1.00994	0	0.289516	0	0.222647	0	0	0	0.1066
K08147	MFS transporter, SP family, solute carrier family 2 (facilitated	0	0	0	0	0	0	0	0	0	0	0	0	0	0	0	0.0449851	0	0	0	0	0	0	0	0	0	0	0	0	0	0	0	0	0	0	0	0	0	0	0	0	0	0
K08149	MFS transporter, SP family, solute carrier family 2 (facilitated	0	0	0	0	0	0	0	0	0	0	0	0	0	0	0	0.0515678	0	0	0	0	0	0	0	0	0	0	0	0	0	0	0	0	0	0	0	0	0	0	0	0	0	0
K08151	MFS transporter, DHA1 family, tetracycline resistance protein	0	0	0	0	0	0	0	0	0	0	0	0	0	0	0	0	0	0	0	0	0	0	0	0	0	0	0	0	0	0	0	0	0	0	0	0	0	0	0	0	0	0.171725
K08152	MFS transporter, DHA1 family, multidrug resistance protein B	0	0	0	0.17315	0	0.914275	4.67722	0	0	0.387089	0	0	0	0	0	0	0	0	0	0	0	0	1.341324	0	0.650603	0	0.0555962	0.0385012	0	0.208766	0	0	0	0.0509854	0	0.0756404	0	0.253932	0	0	0	0.526277
K08153	MFS transporter, DHA1 family, multidrug resistance protein	0.13415	0.22153	0.273115	0	0.193156	0.82123	0	0.146619	0	0.81419	0.490679	0	0	0.237723	0	0	0.378521	0.182398	1.1162	0.8794415	0.167211	0.875006	2.481628	0.0675079	0.4808776	0.111442	0.2686209	0.4230769	0	0.127025	0	0.3214075	0	0.0373732	0.44116	1.0017024	0.0451497	0.16914	0.0480588	0.0536263	0	1.1676511
K08154	MFS transporter, DHA1 family, 2-module integral membrane pump EmrD	0	0.253265	2.14895	0	0	0.0891817	0.352843	0.0766627	0	0.00778074	1.49864	0.0140823	0.418969	1.07388	0	0	0.275678	0.0587313	0	0	0	0	0.0626473	0	0	0	0.157902	0.112803	4.21271	0.0264095	0.0193668	0.0106326	8.805075	0.702194	0	0	0	0.0255291	0	0	0	0.598331
K08156	MFS transporter, DHA1 family, arabinose polymer transporter	1.047352	1.040892	4.26482	6.98572	18.86661	33.0394447	14.1550627	0.2651299	0.0772482	2.2506712	0.3096496	5.41037	18.194861	1.47071	0.7297359	3.001676	0.898377	1.720263	0.311119	24.614122	0.217465	18.5546959	19.3709826	0	0	1.5539834	2.1729047	0.151166	0.124992	2.4121054	23.063324	9.255952	22.520064	1.5387975	1.14163	1.0076451	32.0321	13.351349	14.7776645	0.574784	28.91242	11.5343009
K08159	MFS transporter, DHA1 family,	9.16175	10.283711	8.4428858	34.309494	18.7288	0.1822068	1.277971	11.7909195	9.862508	4.59718	8.065672	2.07806	21.69776	7.420493	1.043714	3.837881	22.3183218	2.7962985	1.96135	23.951	13.6433	16.504374	16.1838388	0	0	10.8844	21.6399046	8.1523332	2.277779	10.629555	64.704807	18.4280629	19.0419472	4.6870332	24.3821268	8.7664334	19.8276	12.0235924	44.53363	19.599157	0	19.8605147
K08160	MFS transporter, DHA1 family, multidrug/chloramphenicol efflux	0	0.333848	2.4551	0	0	0.0236955	1.850832	0.0569838	0	0.01981458	0.560717	0.0262958	6.099148	4.49783	18.3654	0	0.627304	0.0227862	0	0	0	0.025743	0.1070094	0	0	0	0.0854841	0.0815472	1.260362	0	0	0	6.06697	0.562814	0.0399337	1.736961	0	0.01590624	0	0	0	0.941186
K08161	MFS transporter, DHA1 family, multidrug resistance protein	0	0.320709	5.86886342	1.4733694	0.161191	0.1892371	2.296379	0.321838	0	0.00972201	0.36414799	0	6.0504123	18.389267	20.682372	1.9149533	0.5939268	0.02283879	0.141142	0.0407727	0.410166	0.0117447	0.2313362	0	0	0.277224	0.264748	0.2746195	2.9493871	0.16443553	1.9516645	0.446182	11.9081466	1.48601708	0.5856536	3.6626856	0	0.0158245	0	0	2.62192	2.57058213
K08162	MFS transporter, DHA1 family, multidrug resistance protein	0	0.36702	2.726467	0	0	0.2456345	2.17649	0.012643	0	0	1.167392	0	0.344821	2.597014	0.325534	0.142121	0.13037	0.0222662	0	0	0	0.0195672	0.0876402	0	0	0	0.0755208	0.1848441	3.01712	0.0334801	0.395542	0	8.061762	1.525173	0.14702	0.0858583	0	0	0	0	0	1.588358
K08163	MFS transporter, DHA1 family, multidrug resistance protein	0	0.265071	7.46835	0	0	0.3574374	3.4459936	0.0687424	0	0.190141	0.793314	0	5.85193	3.67342	15.049	0.438793	0.5379637	0	0	0	0	0.0415178	0.2976381	0	0	0	0.276657	0.243841	1.46189	0	0.5522115	0	9.320636	1.462402	0.462323	2.33449	0	0.0428092	0	0	0	1.3191676
K08164	MFS transporter, DHA1 family, chloramphenicol resistance protein	0	0	0.029196	0	0	0	0	0	0	0	0	0	0	0	0	0	0	0	0	0	0	0	0	0	0	0	0	0	0	0	0	0	0	0	0	0	0	0	0	0.0684126	0	0
K08166	MFS transporter, DHA2 family, methylenomycin A resistance protein	0	0	0	0	0	0	0	0	0	0	0	0	0	0	0	0	0	0	0	0	0	0	0	0.0534215	0	0	0	0	0	0	0	0	0	0	0	0	0	0	0	0	0	0
K08167	MFS transporter, DHA2 family, methyl viologen resistance protein	0	0.0384636	2.3749323	0.3536	0	0.142961	1.181964	0	0	0.1102501	0	0	0	0	0	1.121914	0.0760644	0	0	0	0	0.234339	0.1012453	0	0	0	0	0	0	0.155737	0.7644	0	0	0.4349529	0.4807533	0	0	0	0	0	0	0
K08168	MFS transporter, DHA2 family, metal-tetracycline-proton antiporter	3.58619	43.969	11.4054267	14.12587	99.96631	35.380703	14.973462	14.79832	11.725456	0.125794	0	2.390069	6.205819	0.0521559	0.036749	0.4291085	0.4456214	3.4246459	0.836395	30.9309552	0.885523	24.398187	67.31482	0	0	3.17329	5.59015	0	0	1.0000661	28.89946	8.0313492	19.215405	0.921672	9.3522693	0.61485	34.927032	14.3641	16.3303	0.8246042	26.3092709	3.0296683
K08169	MFS transporter, DHA2 family, multidrug resistance protein	0.747942	0.666665	0.593472	0	0	0.0122297	0.457178	0.1497154	0.0923427	1.9439742	0.622932	0.773115	4.299599	2.21225	13.5293	0.67599	0.119429	0.2001418	0	0	0	0.9405281	0.6782097	0.0146996	0	0.78747	0.260671	0.138636	0.90053	0.185528	0.2313969	0.84451	7.004456	0.2707819	0	0.627285	0	0.0172718	0	0	0	0.493314
K08170	MFS transporter, DHA2 family, multidrug resistance protein	0	0	0	0	0	0	0	0	0	0	0	0	0	0	0	0	0	0	0	0	0	0	0	0	0	0	0	0	0	0	0	0	0	0	0	0	0.2012677	0.0997423	0	0	0	0
K08172	MFS transporter, MHS family, shikimate and dehydroshikimate	0	0.123927	0.981817	0.0310182	0	0	1.05659	0.0528821	0	0.42918	0.157916	0	2.24959	0.901936	2.59121	0	0.286959	0	0	0	0	0	0.130031	0	0	0	0.15882	0.0273508	0.304875	0.0265229	0.299807	0	9.37095	0.626326	0	0.672226	0	0.011362	0	0	0	1.60197
K08173	MFS transporter, MHS family, metabolite:H+ symporter	0	0	1.01389	0	0	0.0428633	0.0661635	0	0	0	0.00985476	0.0101203	0.909354	0.703688	3.46407	0	0.0114396	0	0	0	0	0.0102236	0.00808743	0	0	0	0.0123416	0.0170444	0.0288101	0.0127446	0.04651446	0	3.2479	0.108428	0	0.262696	0	0	0	0	0	0.163908
K08174	MFS transporter, FHS family, glucose/mannose:H+ symporter	0	0	0.0361776	0	0	0	0	0	0	0	0	0	0	0	0	0	0	0	0	0	0	0	0	0	0	0	0	0	0	0	0	0	0	0	0	0	0	0	0	0	0	0
K08177	MFS transporter, OFA family, oxalate/formate antiporter	7.500725	45.1636719	16.283896	15.0632081	18.5010828	41.5854972	18.4932031	0.2982473	0.1464133	1.9574425	1.5593219	4.6487928	28.896719	2.4209452	14.5453312	2.7087014	1.4576088	3.147532	1.3355311	36.6289086	2.099634	14.323268	32.8293907	21.9346034	2.796745	11.956534	10.35872	0.6994426	3.835019	1.4890817	32.4154971	9.7255964	35.8726848	5.4605197	14.2060031	3.7869053	35.5302908	16.669325	17.275143	1.786377	31.9980518	5.9810466
K08179	MFS transporter, MCP family, solute carrier family 16	0	0	0	0	0	0	0	0	0	0	0	0	0	0	0	0.0827227	0	0	0	0	0	0	0	0	0	0	0	0	0	0	0	0	0	0	0	0	0	0	0	0	0	0
K08183	MFS transporter, MCP family, solute carrier family 16	0	0	0	0	0	0	0	0	0	0	0	0	0	0	0	0.0407679	0	0	0	0	0	0	0	0	0	0	0	0	0	0	0	0	0	0	0	0	0	0	0	0	0	0
K08185	MFS transporter, MCP family, solute carrier family 16	0	0	0	0	0	0	0	0	0	0	0	0	0	0	0	0.0423148	0	0	0	0	0	0	0	0	0	0	0	0	0	0	0	0	0	0	0	0	0	0	0	0	0	0
K08189	MFS transporter, MCP family, solute carrier family 16	0	0	0	0	0	0	0	0	0	0	0	0	0	0	0	0.0647977	0	0	0	0	0	0	0	0	0	0	0	0	0	0	0	0	0	0	0	0	0	0	0	0	0	0
K08190	MFS transporter, MCP family, solute carrier family 16	0	0	0	0	0	0	0	0	0	0	0	0	0	0	0	0.0169616	0	0	0	0	0	0	0	0	0	0	0	0	0	0	0	0	0	0	0	0	0	0	0	0	0	0
K08191	MFS transporter, ACS family, hexuronate transporter	0.794636	0.901273	4.3538	0	0	0.3914832	3.3894798	0.137481	0.0950002	1.04728	0.102382	0.613262	6.015283	2.57089	21.8623	1.062521	0.2978856	0.16346	0	0	0	0.556221	0.840812	0	0	0.639092	0.1747739	0	0.0491886	0.2581696	0.5908341	0.66674	6.1699637	1.5566929	0.495553	0.69002	0	0	0	0	0	1.66073
K08194	MFS transporter, ACS family, D-galactonate transporter	0	0	1.8246823	0	0	0.0132361	0.960052	0.0154636	0	0.010033	0.319561	0.0201016	3.2382	1.76762	5.46579	0.0972888	0.107801	0	0	0	0	0.0225616	0.0991772	0.00905185	0	0	0.0210196	0.0248645	0.263252	0.0118299	0.16812	0.0136184	1.481201	0.403751	0.134656	0.55151	0	0	0	0.0831292	0.0513321	0.276765
K08195	MFS transporter, AAHS family, 4-hydroxybenzoate transporter	0	0	0.288942	0	0	0	0.489441	0	0	1.06501	0	0	0	0	0	0	0	0	0	0	0	0	0	0	0	0	0	0	0	0	0.290538	0	17.9339055	0.0922424	0	0.0770796	0	0	0	0	0	0.270039
K08217	MFS transporter, DHA3 family, macrolide efflux protein	5.6882372	43.419653	8.456681	56.303071	102.9959729	8.170649	7.5047633	11.952062	12.978609	0.438604	0.853187	3.9487271	21.420776	17.2722569	2.132981	2.512607	5.05623	17.579604	18.3019594	4.0090352	3.117297	25.749492	45.4463333	4.95332	10.4226	29.485505	26.94457	5.990253	0	6.246808	4.715299	3.408934	4.3640489	5.7410179	15.064244	88.872	4.788814	5.949634	1.7394277	2.9429985	18.037274	2.953016
K08218	MFS transporter, PAT family, beta-lactamase induction signal transducer AmpG	0.318328	1.181173	2.109691	0.0767744	0	0.6254495	2.814484	0.9897313	0.2409557	4.8749279	4.239661	20.6017358	5.8367993	1.517271	2.302866	11.70164	1.2074745	0.6820084	0.212543	0.865527	0.589369	3.3610992	1.3133355	0.9015743	1.553995	2.610058	1.227977	30.096382	59.839319	2.604559	0.16719284	1.213449	20.9946887	5.58208	0.1268264	0.371336	2.9341413	3.0495761	0.143694	0	0	1.210161
K08219	MFS transporter, UMF2 family, putative MFS family transporter	0	0.262392	0.814394	0	0	0	0.307153	0	0	0.0188673	0.1691	0.0166	4.33117	2.92823	16.5047	0	0.369893	0	0	0	0	0.0259738	0.0579071	0	0	0	0	0.150259	0.27933	0.0103701	0	0	2.98762	0.451257	0	0.910583	0	0	0	0	0	0.44305
K08221	MFS transporter, ACDE family, multidrug resistance protein	0	0	0	0.509066	0	0	0	0	0	0	0	0	0	30.6735	0	0	0	0	0	0	0.105739	0	0	0.035235	0	0	0	0	0	0.075326	0	0	0	0	0.0720804	2.9846	0	0	0.0724819	0.0384956	0.2646802	0.14106
K08222	MFS transporter, YQGE family, putative transporter	0.068846	0.795881	0.0525527	0	0	0.113089	0.3875332	0.118817	0	0.599859	0.331156	1.98671	0.283921	0	0	2.26702	0.124044	0.148242	0.0485506	0.309477	0.132607	0.322429	0.0589862	0	0	0.526207	0	0	0.150431	0.27359	0	0.603391	0.8037	0.637798	0.0932577	0	0.0772326	2.61245	0.0530375	0.0769641	0.0597459	0.129273
K08223	MFS transporter, FSR family, fosmidomycin resistance protein	0.9236249	1.180276	3.138789	0.583305	0	0.06804231	2.34872419	0.74024106	0.0662973	8.7558212	3.3025839	2.061378	6.688232	4.8505	9.2346169	2.363589	1.0572309	0.643167	1.5283798	0.57242	0.0459357	1.56910864	1.941864	0	0.276507	1.885815	0.1485806	4.2608757	0.107409	1.6204186	1.001722	0.7284143	4.7998876	1.8487162	0.296999	1.66771	0.82813	0.2162365	0.0640843	0	0	3.2978123
K08224	MFS transporter, YNFM family, putative membrane transport protein	0.20099	0.247525	4.024444	0	0	0.0714143	0.080279	0.0932932	0	0.1072222	0.0979731	2.58818	8.801745	4.15864	12.81795	0	0.418887	0	0	0	0	0.4267645	0.0273382	0	0	0	0.2225047	0.047703	0.776691	0.165554	0.0868165	0.8741242	1.60878	0.283225	0	1.428314	0	0	0	0	0	0.4933154
K08225	MFS transporter, ENTS family, enterobactin (siderophore) exporter	0	0.123146	3.1334762	0.01375822	0	0.070749	0.9785678	0	0	0.04139507	0	0	6.185337	2.844883	14.024449	0	0.417987	0.0709632	0	0	0	0.0543238	0.3115284	0	0	0	0.126766	0.03405164	1.9642492	0.034177	0.2667877	0.0540478	7.7155907	1.7428804	0	1.637287	0	0.0501601	0	0	0	1.5232913
K08227	MFS transporter, LPLT family, lysophospholipid transporter	0	0.302161	5.108426	0	0	0.1769233	1.950473	0.0189174	0	0.0129668	0	0.00760509	4.20656	6.06329	13.0409	0.347324	0.349066	0.0355409	0	0	0	0.0875481	0.1741793	0.0342289	0	0	0.0741511	0.0569581	0	0.07172772	0.5937544	0	3.7714776	2.146827	0.365948	1.1031572	0	0.0130976	0	0	0	2.129516
K08234	glyoxylase I family protein	1.27345	0.19314	11.336174	3.0650515	7.385404	3.08791	16.2604843	20.555708	28.4326	14.0131689	2.243674	2.4286746	17.2468885	12.10961	42.2410559	0.268281	2.572429	9.738136	17.953306	1.010463	1.44698	0.138933	0.9187005	9.2780617	0.299043	3.48223	2.389482	4.837893	9.4777	5.6884841	24.8881997	12.82658	13.42387	2.331888	14.093032	2.5678115	15.827111	11.06102	1.0550082	16.759334	8.178545	12.571236
K08239	UDP-N-acetylglucosamine-lysosomal-enzyme [EC:2.7.8.17]	0	0	0	0	0	0	0	0	0	0	0	0	0	0	0	0.0523604	0	0	0	0	0	0	0	0	0	0	0	0	0	0	0	0	0	0	0	0	0	0	0	0	0	0
K08251	alpha 1,4-N-acetylglucosaminyltransferase	0	0	0	0	0	0	0	0	0	0	0	0.043267	0	0	0	0.0455791	0	0	0	0	0	0	0	0	0	0	0	0	0	0	0	0	0	0	0	0	0	0	0	0	0	0
K08255	CoA-disulfide reductase	0	0	0	0	0	0	0	0	0	0	0	0	0	0	0	0	0	0	0	0	0	0	0	0	0	0	0	0	0	0	0	0	0	0	0	0	0.0515612	0	0	0	0	0
K08256	phosphatidylinositol alpha-mannosyltransferase	0	1.86805	0	0	0	0	0	0	0	0	0	0	0	0	0	0	0	0	0	0.28704	0	0	0	0	0	0	0.507899	0	0	0	0.0514467	0	0	0	0	0	0	0	0	0	0	0.0557864
K08258	staphopain	0.0356979	0	0	2.05325	0	0	0	0	0	0	0	0	0	0	0	0	0	0	0	0	0	0	0	0	0	0	0	0	0	0	0	0	0	0	0	0	0	0	0	0	0	0
K08259	lysostaphin	0	0	0	0	0	0	0	0	0	0	0	0	0	0	0	0	0	0	0	0	0	0	0	0	0	0	0	0	0	0	0	0	0	0	0	0	0.150242	0	0	0	0	0
K08276	ecotin	0	0	2.51834	0	0	0.099011	1.4308047	0	0	0	0.271812	0	2.00774	2.27859	13.592	0	0.162904	0	0	0	0	0	0.0719864	0	0	0	0.2449004	0.196799	0.905473	0	0.0532518	0	12.49972	0.4193354	0	0.935497	0	0	0	0	0	0.3124196
K08277	transcriptional activator CaiF	0	0	6.33146	0	0	0.148276	0.300797	0	0	0	0.842783	0.0244408	11.7258	8.10882	49.4622	0	1.18659	0	0	0	0	0.0235603	0	0	0	0	0.174828	0	1.61645	0	0	0	7.44989	0.630271	0	2.39899	0	0	0	0	0	1.15853
K08279	carnitine operon protein CaiE	0	0.108469	2.95475	0	0	0.1141658	0.833203	0.1199484	0	0.0863922	1.7237879	0.11439	5.0894336	4.86979	20.961645	0	0.317758	0.078765	0	0	0	0	0.1674782	0.0336215	0	0	0.487615	0.0502837	2.76836	0.0627717	0.26483	0	11.33962	2.08901	0	1.2868529	0	0.0796775	0	0	0	1.8277296
K08281	nicotinamidase/pyrazinamidase [EC:3.5.1.19 3.5.1.-]	9.3514	0.6161779	9.8013567	3.893028	5.785227	16.4527	6.599866	3.8301107	0.473801	0.622834	0.2421333	0.311992	14.250409	3.14867	7.78187	1.9376244	1.440134	1.822092	1.448952	1.7026828	0	12.9684457	10.2400689	0.0320318	0	2.938262	4.328767	2.4945	2.50026	0.78748	2.9489441	2.98181	5.311808	0.697071	1.6200052	1.453729	7.47135	2.69143	0	0	7.000443	10.7224291
K08282	non-specific serine/threonine protein kinase	0.943154	0.515736	0	0.26244	0	0	0	0	0	0	0	0.179924	0.223659	0.0736396	0	0.597583	0.25183	0	0	0	0	0.279119	0.147802	0	0	0	0	0	0	0.0944597	0.186432	0.057108	0.208687	0.417325	0.0719421	0.908476	0	0	0	0.253065	0	0
K08289	phosphoribosylglycinamide formyltransferase 2 [EC:2.1.2.2]	9.6361277	35.3302891	13.84415	11.255194	83.520047	29.92830815	16.0978956	11.5240266	9.7999511	11.978284	6.871976	32.463473	19.340461	3.0351069	1.5449359	32.090432	3.129107	9.5043289	2.7100283	25.932316	1.531848	29.9686346	53.919005	0.5412734	7.3772235	31.533248	27.778447	33.596662	58.319779	7.864484	25.4102505	13.206253	36.876066	6.526818	9.2366089	1.294861	35.472868	19.048465	12.8959364	1.2699857	21.3590494	6.7191511
K08296	phosphohistidine phosphatase	8.59742	2.320291	5.537322	2.283598	2.23202	16.6971951	6.5116476	3.755571	0.318081	0.9942477	1.18837	0.206069	8.10551	5.68418	26.3587	1.23686	1.46657	1.001864	0.69003	1.416281	0	0.807433	2.2699958	0.0369703	0	1.299849	2.509253	2.566624	6.1246179	0.840585	2.426151	3.1342708	10.664326	1.00605	0.296802	4.650429	7.69004	3.25111	0.180327	0	0.479944	4.6801
K08297	crotonobetainyl-CoA dehydrogenase	0.0931876	0.245772	2.3340707	0	0.0762167	0.2098457	0.9160209	0.0132685	0	0.0065721	0.262916	0	4.7141143	2.7413872	15.923192	0.149757	0.4133284	0.233297	0.642655	0.411281	0.25916	0.49462861	0.2002971	0	0	0.152023	0.310493	0.224042	1.17325	1.46904	0.508826	0.118421	5.1915896	1.963461	0.0344265	1.04215	0	0	0	0.218257	0.914915	1.95540401
K08298	crotonobetainyl-CoA:carnitine CoA-transferase	7.05805	2.0834261	3.05796	11.477952	1.6509108	0.695836	1.467286	0.0518289	0.1661854	0.623164	0.499366	0.9194025	11.7166764	4.52238	18.5117	0.5389148	0.6066603	0.5308473	0.1460272	2.716648	2.142979	1.966513	2.7135767	0.414358	4.71359	0.625779	2.729461	1.8066959	1.703009	0.989602	1.590137	0.5561137	13.427795	6.15817	0	0.406341	2.078188	1.029804	1.524362	1.7284983	2.66324	1.627615
K08299	carnitinyl-CoA dehydratase	0.0950521	0.942355	1.76928	0.0703459	0.162887	0.0527747	1.262339	0.0415859	0.0551949	0	2.023902	0	0.385494	1.68168	0.153099	0.0706004	0.3340984	0.4010565	0.620697	0.466955	0.263087	0.4417256	0	0	0	0.0947618	0.2354156	0.2679935	3.482457	1.25093	0.549211	0.0813487	7.6850045	2.234969	0	0.0207163	0	0.110496	0.127452	0.1833613	0.801138	1.985621
K08300	ribonuclease E [EC:3.1.26.12]	4.707993	3.060161	4.042669	3.658693	9.573746	29.0325881	13.08302	1.4932732	0.176873	0.3721699	1.0523308	0.9921564	3.344165	0.4193807	0	1.3840681	0.7256838	1.1900668	0.506938	13.9592751	0.156254	2.070723	6.6973158	0.0678801	0	0.957351	2.208068	1.1206479	2.82175	0.3398456	16.595177	5.395693	14.970943	1.220825	1.0655918	0.4506393	19.9744346	8.37407	8.74303	0.490181	13.175002	3.341964
K08301	ribonuclease G	7.589101	5.218965	14.0580045	3.3009974	9.573746	31.5106451	23.786576	8.40030372	7.44189	6.4744639	17.2257262	13.2991644	16.20038	10.755283	4.607327	13.4715721	15.17311	2.7524586	1.6671864	22.0356468	30.482756	5.8797565	8.8464551	0.1063864	0	4.266097	3.410525	4.1588877	5.89741	4.8801684	28.0929713	25.779976	30.7793773	20.9997248	8.6847523	6.561289	20.7553362	12.963264	20.3287659	7.932901	23.159268	5.915193
K08302	tagatose 1,6-diphosphate aldolase GatY/KbaY [EC:4.1.2.40]	1.7460096	5.494183	8.3732311	34.0458964	27.0464182	19.781817	17.281844	9.1754	13.03572	2.131992	4.370095	0.538951	5.158425	4.071076	5.0328692	1.849118	8.52327	9.60164	12.11718	8.72936	8.3201	7.507783	6.0139999	18.6367	5.16615	7.94106	29.3628203	0.4765161	0.0551517	6.919348	3.8276892	11.5320167	2.9084072	1.5168417	9.86951	3.041333	29.74578	34.4321	31.83182	28.299485	65.48541	1.9449239
K08303	putative protease [EC:3.4.-.-]	17.2580537	49.9425997	36.0516146	42.5520854	127.669064	45.2786974	55.8347191	65.0282276	68.501805	75.5521163	64.41375149	13.3585975	55.2177205	31.5498281	36.6325763	14.9259827	28.0732112	40.84704509	49.454003	57.8723442	47.4470732	39.4440642	76.44407	25.9990668	4.81338311	45.6971044	40.6933145	31.968225	20.8188361	23.1979892	49.80101215	49.70318906	49.5300989	34.30395886	43.7668832	20.4685524	66.1911417	30.1970202	36.4684068	37.5463971	56.115145	33.4057986
K08304	membrane-bound lytic murein transglycosylase A	0	0	4.04653	0.333062	0	0.128824	0.242838	0.0110927	0	0.0119397	1.13398	0.0144732	2.54705	2.2564	11.7851	0.60168	0.106799	0.0824415	0	0	0	0.184344	0.0823948	0.0144289	0	0	0.117953	0.17646	2.57562	0.1473268	0.3032123	0.110045	3.915227	0.240688	0	0.39543	0	0	0	0	0	0.0458437
K08305	membrane-bound lytic murein transglycosylase B	0	0.117624	1.27765	0.304462	0	0.0240642	0.550461	0.0298297	0	0.0447734	0.0858532	0.0202193	0	0.197605	0	0.57092	0.144287	0	0	0	0	0.256098	0.1294846	0	0	0	0.0215651	0.182115	3.69244	0	0.490369	0	16.58783	1.66435	0	0	0	0	0	0	0	1.5034235
K08306	membrane-bound lytic murein transglycosylase C	0	0.407241	4.727053	0.379414	0	0.224124	3.6455247	0	0	1.0642185	1.479556	0.0904046	0	3.71756	10.2949	0.969052	0.147501	0.6069352	0.365048	0.0834827	0	0.266437	0.3615665	0	0	0	0.0647426	0.6635613	1.59029	0.119064	1.230804	0	5.7471654	1.9642428	0.287427	0.8178946	0	0.0755652	0	0	0	2.269245
K08307	membrane-bound lytic murein transglycosylase D	0.9647542	1.257267	1.94214	0.400972	0	0.0317385	1.7086722	1.0303937	0	1.5665142	1.3110669	4.2553736	4.6195542	1.81277	7.37905	4.177209	0.3856853	0.273652	0	0	0	2.6583931	1.3880789	0	0	1.7653813	0.4945768	0.405055	3.7217347	3.4664132	1.4686613	1.8612866	9.936479	1.7917524	2.2787406	0.782415	0.332764	2.4776382	4.909115	0.588174	0	1.8775216
K08308	membrane-bound lytic murein transglycosylase E	0	0.254342	4.315637	0	0	0.290604	2.2895504	0	0	0.2855274	0.971723	0.10919	0.455995	3.527635	2.2163	0.0958148	0.159378	0.0319041	0	0	0	0	0.2131544	0	0	0	0.130326	0.0924728	3.09552	0.0798912	0.3697613	0	6.5315846	1.866111	0.1443397	0.39741	0	0	0.021849	0	0	1.190765
K08309	soluble lytic murein transglycosylase	0	1.541876	1.961474	0.920021	0	0.1485576	1.826334	2.713794	0.232263	0.0956777	0.552808	10.7543273	3.7050634	2.878206	4.64558	1.03198	0.796057	0.426201	0	0.86288	0	4.1445079	1.412099	0	0	0	0.138022	0.346404	24.5508747	2.9565904	1.605135	0.0566729	7.629017	2.136338	1.71578	0.710502	0.527361	0.9184191	0.168894	0.1861687	0	2.827612
K08310	dihydroneopterin triphosphate diphosphatase [EC:3.6.1.67]	0	0	2.626538	0.102426	0	0.0699265	0.170122	0.0439164	0	0.4299717	2.053833	0	3.55314	2.82354	14.09459	0	0.363676	0.043257	0	0	0	0	0.0837393	0.0430552	0	0	0.0321086	0.423699	3.08474	0	0.1913551	0	7.97584	0.3011193	0	1.615844	0	0.1647662	0.0342126	0	0	0.730028
K08311	putative (di)nucleoside polyphosphate hydrolase [EC:3.6.1.-]	0	0.5084679	13.3418	0	0	0.418458	3.8434162	0.0925586	0	1.743084	5.199515	0.110336	7.16699	8.37698	29.261	1.923223	0.458997	0.642032	0.372989	0.19042	0	0.112131	0.236932	0	0	0	0.2031853	1.8122824	2.61838	0.096876	1.290063	0	17.484543	2.572433	0.611903	2.23426	0	0	0	0	0	2.310269
K08312	ADP-ribose diphosphatase [EC:3.6.1.-]	0	0.153948	0.273313	0	0	0.081666	1.46032	0	0	0.155886	2.24195	0.0109904	0	3.0773	0	0	0	0.0845142	0	0	0	0.0433296	0.256533	0	0	0.0249486	0.00901273	0.0444618	4.54899	0.0599799	0.192144	0	22.0607	0.986511	0	0.64978	0	0.19236	0.0180198	0.0169435	0	1.63527
K08313	fructose-6-phosphate aldolase 1	0	0	4.0068559	0.0509906	0.0413595	0	1.784541	0.0515568	0	0.1440393	0.269428	0	6.88808	5.74165	27.3168086	0	0.448543	0	0	0.0418471	0	0.0666227	0.0799849	0	0	0	0.368876	0.0945899	0.584754	0	0.2654386	0.137578	7.9557637	0.5600941	0	2.001	0	0	0	0	0	0.808413
K08314	fructose-6-phosphate aldolase 2	0	0.72241	12.18937	0	0	0.3107843	3.849758	0.0719902	0	0	0.0106741	0	10.0138	9.79559	42.7741	0.51703	0.6279595	0	0	0	0	0	0.3039428	0	0	0	0.217972	0	0	0.0539616	0.6828542	0.0196801	4.809496	2.705073	0.636526	2.358893	0	0	0	0	0	2.317187
K08315	hydrogenase 3 maturation protease	0	0.165548	5.681117	0.0630602	0	0.0295982	0.462001	0	0	0.0524743	1.44888	0	1.50727	2.30083	0	0	0.946215	0.190854	0.121324	0	0	0	0.154597	0	0	0	0.188331	0.9766786	5.4406	0	0.170742	0.0608176	10.3087	1.18603	0.0538919	0.968641	0	0.220992	0	0	0	1.31832
K08316	ribosomal RNA small subunit methyltransferase D	15.9641873	48.7309499	17.0073252	12.6926289	104.5995076	21.6419784	10.0967967	18.4669687	13.7431167	2.6124202	3.800533	0.756831	14.3278638	4.94741	4.4555982	2.0362972	3.220764	9.1334956	3.515664	6.140402	0.9948923	27.7512544	68.4773912	1.2789143	0.1181572	35.7405685	36.0029526	3.3388614	5.35314	1.1797266	14.0954961	7.862035	11.1019116	1.9782358	12.966771	7.811532	10.625507	4.195664	1.5072271	0	0.7835355	5.0539355
K08317	putative oxidoreductase	0	0	3.946981	0.0339897	0	0.0155093	0.779275	0	0	0.1161931	0	0	0	2.68482	19.1185	0.0475983	0.509705	0	0	0	0.0146491	1.0143858	0.5972956	0	0	0	0.0732824	0.0348485	0.921252	0	0.3226491	0	4.56953	0.741847	0	0.302184	0	0	0	0.0476325	0.0462204	0.441836
K08318	4-hydroxybutyrate dehydrogenase / sulfolactaldehyde 3-reductase [EC:1.1.1.61 1.1.1.373]	0	0	4.75191	0	0	0.0561659	0.462269	0	0	0	0.48313	0	11.4002	6.84072	40.6669	0	0.0492856	0	0	0	0	0.114382	0.18676	0	0	0	0.0806033	0	0.420256	0	0	0	7.26277	0	0	2.01099	0	0	0	0	0	1.17833
K08319	putative dehydrogenase	0	0	2.13119	0	0	0.0663335	0.194983	0.0214259	0	0.27726	2.131483	0	3.34142	2.24793	13.0051	0	0.412305	0.0278535	0.07667	0	0	0.0675443	0.0266642	0	0	0	0.0705267	0.12086	0.698545	0.0340834	0	0	0.584483	0.4565	0	0.802674	0	0.0538107	0	0	0	0.178416
K08320	CTP pyrophosphohydrolase	0	0	0.11998	0	0	0	0.719851	0	0	0.825018	0.267861	0	0	1.80954	0	0	0.570796	0.0487173	0	0	0	0	0.2183668	0	0	0	0	0.029265	0.811193	0.0715305	0	0	2.73424	0	0	0.711642	0	0	0	0	0	1.107339
K08321	putative autoinducer-2 (AI-2) aldolase	0.140727	0.462098	6.45871	0	0	0.341105	2.689589	0.0421576	0	0.33662	0	0.267017	4.436566	5.08677	15.5536	0.527838	0.796595	0	0	0	0	0.5741958	1.1724746	0	0	0.0411786	0.3658755	0.1503557	0	0.598993	0.505892	0	3.403738	0.773083	0.140645	0.8150475	0	0	0.23917	0.349031	0	1.6680379
K08322	L-gulonate 5-dehydrogenase [EC:1.1.1.380]	0	0	2.70286	0.387715	0	0	0.22852	0.0405343	0	0.803099	0.370695	0.0132722	0	1.20008	2.01289	0.0600223	0.0634765	0	0	0	0	0	0.0114178	0	0.0878121	0	0.0915389	0.134196	2.97494	0	0.0104354	0	4.928683	0.0878297	0	0	0.0437144	0.0496297	0	0	0.281083	0.3590174
K08323	mannonate dehydratase [EC:4.2.1.8]	0.0356595	0.407579	0.916554	0.475235	0	0	2.292565	0.150498	0	1.0214937	1.0486448	0.0657838	0.752262	2.98886	3.83676	0.0564417	0.164204	0.20329528	0.79617	0	0.0868821	0.0144821	0.0222756	0	0.102234	0.226493	0.1112925	0.2693346	1.267142	0.0751665	0.247958	0.0778262	6.04826	1.527428	0.129593	0.526426	0	0.4581297	0	0	0.341712	1.34755
K08324	succinate-semialdehyde dehydrogenase [EC:1.2.1.16 1.2.1.24]	0	0	2.15174	0	0	0.0103648	0.104219	0	0	0.7243626	0.0118233	0	3.62134	1.78811	10.9077	0	0.334289	0	0	0	0	0	0.0131413	0	0	0	0.0661726	0	0	0	0.0113177	0.0125335	3.51593	0	0	0.299042	0	0	0	0	0	0.5228329
K08325	NADP-dependent alcohol dehydrogenase [EC:1.1.-.-]	0.6944917	0.418722	5.08113	0.0286608	0	0.8111867	4.2850987	1.1724283	0.152883	2.9144042	2.733141	0.8959293	9.882201	6.913656	13.269099	13.972292	0.879773	0.612554	0.0532071	0.684746	0.51603	2.6782327	1.4804433	0.728054	0.970987	4.630201	1.2541213	19.6453656	1.245798	2.816728	1.183372	1.614512	6.322477	4.6247634	3.488476	1.11933	3.174286	3.9072931	6.002743	0.851824	0.0443521	1.243664
K08326	aminopeptidase	0	0.31868	2.75228	0	0	0.0324611	0.6960407	0.0163394	0	0	1.055331	0	5.28059	1.48728	9.29915	0	0.177002	0	0	0	0	0	0.164129	0	0	0	0.210259	0	1.676794	0	0.0367782	0	3.47744	0.0159528	0	0.178325	0	0	0	0	0	0
K08327	phosducin	0	0	0	0	0	0	0	0	0	0	0	0	0	0	0	0.0898535	0	0	0	0	0	0	0	0	0	0	0	0	0	0	0	0	0	0	0	0	0	0	0	0	0	0
K08328	guanylate cyclase activator 1	0	0	0	0	0	0	0	0	0	0	0	0	0	0	0	0.0331431	0	0	0	0	0	0	0	0	0	0	0	0	0	0	0	0	0	0	0	0	0	0	0	0	0	0
K08344	suppressor for copper-sensitivity B	0	0	0	0	0	0	0.554959	0	0	0	0	0	0	0	0	0	0	0	0	0	0	0	0	0	0	0	0	0	0	0	0	0	0	0.0957092	0	0	0	0	0	0	0	0
K08348	formate dehydrogenase-N, alpha subunit [EC:1.1.5.6]	0	0.1366604	5.8042599	0.0250607	0	0.0919973	2.33541758	0.0493444	0	0.5020581	0.0475892	0	2.073529	2.11354	6.15118	0.6875563	0.33310965	0	0	0	0	0.03923742	0.28672196	0.06265292	0	0	0.01366092	0.02594671	0.1501622	0	0.95799196	0.03104503	5.2832597	2.19253036	0.474083	0.328971	0	0.012437	0	0	0	1.5814363
K08349	formate dehydrogenase-N, beta subunit	0	0.258255	2.12866	0	0	0	1.77933	0.0479794	0	0.369681	0.188049	0.0353262	4.64748	4.89671	16.2477	0	0.212884	0	0	0.0946285	0	0	0.23447	0	0	0	0.12873	0.113461	0.693793	0	0.18594	0	4.39319	0.977353	0.161968	2.05256	0	0	0	0	0	1.65817
K08350	formate dehydrogenase-N, gamma subunit	0	0.0713131	1.94648	0	0	0.0665967	0.276647	0.0256042	0	0.1134055	0.24799	0	3.85842	2.05473	14.0315	0	0.310456	0	0	0	0	0	0.0648415	0	0	0	0.136532	0.0185942	0.64338	0	0.16186	0.0164669	3.95148	0.917947	0	0	0	0	0	0	0	1.3374273
K08351	biotin/methionine sulfoxide reductase [EC:1.-.-.-]	0	0	0.740648	0	0	0.0155689	0.123099	0	0	0	0.636375	0	0	0.349619	0	0	0.200365	0	0	0	0	0.0162833	0.0740935	0	0	0	0.118153	0.0610941	3.46577	0	0.0583722	0	1.54174	0.198127	0	0.0725161	0	0	0	0	0	0.276161
K08352	thiosulfate reductase / polysulfide reductase chain A	0.082982	0.0616692	0	0.786702	0.161756	0	0	0	0.0548116	0	0.0333981	0.0491674	0.181639	0	0	0.701823	0	0	0	0.499382	0.143851	0.239155	0.202795	0	0	0.148913	0.322767	0	0	0.1605735	0.245609	0	0.205558	0.168852	0.061626	0	0	0	0.0673756	0.0644193	0.46469	0.169107
K08354	thiosulfate reductase cytochrome b subunit	0	0	2.14301	0	0	0.0659684	0	0	0	0	0	0	3.64365	0.453781	0.797453	0	0.0877263	0	0	0	0	0	0.0150202	0	0	0	0.0194187	0	0	0	0.0165414	0	0	0.0874241	0	0.511759	0	0	0	0	0	0.0345662
K08357	tetrathionate reductase subunit A	0.15377	0.0477561	0.0413031	1.365625	0.3043379	0	0.408834	0	0.0413962	0.0371449	0	0.0402279	0.271977	0	0	0.1639886	0	0	0	0.726673	0.36616	0	0.1521578	0	0	0.397442	0.611502	0.0532016	0	0.1433611	0	0	0.927389	0.3255686	0	0	0	0	0.4752455	0.167922	0.208551	0.2756503
K08358	tetrathionate reductase subunit B	0	0	0	0	0	0	0.440199	0	0	0	0	0	0	0.928643	0	0	0	0	0	0	0	0	0.0701406	0	0	0	0	0	0	0	0	0	0.292051	0.441353	0	0	0	0	0	0	0	0
K08363	mercuric ion transport protein	0.0625577	0	2.35562	0	0	0	0.163618	0	0	0.928511	4.857383	0	0	0.211154	0	0	0	0.163077	0	0.2934528	0	0	0	0	0	0	0	0.548126	2.5448075	0	0	0	0.0383726	0.0840878	0	0	0	0	0	0	0	0
K08364	periplasmic mercuric ion binding protein	0.272136	0.247642	0.464419	0	0	0.0644239	0.101504	0	0	0.262156	0.416673	20.73039	0.766006	0	0	9.41344	0	0	0	0.0667534	0	1.835167	0	0	0.119929	0.0534675	0	4.828113	20.52535	1.834603	0	1.16451	0.108451	0	0.160179	0	0	0.162675	0.125706	0	0	0.1817821
K08365	MerR family transcriptional regulator, mercuric resistance operon	0	0	0	0	0	0	0	0	0	0.0544792	0.646626	0	0	0	0	0	0	0	0	0	0	0	0	0	0.115131	0	0	0	0	0.0856156	0	0	0	0	0	0.519283	0	0	0	0	0.0756781	3.31054
K08366	cappuccino	0	0	0	0	0	0	0	0	0	0	0	0.111637	0	0	0	0	0	0	0	0	0	0	0	0	0	0	0	0	0	0	0	0	0	0	0	0	0	0	0	0	0	0
K08368	MFS transporter, putative metabolite transport protein	2.79849	0.72703	2.13662	4.38681	0.605568	0.1675764	0.463834	0	0	0.138228	0.428232	0.312116	4.5285354	1.90892	7.81177	0.232801	0.358913	0.0604443	0	0.586067	0.564018	0.7833751	0.7937406	0.100146	2.09026	0.275711	1.2031105	0.4319169	0.801614	0.149866	0.2325333	0.197238	4.41213	1.918214	0	0.734762	0.711346	0.360074	0.5746855	0.624175	1.02719	0.50384
K08369	MFS transporter, putative metabolite:H+ symporter	11.1091856	3.0117366	155.04911	6.6381638	8.8323348	36.0719494	29.5568387	5.7932067	6.805997	9.5014154	6.5069164	0.352416	2.232162	1.6990082	2.6208461	1.973871	1.6250042	37.7783862	10.568284	48.633153	54.1428188	531.452769	1004.7221306	0.437011	0.380949	8.917162	5.3317511	5.0091617	7.21503	4.8124089	10.033553	6.7072689	37.0121876	33.119492	3.1251923	3.1062247	31.1690514	37.1959524	46.1974489	71.4002814	8.964951	6.2547948
K08370	cytochrome b reductase 1 [EC:1.16.5.1]	0	0	0	0	0	0	0	0	0	0	0	0	0	0	0	0.0837202	0	0	0	0	0	0	0	0	0	0	0	0	0	0	0	0	0	0	0	0	0	0	0	0	0	0
K08372	putative serine protease PepD [EC:3.4.21.-]	0.280536	0	0.089177	0.62189	0.097826	0.0327014	0.1374457	0	0.106076	0.204124	0.534056	0.051541	0.192477	0	0	0.11533	0	0	0	0.338408	0.113836	0.0851162	0.1635	0.0494626	0	0.221142	0.441611	0	0	0.219196	0.0537911	0.0532297	0.261922	0.281761	0	0.247841	0	0	0	0	0.367789	0.1811746
K08373	chemokine (C-C motif) receptor-like 2	0	0	0	0	0	0	0	0	0	0	0	0	0	0	0	0.10804	0	0	0	0	0	0	0	0	0	0	0	0	0	0	0	0	0	0	0	0	0	0	0	0	0	0
K08375	neuropeptide FF receptor 2	0	0	0	0	0	0	0	0	0	0	0	0	0	0	0	0.0641735	0	0	0	0	0	0	0	0	0	0	0	0	0	0	0	0	0	0	0	0	0	0	0	0	0	0
K08377	neuropeptides B/W receptor 2	0	0	0	0	0	0	0	0	0	0	0	0	0	0	0	0.176909	0	0	0	0	0	0	0	0	0	0	0	0	0	0	0	0	0	0	0	0	0	0	0	0	0	0
K08381	G protein-coupled receptor 32	0	0	0	0	0	0	0	0	0	0	0	0	0	0	0	0.112823	0	0	0	0	0	0	0	0	0	0	0	0	0	0	0	0	0	0	0	0	0	0	0	0	0	0
K08382	G protein-coupled receptor 33	0	0	0	0	0	0	0	0	0	0	0	0	0	0	0	0.0838634	0	0	0	0	0	0	0	0	0	0	0	0	0	0	0	0	0	0	0	0	0	0	0	0	0	0
K08384	stage V sporulation protein D (sporulation-specific	33.9864027	23.3519368	6.4989246	10.1762813	12.459428	13.348338	17.158058	12.791371	14.245734	8.954576	22.095776	0.3633892	8.616126	11.2004401	3.9417925	7.1995693	18.474995	10.0430401	12.7901933	35.6245401	57.1359227	6.9488074	7.1890918	2.5247076	3.7036907	17.0238352	4.0369124	4.261329	0	9.2607565	11.5596073	23.330257	15.97911	29.3447952	7.1428033	5.133014	17.3802051	24.0845103	45.55979	62.1709143	58.3631404	1.2100059
K08386	purinergic receptor P2Y, G protein-coupled, 8	0	0	0	0	0	0	0	0	0	0	0	0	0	0	0	0.137744	0	0	0	0	0	0	0	0	0	0	0	0	0	0	0	0	0	0	0	0	0	0	0	0	0	0
K08389	G protein-coupled receptor 87	0	0	0	0	0	0	0	0	0	0	0	0	0	0	0	0.0777025	0	0	0	0	0	0	0	0	0	0	0	0	0	0	0	0	0	0	0	0	0	0	0	0	0	0
K08390	lysophosphatidic acid receptor 5	0	0	0	0	0	0	0	0	0	0	0	0	0	0	0	0.116428	0	0	0	0	0	0	0	0	0	0	0	0	0	0	0	0	0	0	0	0	0	0	0	0	0	0
K08391	G protein-coupled receptor 174	0	0	0	0	0	0	0	0	0	0	0	0	0	0	0	0.149049	0	0	0	0	0	0	0	0	0	0	0	0	0	0	0	0	0	0	0	0	0	0	0	0	0	0
K08392	Mas-related G protein-coupled receptor member D	0	0	0	0	0	0	0	0	0	0	0	0	0	0	0	0.0580861	0	0	0	0	0	0	0	0	0	0	0	0	0	0	0	0	0	0	0	0	0	0	0	0	0	0
K08393	MAS-related GPR, member E	0	0	0	0	0	0	0	0	0	0	0	0	0	0	0	0.0798156	0	0	0	0	0	0	0	0	0	0	0	0	0	0	0	0	0	0	0	0	0	0	0	0	0	0
K08394	MAS-related GPR, member F	0	0	0	0	0	0	0	0	0	0	0	0	0	0	0	0.0346133	0	0	0	0	0	0	0	0	0	0	0	0	0	0	0	0	0	0	0	0	0	0	0	0	0	0
K08395	MAS-related GPR, member G	0	0	0	0	0	0	0	0	0	0	0	0	0	0	0	0.0865583	0	0	0	0	0	0	0	0	0	0	0	0	0	0	0	0	0	0	0	0	0	0	0	0	0	0
K08396	MAS-related GPR, member X	0	0	0	0	0	0	0	0	0	0	0	0	0	0	0	0.0867971	0	0	0	0	0	0	0	0	0	0	0	0	0	0	0	0	0	0	0	0	0	0	0	0	0	0
K08397	relaxin family peptide receptor 3	0	0	0	0	0	0	0	0	0	0	0	0	0	0	0	0.0586598	0	0	0	0	0	0	0	0	0	0	0	0	0	0	0	0	0	0	0	0	0	0	0	0	0	0
K08398	relaxin family peptide receptor 4	0	0	0	0	0	0	0	0	0	0	0	0	0	0	0	0.0742356	0	0	0	0	0	0	0	0	0	0	0	0	0	0	0	0	0	0	0	0	0	0	0	0	0	0
K08402	G protein-coupled receptor 109	0	0	0	0	0	0	0	0	0	0	0	0	0	0	0	0.080894	0	0	0	0	0	0	0	0	0	0	0	0	0	0	0	0	0	0	0	0	0	0	0	0	0	0
K08403	G protein-coupled receptor 15	0	0	0	0	0	0	0	0	0	0	0	0	0	0	0	0.0601672	0	0	0	0	0	0	0	0	0	0	0	0	0	0	0	0	0	0	0	0	0	0	0	0	0	0
K08404	G protein-coupled receptor 17	0	0	0	0	0	0	0	0	0	0	0	0	0	0	0	0.0336547	0	0	0	0	0	0	0	0	0	0	0	0	0	0	0	0	0	0	0	0	0	0	0	0	0	0
K08405	G protein-coupled receptor 25	0	0	0	0	0	0	0	0	0	0	0	0.0731412	0	0	0	0.196864	0	0	0	0	0	0	0	0	0	0	0	0	0	0	0	0	0	0	0	0	0	0	0	0	0	0
K08406	G protein-coupled receptor 31	0	0	0	0	0	0	0	0	0	0	0	0	0	0	0	0.116961	0	0	0	0	0	0	0	0	0	0	0	0	0	0	0	0	0	0	0	0	0	0	0	0	0	0
K08407	G protein-coupled receptor 52	0	0	0	0	0	0	0	0	0	0	0	0	0	0	0	0.0342363	0	0	0	0	0	0	0	0	0	0	0	0	0	0	0	0	0	0	0	0	0	0	0	0	0	0
K08409	G protein-coupled receptor 45	0	0	0	0	0	0	0	0	0	0	0	0	0	0	0	0.0663711	0	0	0	0	0	0	0	0	0	0	0	0	0	0	0	0	0	0	0	0	0	0	0	0	0	0
K08410	G protein-coupled receptor 18	0	0	0	0	0	0	0	0	0	0	0	0	0	0	0	0.0937749	0	0	0	0	0	0	0	0	0	0	0	0	0	0	0	0	0	0	0	0	0	0	0	0	0	0
K08411	G protein-coupled receptor 26	0	0	0	0	0	0	0	0	0	0	0	0	0	0	0	0.0505974	0	0	0	0	0	0	0	0	0	0	0	0	0	0	0	0	0	0	0	0	0	0	0	0	0	0
K08414	G protein-coupled receptor 61	0	0	0	0	0	0	0	0	0	0	0	0	0	0	0	0.0610779	0	0	0	0	0	0	0	0	0	0	0	0	0	0	0	0	0	0	0	0	0	0	0	0	0	0
K08416	G protein-coupled receptor 65	0	0	0	0	0	0	0	0	0	0	0	0	0	0	0	0.0459959	0	0	0	0	0	0	0	0	0	0	0	0	0	0	0	0	0	0	0	0	0	0	0	0	0	0
K08417	G protein-coupled receptor 75	0	0	0	0	0	0	0	0	0	0	0	0	0	0	0	0.0845209	0	0	0	0	0	0	0	0	0	0	0	0	0	0	0	0	0	0	0	0	0	0	0	0	0	0
K08418	G protein-coupled receptor 78	0	0	0	0	0	0	0	0	0	0	0	0	0	0	0	0.0850868	0	0	0	0	0	0	0	0	0	0	0	0	0	0	0	0	0	0	0	0	0	0	0	0	0	0
K08420	G protein-coupled receptor 82	0	0	0	0	0	0	0	0	0	0	0	0	0	0	0	0.0415334	0	0	0	0	0	0	0	0	0	0	0	0	0	0	0	0	0	0	0	0	0	0	0	0	0	0
K08422	G protein-coupled receptor 88	0	0	0	0	0	0	0	0	0	0	0	0	0	0	0	0.0120362	0	0	0	0	0	0	0	0	0	0	0	0	0	0	0	0	0	0	0	0	0	0	0	0	0	0
K08423	G protein-coupled receptor 101	0	0	0	0	0	0	0	0	0	0	0	0	0	0	0	0.0780086	0	0	0	0	0	0	0	0	0	0	0	0	0	0	0	0	0	0	0	0	0	0	0	0	0	0
K08424	G protein-coupled receptor 119	0	0	0	0	0	0	0	0	0	0	0	0	0	0	0	0.064806	0	0	0	0	0	0	0	0	0	0	0	0	0	0	0	0	0	0	0	0	0	0	0	0	0	0
K08427	G protein-coupled receptor 135	0	0	0	0	0	0	0	0	0	0	0	0	0	0	0	0.0864768	0	0	0	0	0	0	0	0	0	0	0	0	0	0	0	0	0	0	0	0	0	0	0	0	0	0
K08428	G protein-coupled receptor 139	0	0	0	0	0	0	0	0	0	0	0	0	0	0	0	0.0219054	0	0	0	0	0	0	0	0	0	0	0	0	0	0	0	0	0	0	0	0	0	0	0	0	0	0
K08429	G protein-coupled receptor 141	0	0	0	0	0	0	0	0	0	0	0	0	0	0	0	0.0715623	0	0	0	0	0	0	0	0	0	0	0	0	0	0	0	0	0	0	0	0	0	0	0	0	0	0
K08431	G protein-coupled receptor 146	0	0	0	0	0	0	0	0	0	0	0	0	0	0	0	0.1432351	0	0	0	0	0	0	0	0	0	0	0	0	0	0	0	0	0	0	0	0	0	0	0	0	0	0
K08432	G protein-coupled receptor 148	0	0	0	0	0	0	0	0	0	0	0	0	0	0	0	0.133852	0	0	0	0	0	0	0	0	0	0	0	0	0	0	0	0	0	0	0	0	0	0	0	0	0	0
K08435	G protein-coupled receptor 151	0	0	0	0	0	0	0	0	0	0	0	0	0	0	0	0.0732888	0	0	0	0	0	0	0	0	0	0	0	0	0	0	0	0	0	0	0	0	0	0	0	0	0	0
K08436	G protein-coupled receptor 152	0	0	0	0	0	0	0	0	0	0	0	0	0	0	0	0.0715453	0	0	0	0	0	0	0	0	0	0	0	0	0	0	0	0	0	0	0	0	0	0	0	0	0	0
K08440	G protein-coupled receptor 162	0	0	0	0	0	0	0	0	0	0	0	0	0	0	0	0.020636	0	0	0	0	0	0	0	0	0	0	0	0	0	0	0	0	0	0	0	0	0	0	0	0	0	0
K08441	G protein-coupled receptor 171	0	0	0	0	0	0	0	0	0	0	0	0	0	0	0	0.116929	0	0	0	0	0	0	0	0	0	0	0	0	0	0	0	0	0	0	0	0	0	0	0	0	0	0
K08455	G protein-coupled receptor 112	0	0	0	0	0	0	0	0	0	0	0	0	0	0	0	0.0284149	0	0	0	0	0	0	0	0	0	0	0	0	0	0	0	0	0	0	0	0	0	0	0	0	0	0
K08457	G protein-coupled receptor 115	0	0	0	0	0	0	0	0	0	0	0	0	0	0	0	0.0434773	0	0	0	0	0	0	0	0	0	0	0	0	0	0	0	0	0	0	0	0	0	0	0	0	0	0
K08474	taste receptor type 2	0	0	0	0	0	0	0	0	0	0	0	0.0442228	0	0	0	0.9366938	0	0	0	0	0	0	0	0	0	0	0	0	0	0	0	0	0	0	0	0	0	0	0	0	0	0
K08475	two-component system, NtrC family, phosphoglycerate transport system sensor histidine kinase PgtB [EC:2.7.13.3]	0	0.142857	0.161971	0	0	0	0	0	0	0	0	0	0	0	0	0.111967	0.0736362	0	0	0	0	0	0	0	0	0	0	0	0	0	0.0904487	0	0	0	0.121536	0	0	0	0	0	0	0
K08483	phosphotransferase system, enzyme I, PtsI [EC:2.7.3.9]	11.5796375	50.646886	36.6293557	25.814736	122.339528	43.8474114	27.196776	28.1841794	22.863879	8.7106352	20.4173223	4.8358159	37.8117746	40.60024	66.2646508	6.0273743	18.7710462	23.7777614	16.322888	44.6850029	27.6977163	64.5043396	137.2059818	17.8577189	1.2436678	41.8114029	41.8274517	1.3036576	8.6091846	11.996309	62.8036993	34.23704713	50.204633	25.4643198	21.3913697	9.53801446	37.6492493	20.9731338	28.76845	8.7141943	34.8750701	25.618359
K08484	phosphotransferase system, enzyme I, PtsP [EC:2.7.3.9]	0	0.198279	1.19429	0.0068062	0	0.0140616	0.748039	0.00758975	0	0.0132037	0.0599132	0	2.14835	1.57117	9.16497	0	0.110519	0.00832815	0	0	0	0.0120753	0.0138287	0	0	0	0.0160179	0.0182609	0.216241	0	0.127913	0	9.7328	1.39273	0	0.768228	0	0.0130056	0	0	0	1.30364
K08485	phosphocarrier protein NPr	0	0.367436	17.1807	0	0	0.545768	4.52984	0.286706	0	0.32838	3.12142	0.205064	17.7205	16.4937	60.4511	0.935713	1.34694	0.0706003	0	0.0387892	0	0.0694663	0.294643	0.072851	0	0	0.489518	0.589269	4.87771	0.225059	0.996522	0.0691133	20.955613	3.77473	0.91419	5.63159	0	0.0714183	0	0	0	5.14421
K08487	syntaxin 11	0	0	0	0	0	0	0	0	0	0	0	0	0	0	0	0.1188087	0	0	0	0	0	0	0	0	0	0	0	0	0	0	0	0	0	0	0	0	0	0	0	0	0	0
K08493	vesicle transport through interaction with t-SNAREs 1	0	0	0	0	0	0	0	0	0	0	0	0	0	0	0	0.0614814	0	0	0	0	0	0	0	0	0	0	0	0	0	0	0	0	0	0	0	0	0	0	0	0	0	0
K08549	nuclear receptor, subfamily 2, group F, member 6	0	0	0	0	0	0	0	0	0	0	0	0	0	0	0	0.0240644	0	0	0	0	0	0	0	0	0	0	0	0	0	0	0	0	0	0	0	0	0	0	0	0	0	0
K08552	nuclear receptor, subfamily 3, group B, member 1	0	0	0	0	0	0	0	0	0	0	0	0	0	0	0	0.0529662	0	0	0	0	0	0	0	0	0	0	0	0	0	0	0	0	0	0	0	0	0	0	0	0	0	0
K08562	nuclear receptor, subfamily 0, group B, member 1	0	0	0	0	0	0	0	0	0	0	0	0	0	0	0	0.110527	0	0	0	0	0	0	0	0	0	0	0	0	0	0	0	0	0	0	0	0	0	0	0	0	0	0
K08563	nuclear receptor subfamily 0 group B member 2	0	0	0	0	0	0	0	0	0	0	0	0	0	0	0	0.0429091	0	0	0	0	0	0	0	0	0	0	0	0	0	0	0	0	0	0	0	0	0	0	0	0	0	0
K08566	plasminogen activator	0	0	0	0	0	0	0.114626	0	0	0.698598	0.223443	0	0	0	0	0	0	0	0	0	0	0	0	0	0	0	0	0.041959	0	0	0	0	0	0.0856864	0	0	0	0	0	0	0	0.182359
K08584	calpain, small subunit 2	0	0	0	0	0	0	0	0	0	0	0	0	0	0	0	0.0890966	0	0	0	0	0	0	0	0	0	0	0	0	0	0	0	0	0	0	0	0	0	0	0	0	0	0
K08587	clostripain	0	0	0	0	0	0	0	0	0	0	0	0	0	0.0658014	0	0	0.252971	0	0	0	0	0	0	0	0	0	0	0	0	0	0	0	0	0	0	0	0	0	0	0	0	0
K08591	glycerol-3-phosphate acyltransferase PlsY [EC:2.3.1.15]	10.9184528	8.7444418	16.8883601	12.9703774	5.5583179	5.9173859	15.9570313	13.174368	9.2214114	44.9970356	38.5922057	18.3906919	18.3174777	14.7374698	45.3807597	9.9665443	4.4894679	13.306053	17.8033703	18.2842528	4.051947	9.1228901	7.0279382	35.278783	4.3473	5.8569531	5.5174149	2.8404992	30.66985	13.2081296	22.0052435	7.0066823	41.7337979	11.6406345	12.8732263	12.6333647	6.6344113	8.589899	4.3849784	8.6380132	10.1148443	30.5962257
K08594	sentrin-specific protease 5	0	0	0	0	0	0	0	0	0	0	0	0	0	0	0	0.0219904	0	0	0	0	0	0	0	0	0	0	0	0	0	0	0	0	0	0	0	0	0	0	0	0	0	0
K08597	sentrin-specific protease 8	0	0	0	0	0	0	0	0	0	0	0	0	0	0	0	0.120658	0	0	0	0	0	0	0	0	0	0	0	0	0	0	0	0	0	0	0	0	0	0	0	0	0	0
K08600	sortase B	27.3415099	30.8929093	11.0836482	22.7265428	18.5719291	37.0035719	27.939265	43.9810369	31.2163739	35.7660047	34.3410488	6.2628748	16.2176905	21.571775	6.1601423	10.210913	48.1776463	31.4645785	26.5194634	61.7890357	63.6912984	13.5406988	8.7323114	10.9492838	6.1862261	21.000923	27.3840493	4.3016174	0.423845	50.8706748	15.7984359	24.1528742	36.4482362	42.2893562	22.4606194	13.2775658	28.1025266	39.574749	56.4966078	40.1817457	82.1004243	19.4651672
K08602	oligoendopeptidase F	2.9187884	1.772739	4.1684642	0.6737832	5.80708	11.96983	12.721463	6.081345	8.898195	1.1040585	4.248432	2.666802	5.9349122	3.172629	0.8264409	2.31245	6.47235	7.9061979	5.771819	11.20859	14.8141811	4.0432216	1.4505585	8.956791	17.5454387	6.0259786	13.1332031	3.3065347	4.45248	5.2927059	5.6198758	6.8581141	13.2650155	7.0875242	7.4717847	7.9265956	4.9452413	5.6417924	7.95277	7.129727	13.760281	12.7347115
K08605	coccolysin [EC:3.4.24.30]	0	0	0	0.485815	0	0.188498	0	0	0	0	0	0.712821	0	0	0	0	0	0	0	0	0	0.167177	0.321122	0	0	0	0	0	0	3.04238	0	0	0	0	0	0.114903	0	0	0	0	0	0
K08609	a disintegrin and metalloproteinase domain 20	0	0	0	0	0	0	0	0	0	0	0	0	0	0	0	0.0540517	0	0	0	0	0	0	0	0	0	0	0	0	0	0	0	0	0	0	0	0	0	0	0	0	0	0
K08610	a disintegrin and metalloproteinase domain 21	0	0	0	0	0	0	0	0	0	0	0	0	0	0	0	0.065542	0	0	0	0	0	0	0	0	0	0	0	0	0	0	0	0	0	0	0	0	0	0	0	0	0	0
K08615	a disintegrin and metalloproteinase domain 30	0	0	0	0	0	0	0	0	0	0	0	0	0	0	0	0.0438585	0	0	0	0	0	0	0	0	0	0	0	0	0	0	0	0	0	0	0	0	0	0	0	0	0	0
K08622	ADAM metallopeptidase with thrombospondin type 1 motif, 7	0	0	0	0	0	0	0	0	0	0	0	0	0	0	0	0.0870165	0	0	0	0	0	0	0	0	0	0	0	0	0	0	0	0	0	0	0	0	0	0	0	0	0	0
K08629	ADAM metallopeptidase with thrombospondin type 1 motif, 15	0	0	0	0	0	0	0	0	0	0	0	0	0	0	0	0.0458225	0	0	0	0	0	0	0	0	0	0	0	0	0	0	0	0	0	0	0	0	0	0	0	0	0	0
K08641	D-alanyl-D-alanine dipeptidase [EC:3.4.13.22]	0.4588709	1.0766272	9.8102472	0.163384	0.235279	0.0714509	0.2039694	0.079018	0	0.67799	0.1926596	4.0523002	4.866757	5.226382	13.5457	4.322099	0.495015	1.927012	0.3708945	0.6452227	0.0714556	30.3561508	59.060849	0.2136658	1.459881	0.66217	0.3597195	23.3866852	3.96182	1.145822	0.5992652	1.8859142	13.369779	0.36008447	0.0935097	1.120394	0	1.2739705	0.7494891	0.4291303	0	2.4814698
K08642	LasA protease [EC:3.4.24.-]	0	0	0	0	0	0	0	0	0	0	0	0	0	0	0	0	0	0	0	0	0	0	0	0	0	0	0	0	0	0	0	0	10.4456	0	0	0	0	0	0	0	0	0
K08643	zinc metalloprotease ZmpB	0	0	0.0642086	0.1565711	0.4145025	0	0.0675356	0	0	6.675538	4.655779	0	0	0.230095	0.0872529	0	0	0.208287	0.194528	0.380552	0	0	0	0.3883596	0	0	0	0.0260318	0	0	0	0	0	0.4178614	0.687766	0.39136	0	0	0	0	0.269949	0
K08652	C5a peptidase	0	0	0	0	0	0	0	0	0	0	0	0	0	0	0	0	0	0	0	0	0	0	0	0	0	0	0	0	0	0	0	0	0	0	0.175366	0	0	0	0	0	0	0
K08659	dipeptidase A	15.755815	6.10011	8.598832	4.243486	5.5760265	23.2446509	15.987162	8.7891826	5.1176452	44.7270738	33.5962012	8.0092336	3.6211928	3.1885159	0.6488718	6.4053847	2.904511	10.4322472	11.041039	13.9220096	0.879597	3.7462754	5.7787413	41.522859	1.0305478	5.668589	4.7937682	4.6018497	9.52759	2.7337753	10.9871048	5.5317941	19.4842187	6.6403157	9.5761811	14.772074	14.21166	9.5217406	1.509284	2.9697253	6.8095542	29.2434684
K08664	protease, serine, 8 (prostasin)	0	0	0	0	0	0	0	0	0	0	0	0	0	0	0	0.0346103	0	0	0	0	0	0	0	0	0	0	0	0	0	0	0	0	0	0	0	0	0	0	0	0	0	0
K08676	tricorn protease	0	0	0	0	0	0	0	0	0	0	0	0	0	0	0	0	0	0	0	0	0	0	0	0	0	0	0	0	0	0	0	0	0.389985	0	0	0	0	0	0	0	0	0
K08678	UDP-glucuronate decarboxylase [EC:4.1.1.35]	1.416104	0.841347	0	0.448174	0	0.0822887	0.0673129	0.144001	0.0505953	2.234467	0.4750333	2.175394	1.2906892	0.067631	0	4.932474	0.0675758	0.467177	0	0.12144	0.122436	1.721629	1.1735746	0	0.575657	1.310251	0.274062	2.42698	3.59545	0.268133	0.333697	1.9148415	1.42787	0.167648	0.0750279	0.120725	0	0.146407	0.0941186	0	0	0.119358
K08679	UDP-glucuronate 4-epimerase [EC:5.1.3.6]	0.197343	0.239442	0	0.5599575	0	0	0.1771609	0.347965	0.01953	0.171375	0	19.94511	0.393586	0	0	4.960566	0.16035	0	0	0	0	1.789012	0.392344	0	0	0	0	5.28838	51.1106	1.281373	0.2467296	1.0405391	0.530287	0	0.320153	0	0.119805	0.224457	0.4655181	0.1607751	0	0.686383
K08680	2-succinyl-6-hydroxy-2,4-cyclohexadiene-1-carboxylate synthase [EC:4.2.99.20]	0.0315591	0.276837	6.56669	0	0	0.3383752	2.8674167	0	0.0512699	9.2623184	3.07434	0	5.49494	5.74257	17.2292345	0.820534	0.589425	0.273054	0.66873	1.176115	0	0.140301	0.6940079	0.109273	0.23445	0	0.269248	0	1.36318	0.2056181	0.8139878	0.3976389	3.5228086	1.112599	0.891676	2.0324008	1.0202014	0.1069286	0.0622726	0	0.0332859	3.51217
K08681	5'-phosphate synthase pdxT subunit [EC:4.3.3.6]	46.036145	51.941821	18.7401635	17.604272	31.42732	66.386267	41.7569536	21.6839902	8.5694258	10.6472453	18.9715157	6.0613176	18.044965	9.8516237	3.4433912	8.035578	19.6785302	9.542717	7.771423	62.041314	41.942587	38.2718877	77.5669253	0.9824646	2.968931	24.760627	26.4417105	4.2302914	0.0267289	17.7311799	44.7597052	37.1743512	38.791716	29.8889295	3.840448	3.4739035	65.7643597	50.836235	72.0260318	62.418291	70.4490243	10.9179197
K08682	acyl carrier protein phosphodiesterase [EC:3.1.4.14]	0	0.7206827	6.67639	0	0	0.330208	1.617714	0.0816316	0	0.112272	1.5347048	0	5.6081	4.59792	22.1073	0.594318	0.916346	0.11463	0	0.048712	0	0.099353	0.246953	0	0	0	0.41813	0.0965203	3.79495	0.1283575	0.35834	0.0393562	4.546	0.5868634	0.520581	0.927291	0	0	0	0	0	0.6269326
K08688	creatinase [EC:3.5.3.3]	0	0	0	0	0	0	0	0	0	0	0	0	0	1.48667	0	0.0833643	0	0	0	0	0	0	0	0	0	0	0.0809936	0	0	0	0	0	0	0	0	0	0	0	0	0	0	0
K08693	2',3'-cyclic-nucleotide 2'-phosphodiesterase / 3'-nucleotidase / 5'-nucleotidase [EC:3.1.4.16 3.1.3.6 3.1.3.5]	0	0	0	0	0	0	0	0	0	0	0	0	0	0	0	0	0	0	0	0	0	0	0	0	0	0	0	0	0	0	0	0	0	0	0	0	0	0	0	0.0444731	0.0390447	0
K08714	voltage-gated sodium channel	0	0	0.0343521	0	0	0	0	0	0	0	0	0	0	0	0	0.118975	0	0	0	0	0	0	0	0	0	0	0	0	0	0	0	0	0	0	0	0	0	0	0	0	0	0
K08717	urea transporter	0.175439	0.197213	0	0	0	0	0	1.02564	0	0	0.0651525	2.2828	0.402678	0	0	6.06441	0	0	0	0	0	0.946143	0	0	0.0836016	0.477003	0	0	0	1.142605	0	0.803725	0.193934	0.0512171	1.30763	0	0.189153	1.4119191	6.1139017	0.995613	0	0
K08721	multidrug resistance outer membrane protein OprJ	0	0	0	0	0	0	0	0	0	0	0	0	0	0	0	0	0	0	0	0	0	0	0	0	0	0	0	0	0	0	0	0	10.1799498	0	0	0	0	0	0	0	0	0
K08722	5'-deoxynucleotidase [EC:3.1.3.89]	3.589552	2.473686	5.4621218	0.1161512	1.0062901	0.622448	4.423261	3.9227632	3.998353	4.13071	4.469587	0.0966394	8.6961911	7.927581	23.7639182	1.531458	1.0520892	4.2433422	4.6072706	2.54069	0.4128658	2.0434628	2.694308	8.1188188	3.116303	10.23212	1.1366395	0.7492178	1.89134	0.476397	1.329923	1.0178066	12.4873308	6.4621441	1.678256	2.485134	6.35045	6.94464	1.435132	1.22519	2.72288	14.011638
K08723	5'-nucleotidase [EC:3.1.3.5]	0	0.599172	1.61689	0	0	0.0175643	0.49829	0.0500921	0	0.0303637	0.334488	0.0172361	10.6961	5.6911	39.3471	0	0.746847	0	0	0	0	0	0.170968	0	0	0	0.114035	0.138566	0.792756	0	0	0.027597	7.01081	0.256086	0.0491457	0.679662	0	0	0	0	0	0.936653
K08724	penicillin-binding protein 2B	0	0	0.333391	0.0757391	0.1264451	0.590812	0	0	0	0.428109	0	0	0	0.128612	0	0.87115	0	0	0.158916	0.7181823	0	1.4965293	1.248674	0.0467545	0.4421591	0	0.245637	0	0	0.158451	15.188553	1.819388	6.0297004	0	0.0766586	0.608336	0	0	0	0	0	3.699202
K08727	nucleotide-binding oligomerization domain-containing protein 1	0	0	0	0	0	0	0	0	0	0	0	0	0	0	0	0.0283507	0	0	0	0	0	0	0	0	0	0	0	0	0	0	0	0	0	0	0	0	0	0	0	0	0	0
K08728	nucleoside deoxyribosyltransferase [EC:2.4.2.6]	0	0	0.0564008	0.0727162	0	0	0	0	0	0	0	0	0	0	0	0.920525	0	0.112194	0	0	0	0	0	0	0	0	0	0	0	0	1.33667	0.439325	0	0	0	0.539122	0	0	0	0.0542716	0	0.0517651
K08738	cytochrome c	0	0	0	0	0	0	0	0	0	0	0	0	0	0	0	0.0893433	0	0	0	0	0	0	0	0	0	0	0	0	0	0	0	0	11.636	0	0	0	0	0	0	0	0	0
K08744	cardiolipin synthase (CMP-forming) [EC:2.7.8.41]	10.945799	10.534197	4.9508601	36.1976268	23.3493952	8.4261	3.287659	14.742318	11.335802	3.786822	6.575204	2.8645721	19.151884	6.45001	1.1045603	3.07865	19.4869414	4.031145	3.257712	21.689351	11.9875574	11.9590922	12.662719	5.9317083	0.823172	14.6516627	26.7143791	7.6881276	0.199322	12.440943	50.2876682	18.033939	7.114805	9.00404	20.16497	12.3729066	22.7646913	14.5220681	36.844207	19.804786	1.037422	18.6302251
K08754	fatty acid-binding protein 5, epidermal	0	0	0	0	0	0	0	0	0	0	0	0.0353923	0.0238651	0	0	0.0957619	0	0	0	0	0	0	0	0	0	0	0	0	0	0	0	0	0	0	0	0	0	0	0	0	0	0
K08766	carnitine O-palmitoyltransferase 2 [EC:2.3.1.21]	0	0	0	0	0	0	0	0	0	0	0	0	0	0	0	0.0199265	0	0	0	0	0	0	0	0	0	0	0	0	0	0	0	0	0	0	0	0	0	0	0	0	0	0
K08770	ubiquitin C	0	0	0	0	0	0	0	0	0	0	0	0	0.002751336	0	0	0.005427991	0	0	0	0	0	0	0	0	0	0	0	0	0	0	0	0	0	0	0	0	0	0	0	0	0	0
K08775	breast cancer 2 susceptibility protein	0	0	0	0	0	0	0	0	0	0	0	0	0	0	0	0.0198513	0	0	0	0	0	0	0	0	0	0	0	0	0	0	0	0	0	0	0	0	0	0	0	0	0	0
K08800	NUAK family, SNF1-like kinase	0	0	0	0	0	0	0	0	0	0	0	0	0	0	0	0.0411875	0	0	0	0	0	0	0	0	0	0	0	0	0	0	0	0	0	0	0	0	0	0	0	0	0	0
K08802	SNF related kinase	0	0	0	0	0	0	0	0	0	0	0	0	0	0	0	0.0269234	0	0	0	0	0	0	0	0	0	0	0	0	0	0	0	0	0	0	0	0	0	0	0	0	0	0
K08808	protein serine kinase H	0	0	0	0	0	0	0	0	0	0	0	0	0	0	0	0.0640165	0	0	0	0	0	0	0	0	0	0	0	0	0	0	0	0	0	0	0	0	0	0	0	0	0	0
K08811	testis-specific serine kinase	0	0	0	0	0	0	0	0	0	0	0	0	0	0	0	0.2096201	0	0	0	0	0	0	0	0	0	0	0	0	0	0	0	0	0	0	0	0	0	0	0	0	0	0
K08814	tribbles	0	0	0	0	0	0	0	0	0	0	0	0	0	0	0	0.0234334	0	0	0	0	0	0	0	0	0	0	0	0	0	0	0	0	0	0	0	0	0	0	0	0	0	0
K08851	TP53 regulating kinase	0	0	0	0	0	0	0	0	0	0	0	0	0	0	0	0.0498777	0	0	0	0	0	0	0	0	0	0	0	0	0	0	0	0	0	0	0	0	0	0	0	0	0	0
K08868	alpha-kinase	0	0	0	0	0	0	0	0	0	0	0	0	0	0	0	0.1127842	0	0	0	0	0	0	0	0	0	0	0	0	0	0	0	0	0	0	0	0	0	0	0	0	0	0
K08870	PTK9 protein tyrosine kinase 9	0	0	0	0	0	0	0	0	0	0	0	0	0	0	0	0.0202259	0	0	0	0	0	0	0	0	0	0	0	0	0	0	0	0	0	0	0	0	0	0	0	0	0	0
K08884	serine/threonine protein kinase, bacterial	2.9942	0.718692	0.080155	5.3549	0.689718	0.23095	0.5763389	0	0	0.339028	0.459549	0.308537	0.136283	0	0.0332272	0.0812228	0	0.2423372	0.427548	2.27045	6.964485	0.875339	0.639953	0	0	0.181699	0.90752	0.344285	0.352013	0.0423277	0.0974655	0.155981	3.56953	1.51184	0	0.210748	0.841198	0.456684	0.224503	0.482968	0.833154	0
K08957	casein kinase 1, alpha [EC:2.7.11.1]	0	0	0	0	0	0	0	0	0	0	0	0	0	0	0	0.0413849	0	0	0	0	0	0	0	0	0	0	0	0	0	0	0	0	0	0	0	0	0	0	0	0	0	0
K08961	chondroitin-sulfate-ABC endolyase	1.977359	2.9883097	0	0	0	0.2574085	0.7981818	0	0.0955931	3.041554	0.5554773	3.71416	1.142585	0	0.0238318	10.813949	0.108603	0.825059	0.055984	0.454112	0.0898015	2.355595	1.7934069	0	1.243077	2.137982	0.478099	12.04305	4.128717	0.488937	0.2704692	2.239147	2.443041	0.9387695	0.137144	0	0.041205	2.533034	0.0760751	0.0545528	0	0.527399
K08963	methylthioribose-1-phosphate isomerase [EC:5.3.1.23]	0.7163793	0.9800079	2.8267974	0.5411235	0	0.1938328	2.750095	2.1026797	0.11971	6.3240613	4.330133	4.054893	1.4572186	0.1033369	0.102238	2.452927	1.5402529	0.4030828	0.615371	0.2794481	0.205314	1.4076104	2.009227	0.162137	0.0583436	1.881199	0.048432	1.189779	4.5247307	3.765904	1.040686	1.003501	8.8801206	0.6215587	0.585039	0.6827978	0.911269	0.0593544	1.487505	0.125067	0	2.125363
K08964	methylthioribulose-1-phosphate dehydratase [EC:4.2.1.109]	0	0.194386	3.34465	0	0	0.146252	2.0408257	0	0	0.150612	0	0	0	3.12343	0	0.482205	0.220577	0	0	0	0	0	0.12434	0	0	0	0	0	0	0	0.257648	0	10.2728481	0.458252	0.47664	0	0	0	0	0.146232	0	0.58742
K08965	2,3-diketo-5-methylthiopentyl-1-phosphate enolase [EC:5.3.2.5]	0	0	0.0492219	0	0	0	0	0	0	0	0	0	0	0	0	0	0	0	0	0	0	0	0	0	0	0	0	0	0	0	0	0	0	0	0	0	0	0	0	0.0494305	0	0
K08966	2-hydroxy-3-keto-5-methylthiopentenyl-1-phosphate phosphatase [EC:3.1.3.87]	0	0	0.0944529	0	0	0	0	0	0	0	0	0	0	0	0	0	0	0	0	0	0	0	0	0	0	0	0	0	0	0	0	0	0	0	0	0	0	0	0.0842103	0	0	0
K08967	1,2-dihydroxy-3-keto-5-methylthiopentene dioxygenase [EC:1.13.11.53 1.13.11.54]	0	0.367997	2.9274809	0	0	0.12811	2.677883	0	0	0.0886153	0	0	0	0	0	0.563186	0.140521	0	0	0	0	0.0434827	0.313223	0.111532	0	0	0	0.0424394	0	0	0.810972	0	11.166	0.623598	0.330139	0	0	0	0	0	0.0879978	0.107679
K08968	L-methionine (R)-S-oxide reductase [EC:1.8.4.14]	0.195723	0.084476	5.4587544	0.481628	0.389771	0.9620846	0.894128	0.042032	0	3.132774	1.32397	0.52384	7.629386	4.509699	27.5660026	5.276417	0.807499	0.1949591	0.1564344	0.2104466	0.0811388	0.3882699	1.837578	1.215507	1.399071	0.1573767	0.116945	3.22143	3.7988946	0.4353087	0.3695392	0.6046499	3.5596779	2.110733	0.223698	5.6220363	0.0988045	0.452481	0.405171	0.1706896	0.114493	1.716741
K08969	aminotransferase [EC:2.6.1.-]	0	2.03485	0.167387	0.0426154	0.157617	0.0486446	0	0	0	0	0	0	0	0	0	0	0	0.0590737	0.0377381	1.395115	0	1.02134	2.3261425	0	0.100698	0.0742386	0.798888	0.0640872	0	0.12591	0.3447937	0.5256688	0.0594483	0	0.117682	0.4923845	0	0	0	0	0	0.2220765
K08970	nickel/cobalt exporter	0	0.330538	1.5637862	0	0	0	0.4539068	0	0	0.204004	0	0	5.16172	1.30415	9.1087	0.0516207	0.1545159	0	0	0	0	0	0	0	0	0	0.0513812	0	0	0	0.178203	0	0.852472	0.1316252	0.0518611	0.494555	0	0	0	0	0	0.420922
K08972	putative membrane protein	15.6165	3.081192	3.044735	14.335848	8.169151	21.725785	8.7207102	5.3060516	1.359664	0.858171	0.2814739	1.350083	9.450553	0.1365032	0.2002756	2.952881	1.06529	1.325047	1.547576	4.808899	1.22894	13.7854	12.92493	0.9076171	2.8589796	2.158056	4.044292	4.276507	0.605246	1.4106889	16.661047	6.0173327	14.713183	3.04847	0.637917	2.5079984	12.1790974	4.911448	1.12286	1.1558744	8.686754	17.414359
K08974	putative membrane protein	5.7437793	2.8090826	0.7163403	7.4008359	1.4994926	0.4355309	0.7161611	3.1217162	0.9799922	4.6835279	1.3928003	5.5258668	2.7864661	0.4837535	0.1018366	2.6341675	0.8618869	3.4848518	3.633223	2.608481	1.2715767	3.1729027	3.200639	2.0354933	3.9638607	3.9185143	4.134517	2.0443184	5.7175917	3.470389	1.5986513	2.361033	11.6785336	3.2476113	0.5655546	3.5286911	1.2418949	0.846834	0.615319	0.7406337	2.5991439	5.5517131
K08976	putative membrane protein	0	0	0.0387016	0	0	0	0	0	0	0	0	0	0	0	0	0	0	0	0	0	0	0	0	0.0355616	0	0	0	0	0	0	0	0.0350194	0	0	0	0	0.110205	0	0.0377638	0	0.0879978	0
K08978	putative membrane protein	3.7363691	2.8865396	2.8137021	0	0.170217	0.270683	0.176813	3.6097265	4.0794283	1.142364	2.4038388	1.2512831	9.535605	0.9686377	0.3624788	0.901426	4.3056608	0.1951178	0.2713337	1.8581275	10.510642	2.22906	2.4001201	0.316528	0.1595252	9.6457665	1.4866096	2.381985	1.87619	5.8883187	1.449907	2.0566329	1.112167	1.9176452	0.647913	5.639561	0.5570851	4.150992	3.0889123	4.8820691	10.677776	4.2162602
K08981	putative membrane protein	3.530852	0.8463172	0.105136	6.297504	0.990285	0.396781	0.643371	0	0	0.512512	0.915726	0.4411278	0.270222	0.100335	0.0559616	0.312694	0.390734	0.0456244	0.9834945	1.5951998	1.072221	1.000719	1.0985694	0.4529168	2.41453	0.397045	1.6469545	0.584193	0.342093	0.2114351	0.4951569	0.124065	3.857781	2.940635	0	0.3984578	0.923329	0.605117	0.3560114	0.529765	1.378023	0.259421
K08982	putative membrane protein	0	0	0	0.588092	0	0	0	0	0	0	0	0	0	0	0	1.53457	0	0	0	0	0	0.569624	0	0	0	0	0	0	0	0.123032	0.242828	0	0	0	0	0	0	0	0	0	0	0
K08983	putative membrane protein	0	0	0	0	0	0	0	0	0	0	0	0	0	0	0	0	0	0	0	0	0	0	0	0	0	0	0	0	0	0	0	0	0.599794	0	0	0	0	0	0	0	0	0
K08984	putative membrane protein	0	0	3.0922	0	0	0	0.533024	0.039465	0	0	0.493639	0	7.02232	3.07111	12.1014	0	0.267649	0	0	0	0	0.0288528	0.23872	0	0	0	0.159138	0.104242	1.22295	0	0.0941789	0	2.456769	0.457476	0	1.06081	0	0	0	0	0	0.315278
K08986	putative membrane protein	0.0433556	0	0.449792	0.1421367	0.14057	0.105771	0.14814	0.0926629	0.18187	10.8864008	6.045299	0.329711	0.453931	0.1870206	0.0862112	0.33233	0.667764	0.5041302	0.58435	2.731535	0.170232	0.179503	0.0459745	0.2009408	0.0339065	0	0.1203692	0.5055972	0	0.168007	0.4176819	1.080235	0.3212856	0.7674782	0.493523	3.38336	0.44545	1.5354952	0	0.0737303	0.260719	3.348528
K08987	putative membrane protein	0	0	0.348167	0.687538	0.2533872	0	8.3574081	0.0476552	0	1.717741	1.003526	0	0	0.0820133	0.1950863	0	0.0767008	0.0827032	0.6603344	0.5991536	0	1.231431	0.607885	0.2080071	0.979376	0	0.298874	0	0	0.3496654	0.130087	0.3779052	7.61882	0.4404766	0.421404	13.709849	0	0.292815	0	0.123576	0.0455283	4.8232816
K08989	putative membrane protein	0	0	1.532243	0.0391096	0	0	0.0914338	0	0	8.892	3.771764	0.0675312	5.36924	3.3595717	24.2313	0.188368	0.332678	0.4927	1.93796	0.519115	0	0	0.1183686	0.0906903	0	0	0.103633	0.404458	0.784829	0	0.0942945	0	3.41401	0.576964	0.306725	1.67583	0.931477	0.0692902	0	0	0.0667748	2.1481873
K08990	putative membrane protein	0	0.314333	3.77723	0	0	0.1601679	2.442962	0.0458153	0	0.610403	0.348336	0.135944	3.39388	3.99292	13.116	0.281519	0.524806	0.0486816	0	0	0.0114612	0.0562129	0.1270176	0	0	0	0.1572381	0.456382	1.898769	0.0197888	0.465837	0	8.856944	1.951212	0.151748	0.712677	0	0.0118844	0	0	0	2.067656
K08992	putative membrane protein	0	0	3.10854	0	0	0	0.361966	0	0	0.04306848	0.917579	0	6.11522	5.28522	25.4583	0	0.463099	0	0	0	0	0.268691	0.206452	0	0	0	0.270488	0.104898	2.41317	0	0.0395604	0	10.9774	2.28612	0	2.36197	0	0	0	0	0	1.91629
K08993	putative membrane protein	0	0.013821	0.499251	0.040465	0	0	0.342575	0.0734684	0	0	0.319945	0	15.5976	6.8969562	48.1665	0	0.306803	0	0	0	0	0	0.205161	0.0194427	0	0	0.286717	0.625451	0.930167	0	0	0.0708412	4.823644	1.47889	0	2.2255	0	0.0732037	0.0140314	0	0	0.14106
K08994	putative membrane protein	0	0	2.01647	0.0196755	0	0.00914774	0.3675635	0.050386	0	0.0142267	0.0220809	0.00951037	3.8448	2.08605	13.6079	0	0.129239	0	0	0	0	0.01187	0.0342886	0	0	0	0.112103	0.0184653	0.1209	0	0	0	0.682612	0.443069	0	0.370916	0	0	0	0	0	0.271478
K08996	putative membrane protein	0	0.40821	1.4004998	0.3248371	0	0.0645476	7.477242	0.0568788	0	0.517553	0.858692	0	0	0	0	0.302676	0	0	1.35667	0	0	0.2228555	1.3955305	0	0	0.0521089	0.0739916	0.0789525	2.08538	0.3075813	0.5318456	0.8166813	1.7576749	0.199951	0	1.453944	0	0.0566739	0.0556545	0	0	0.709671
K08997	hypothetical protein	0	0	4.3912457	0	0	0.142773	2.367178	0.0411012	0	0.678835	0.220755	0	3.52564	2.58543	8.61026	0.390284	0.507231	0	0	0	0	0	0.1209744	0	0	0	0.106934	0.0388781	0.444486	0	0.683131	0	3.859102	0.9959444	0.234136	0.771666	0	0	0	0	0	0.818569
K08998	hypothetical protein	39.4764621	4.6897236	9.5018522	17.6615283	7.0094272	33.5371005	24.0740036	11.2928109	1.4982356	105.1479091	47.8039072	179.2321314	35.9382592	8.5435088	21.4930226	81.85523285	6.4843038	7.7872828	9.0664103	22.7516847	4.9614495	20.3877687	14.6882004	39.8778792	9.1728656	16.9187824	9.6114577	100.4253965	496.6003814	27.5445103	31.1247284	15.0874978	32.11273558	14.5023371	10.7312922	9.4608628	19.6527757	15.2929031	10.4634852	40.3991514	6.8542609	37.5730651
K08999	hypothetical protein	12.272006	12.2975012	6.3294702	41.836699	26.420152	0	0	14.5142	12.0136605	6.8337906	10.8926899	1.63833	21.129033	6.3123399	1.631527	4.510946	27.1858	2.87852	1.84745	25.398857	18.245525	15.4849482	16.2408462	0.1391896	0	12.191781	23.108545	9.103315	0.159003	10.5841367	74.5041197	21.9511497	9.016517	5.163887	26.4043515	10.2620612	20.2867	13.145679	54.951319	21.8224	0.3785408	23.7397338
K09001	anhydro-N-acetylmuramic acid kinase	0.2073355	0.4662217	5.9431673	0	0	0.1535691	1.8423483	0.0734684	0	1.0327713	6.162218	0.0785394	0.3207859	2.513348	1.02385	0.44097	0.1544944	0.4308313	0.452899	0.314658	0	0.3170778	0.4243596	0.0402189	0	0	0.138384	0.8919987	2.93585	0.0207767	4.0399475	0.431034	16.0350609	0.5512001	0.195172	0.1562286	0.129142	0	0.146643	0.067678	0	0.8875653
K09002	hypothetical protein	0	0	0.87857	0	0	0	0	3.13575	3.39977	0.177748	0.175469	0	0.754778	0	0	0	21.5376	9.47872	9.44223	0	0	0	0	3.648683	5.966858	13.98648	6.03872	0.227585	0	2.042054	0.101744	1.0923	0	4.4217	1.5062551	0.162683	0	0	0	0.114371	0	0
K09003	hypothetical protein	0	0	0.209267	0	0	0	0	1.43417	0.0949798	0	0	0	0	0	0	0	0.551143	0	0	0	0	0	0	0	0	0	0	0	0	2.35752	0	0	0	0	0	0	0	0	1.58438	0	0	0
K09004	hypothetical protein	0	0	0	0.8934804	0	0	0	0	0	0	0	0	0	0.273819	0	0.804844	0	0.0949053	2.25978	0	0	0.25892	1.051438	0	0	0	0.2867304	0	0	0.2856328	0.321931	0.278719	5.866851	0	0.13951	0.721579	0	0	0	0	0	0.682548
K09005	hypothetical protein	0.111294	0	0.0362214	1.82505	0.0205576	0	0	0	0.113095	0	0	0.164855	1.158901	0	0	0.158499	0.757047	0	0	0	0	0	0.059563	0.235256	0	0.554768	0.61841	0.109011	0	0.2270809	0	0	0.468137	0.220937	0	0	0	0	0	0	0	0.454617
K09007	GTP cyclohydrolase I [EC:3.5.4.16]	0	0	1.4101	0.432011	0	0	0	0.1317453	0.0830763	0	0	26.4427108	20.419282	0	0	2.894074	0.772133	0	0	0	0	4.982906	7.8808493	0.0451377	0.0348648	0	0	0	0	4.631543	0.115084	0.192578	15.45866	7.27164	0.0956517	0	1.627994	23.3707	2.47554	0.299265	0	0
K09009	hypothetical protein	0	0.082412	1.600524	3.4068296	12.0417	29.3188	11.3367514	0.0804106	0	0.1292752	0.631359	1.63428	4.7023381	0.0812289	0.0458966	0.2123087	0.512288	1.08288	0.297855	20.51434	0.3951796	2.19244	10.338843	0.0472586	0	0.569934	1.5322743	0	0	0.9617756	21.2665767	6.0399945	14.6497	0.790365	1.34827	0.362692	30.3437555	11.3755	11.1351	0.8624622	20.3761	2.6501466
K09011	D-citramalate synthase [EC:2.3.1.182]	0.714158	0.448321	0.307834	0	0	0.0428434	0.1736534	1.8102554	0.1217686	0.990938	0.201628	1.066636	0.472804	0	0	0.935403	0.632867	0.392331	0	0	0	0.834857	1.01125	0	0	0.8108262	0.181943	0	0	3.111825	0.13948	0.901145	0.969929	0.0615053	0	0	0	0	1.7958698	0	0	0
K09013	Fe-S cluster assembly ATP-binding protein	21.1245837	35.185758	17.5752472	24.5399163	87.9120441	49.81644	36.2010681	35.7240847	38.698383	15.519639	4.5614491	4.707248	32.1508529	6.2301153	2.32869	5.2617684	8.7754167	21.4701355	23.781	28.6118498	11.7150893	37.3136419	62.3511014	7.0709943	4.9343376	28.5953554	27.5467265	7.9071791	6.466877	10.8049707	29.0034746	24.1930022	33.4317166	7.9115381	20.4572599	8.3720571	48.7440322	21.1764248	18.674805	20.2285682	62.8122411	21.2777452
K09014	Fe-S cluster assembly protein SufB	10.99936	12.2051899	7.2469402	27.9909692	16.305161	1.113318	6.8115222	8.2186627	6.067258	18.66226315	12.2413061	34.685087	30.818079	8.4911626	14.290171	27.5917685	22.1879502	6.6290881	5.151002	23.31794717	14.0383842	20.77631306	15.7557658	7.45944	7.4726989	19.818947	24.0479957	47.6851168	72.3149606	16.1540943	76.2997045	21.8718653	20.645216	14.321095	20.9677288	13.943861	20.1734935	17.56666	39.2833531	17.1126371	0.3832932	22.2574692
K09015	Fe-S cluster assembly protein SufD	3.233604	30.714149	16.6600748	8.72354	71.7619674	20.4073579	9.089999	8.0593281	7.4159782	2.1359253	0.5058184	4.443104	14.691388	3.255454	17.6398033	2.2568685	1.0243572	7.880716	1.6837264	18.6380511	0.501187	50.0048953	103.0444527	5.350185	0	22.3121904	22.3098615	0.0543533	0.795865	0.1675264	21.1520353	9.9343002	15.289657	1.1058732	7.8742368	1.7610432	22.9575193	13.8360275	10.3317999	0.5737092	15.3804886	2.5829134
K09016	putative pyrimidine permease RutG	0	0	1.14267	0	0	0.0141772	0.0864727	0	0	0.0140126	0	0	4.58951	0.374381	0.283042	0	0.0229008	0	0	0	0	0.00640265	0.0132021	0	0	0	0.00969645	0.168444	0.0676232	0	0.0104948	0	1.4765	0.134332	0	0.20569	0	0	0	0	0	0.175953
K09017	TetR/AcrR family transcriptional regulator	0	0	3.99477	0.658005	0.138872	0.157013	0.338791	0	0.0605021	0.0574681	0	0	5.817999	3.62796	14.2664	0.687985	0.65878	0.01999	2.06586	0	0	0.015035	0	0	0	0.138498	0.3310121	0.2435251	0	0.124655	0.0155063	0	5.374792	0.692795	0	1.70667	0	0.0263272	0	0	0	1.104913
K09018	pyrimidine oxygenase [EC:1.14.99.46]	0	0	4.3406188	0	0	0.1791635	2.119073	0.092961	0	1.0735071	0.183923	0.0230382	5.49969	4.05582	17.3784	0.303436	0.1297799	0	0	0	0	0.0634931	0.1361983	0	0	0	0.146108	0.0505244	0.342882	0.0427223	0.537176	0	0.301091	0.511356	0.3355777	0.318941	0	0.0302487	0	0	0	0.5078678
K09019	3-hydroxypropanoate dehydrogenase [EC:1.1.1.-]	0	0	5.7738682	0	0	0.209304	1.2875486	0.1619926	0	0.646577	0.946687	0.0166306	9.57131	3.32991	17.7068	0.341283	0.772273	0	0	0.078641	0	0	0.1044798	0	0	0	0.192048	0	0.522033	0.0627717	0.433622	0.0209562	2.2534162	0.7863339	0.392274	1.421784	0	0	0	0	0	0.258159
K09020	ureidoacrylate peracid hydrolase [EC:3.5.1.110]	0	0	6.452505	0	0	0.299151	2.4831123	0	0	0.300383	0.57663	0	8.04298	4.217763	29.4148	0.473438	0.645233	0	0	0.0250606	0	0.0666071	0.1983778	0	0	0	0.2775393	0.3336959	2.14654	0.0942772	0.589051	0	8.21673	0.699789	0.339202	1.011597	0	0	0	0	0	0.3545538
K09021	aminoacrylate peracid reductase	0.0380087	0	6.9309245	0.0394987	0	0.5360508	3.437538	0.0437834	0.0257496	0.973113	1.004385	0.0501201	5.846229	5.18735	14.51581	0.837965	0.3495227	0.0257683	0	0	0	0	0.407821	0.0378992	0	0	0.1145613	0.562995	3.020622	0.0770522	0.599576	0	9.942422	0.7783011	0.533929	1.690256	0	0.0741304	0.027352	0.0261908	0	0.812184
K09022	UPF0076 protein YjgF	50.1675142	40.5118624	16.7128023	56.0983594	52.266271	27.274297	36.9402338	43.4414959	53.7218271	40.0592378	19.9518162	14.815867	34.2747846	27.0679155	63.7066281	10.645798	34.6779087	30.6091781	37.4289856	46.8139347	57.8643428	17.226557	10.0348816	6.6241163	28.5886798	36.1186649	54.313207	22.598017	41.9308528	21.5960942	83.038268	49.3176368	46.8008882	28.3274831	57.6235171	19.587316	54.7591718	57.1137984	110.250414	110.105963	70.5962454	49.8422922
K09023	aminoacrylate hydrolase [EC:3.5.1.-]	0	0	2.6280939	0	0	0.2440167	1.259235	0.0541703	0	0.78708	0.861051	0	0	0.521559	1.70516	0.28428	0.2973294	0.0800354	0	0	0	0	0.0378177	0	0	0	0.0924895	0.153721	2.28257	0	0.5527581	0	5.06059	0.428323	0.1980056	0.141017	0	0.0809627	0	0	0	0.377027
K09024	flavin reductase [EC:1.5.1.-]	0	0	5.739336	0.0198979	0	0.2441564	1.6193011	0.1603859	0	0.300953	0.979311	0.0315815	8.76746	1.991484	17.089686	0.718528	0.4400144	0.100682	0	0	0	0.0337579	0.1082852	0.0389294	0	0	0.174524	0.145032	3.842	0	0.6568748	0.048663	5.77585	0.923926	0.634956	0.604755	0	0.0763865	0	0	0	0.5616033
K09028	transcription factor jun-B	0	0	0	0	0	0	0	0	0	0	0	0	0	0	0	0	0	0	0	0	0	0	0	0	0	0	0	0	0.0351484	0	0	0	0	0	0	0	0	0	0	0	0	0
K09030	fos-like antigen 2	0	0	0	0	0	0	0	0	0	0	0	0	0	0	0	0.0836972	0	0	0	0	0	0	0	0	0	0	0	0	0	0	0	0	0	0	0	0	0	0	0	0	0	0
K09032	activating transcription factor 3	0	0	0	0	0	0	0	0	0	0	0	0	0	0	0	0.053669	0	0	0	0	0	0	0	0	0	0	0	0	0	0	0	0	0	0	0	0	0	0	0	0	0	0
K09034	ATF-like basic leucine zipper transcriptional factor	0	0	0	0	0	0	0	0	0	0	0	0	0	0	0	0.0229063	0	0	0	0	0	0	0	0	0	0	0	0	0	0	0	0	0	0	0	0	0	0	0	0	0	0
K09036	transcription factor MAFB	0	0	0	0	0	0	0	0	0	0	0	0	0	0	0	0.0235741	0	0	0	0	0	0	0	0	0	0	0	0	0	0	0	0	0	0	0	0	0	0	0	0	0	0
K09040	nuclear factor erythroid 2-related factor 1/3	0	0	0	0	0	0	0	0	0	0	0	0	0	0	0	0.042092	0	0	0	0	0	0	0	0	0	0	0	0	0	0	0	0	0	0	0	0	0	0	0	0	0	0
K09042	transcription regulator BACH	0	0	0	0	0	0	0	0	0	0	0	0	0	0	0	0.1537026	0	0	0	0	0	0	0	0	0	0	0	0	0	0	0	0	0	0	0	0	0	0	0	0	0	0
K09057	hepatic leukemia factor	0	0	0	0	0	0	0	0	0	0	0	0	0	0	0	0.0424892	0	0	0	0	0	0	0	0	0	0	0	0	0	0	0	0	0	0	0	0	0	0	0	0	0	0
K09059	nuclear factor, interleukin 3 regulated	0	0	0	0	0	0	0	0	0	0	0	0	0	0	0	0.0573753	0	0	0	0	0	0	0	0	0	0	0	0	0	0	0	0	0	0	0	0	0	0	0	0	0	0
K09064	myogenic factor	0	0	0	0	0	0	0	0	0	0	0	0	0	0	0	0.0679635	0	0	0	0	0	0	0	0	0	0	0	0	0	0	0	0	0	0	0	0	0	0	0	0	0	0
K09067	achaete-scute complex protein	0	0	0	0	0	0	0	0	0	0	0	0	0	0	0	0.1733032	0	0	0	0	0	0	0	0	0	0	0	0	0	0	0	0	0	0	0	0	0	0	0	0	0	0
K09068	T-cell acute lymphocytic leukemia protein	0	0	0	0	0	0	0	0	0	0	0	0	0	0	0	0.1143367	0	0	0	0	0	0	0	0	0	0	0	0	0	0	0	0	0	0	0	0	0	0	0	0	0	0
K09069	twist	0	0	0	0	0	0	0	0	0	0	0	0	0	0	0	0.0410825	0	0	0	0	0	0	0	0	0	0	0	0	0	0	0	0	0	0	0	0	0	0	0	0	0	0
K09072	musculin (activated B-cell factor-1)	0	0	0	0	0	0	0	0	0	0	0	0	0	0	0	0.111995	0	0	0	0	0	0	0	0	0	0	0	0	0	0	0	0	0	0	0	0	0	0	0	0	0	0
K09073	pancreas-specific transcription factor 1a	0	0	0	0	0	0	0	0	0	0	0	0	0	0	0	0.0307608	0	0	0	0	0	0	0	0	0	0	0	0	0	0	0	0	0	0	0	0	0	0	0	0	0	0
K09078	neurogenic differentiation factor 2	0	0	0	0	0	0	0	0	0	0	0	0	0	0	0	0.048386	0	0	0	0	0	0	0	0	0	0	0	0	0	0	0	0	0	0	0	0	0	0	0	0	0	0
K09079	neurogenic differentiation factor 4	0	0	0	0	0	0	0	0	0	0	0	0	0	0	0	0.0468725	0	0	0	0	0	0	0	0	0	0	0	0	0	0	0	0	0	0	0	0	0	0	0	0	0	0
K09080	neurogenic differentiation factor 6	0	0	0	0	0	0	0	0	0	0	0	0	0	0	0	0.0551989	0	0	0	0	0	0	0	0	0	0	0	0	0	0	0	0	0	0	0	0	0	0	0	0	0	0
K09083	atonal protein 1/7	0	0	0	0	0	0	0	0	0	0	0	0	0	0	0	0.0611432	0	0	0	0	0	0	0	0	0	0	0	0	0	0	0	0	0	0	0	0	0	0	0	0	0	0
K09086	class B basic helix-loop-helix protein 4/5	0	0	0	0	0	0	0	0	0	0	0	0	0	0	0	0.113028	0	0	0	0	0	0	0	0	0	0	0	0	0	0	0	0	0	0	0	0	0	0	0	0	0	0
K09116	hypothetical protein	0.965621	0.725115	0.75916	5.74674	2.03649	3.89964	1.20541	5.01431	2.2384467	0.053688	0.860268	0.651213	0.313796	0.410917	0.152211	0.58777	1.239432	1.02092	0.561186	1.73891	2.0774	0.153633	0.340517	2.78209	0.429951	1.13879	2.3794	0	0	3.27211	0.239302	0.987661	0	0	0.406761	1.36208	0.071336	0	3.92528	5.87356	0.412148	0
K09117	hypothetical protein	10.653498	11.4230579	15.0409724	40.7116675	24.114182	1.8780446	0.99658	12.631098	11.494843	5.726195	8.387836	5.1181808	27.8386534	29.096147	1.5821913	5.6232864	26.307556	8.7700491	8.9189526	29.5744814	16.0113562	48.752306	87.3557896	2.6572434	0.561797	15.93514	29.8332902	8.7651658	0.18983	13.3402693	71.0902898	21.7488742	17.3621077	4.913172	30.343769	16.0381663	24.1679298	15.4800573	50.2235461	22.501329	6.4817732	25.8893133
K09118	hypothetical protein	11.05346	31.672299	9.2961303	11.5660528	78.1302144	40.678	15.8253368	11.9834223	8.7082476	0.8813345	0.5486395	1.952158	12.027853	0.1390615	0.0746799	1.3532293	2.9952857	6.904624	2.40718	21.9678132	0.7098497	19.1953647	50.5800868	0.6324191	0	23.259684	23.4944509	2.534298	0	1.756943	25.3671947	10.642778	13.750509	0.6893312	8.8035928	1.8233133	31.474976	12.85521	9.41797	0.481341	17.158201	5.384089
K09119	hypothetical protein	0	0	0	0	0	0	0	2.8031	0.133105	0	0	0	0	0	0	0	2.87923	0	0	0	0	0	0	0	0	0	0	0	0	3.35973	0	0	0	0	0	0	0	0	2.44708	1.16985	0	0
K09121	hypothetical protein	11.961459	11.432978	4.9702534	24.377781	12.38753	5.4124678	9.133238	19.540675	12.315131	5.944147	19.8822916	27.9398277	44.0584624	18.8382087	6.7748047	4.820857	37.579246	6.2722356	7.279338	17.951035	37.209592	12.8623484	16.2807087	2.883186	0.588943	13.114433	25.817568	8.995134	0	22.4763749	43.4373481	26.2855947	13.4769216	31.010878	19.3222635	11.982624	12.6517828	33.3716503	45.6501917	26.4567815	9.459941	35.1693251
K09123	hypothetical protein	0	0	0	0	0	0	0	0	0	0	0	0	0	0	0	0	0	0	0	0	0	0	0	0	0	0	0	0	0	0	0	0	6.94381	0	0	0	0	0	0	0	0	0
K09124	hypothetical protein	3.7377615	2.270306	2.71451	0.112477	0.682109	0.355037	0.929305	1.89495	1.90686	3.016026	3.03511	0	0.177108	0.247384	0	0	16.4304249	3.51153	5.4901	1.746745	0	0	0.1417063	7.28038	0.649233	2.07174	0.376023	12.268483	0	2.347855	0.796158	0.588407	8.6963098	4.929877	1.02409	0	3.532338	6.9595	0.16715	1.42239	3.72188	10.4089608
K09125	hypothetical protein	0.320676	0.9813109	1.259525	0.271427	0.0345816	0.11841	0.8278759	1.4480619	0	0.7555515	2.126975	2.86588	7.50928	3.70142	29.6172	0.174527	0.3858	0.0504874	0	0.0404704	0	0.354064	0.2902962	0.0304472	0	0	0.148208	0.430501	9.61256	3.5399754	0.289256	0.6384508	9.8750459	1.539203	0.093007	0.428225	0	0	1.6668	0	0	1.200312
K09126	hypothetical protein	0	0	0	0	0	0	0	5.66756	0.185396	0	0	0	0	0	0	0	5.12799	0	0	0	0	0	0	0	0	0	0	0	0	6.50315	0	0	0	0	0	0	0	0	6.16141	3.30066	0	0
K09128	hypothetical protein	0.499103	0.227019	0.293677	0.752094	0	0	0	1.725813	0.0678573	0	0.0410077	0.442507	0.710761	0	0	0.0951966	1.2123767	0	0	0.15438	0.046427	0.189875	1.1311072	0	0.268834	0	0.0673749	0.0597803	0	4.328144	1.8774762	1.80087	0.2329374	0	0	0	0.0308654	0.1489901	3.124832	0	0.2149341	0.3040144
K09129	hypothetical protein	0	0	0.0335068	0	0	0	0	0.0506679	0	0	0	0.483197	0.698506	0	0	0	0.317383	0	0	0	0	0.0736583	0.707453	0	0	0	0	0	0	0.981078	0	0	0	0	0	0	0	0	0	0	0	0
K09131	hypothetical protein	0	0.384636	5.3578996	0.9004884	0.181082	0.3441777	3.281108	0.2368316	0.1091603	1.2452363	2.6730348	0	7.125762	10.418604	56.1148277	0.0627893	1.334325	0.0615875	0.0457478	0.610723	0.2945265	0.1689304	0.6940858	0.0961854	0	0.180595	1.04426063	0.532299	5.736245	0.3322332	0.7771443	0.06927141	15.0163158	2.8851999	0.12269	3.958397	0	0.124602	0.0509809	0.0974909	0.301907	3.1070585
K09136	hypothetical protein	0	0.314206	3.710247	0.293492	0	0.243416	2.13689	1.8044459	0.0498663	0.3419137	1.115419	0.0219847	3.37486	4.58932	12.492	0.626707	0.441405	0.2989642	0.15904	0	0	0.123365	0.2560015	0.100426	0	0	0.122077	0.4264696	3.100549	2.5702152	0.813912	0.1298077	3.80396	1.66289	0	0.7926	0	0.0218374	1.9217	0	0	1.95568
K09137	hypothetical protein	0	0	0	0	0	0	0	0	0	0	0	0	0.186537	0.0884206	0	0	0.0800369	0	0	0	0	0	0	0	0	0	0	0	0	0	0	0.10367	0	0	0	0	0	0	0	0	0	0
K09138	hypothetical protein	2.37743	0.634311	0.0358886	4.603147	0.634582	0.343499	0.5996417	0	0.0379465	0.311863	0.1924337	0.393339	0.0947681	0	0	0.783325	0.139456	0.076174	0.0605289	0.981978	0.7229016	1.000061	0.563893	0.4197167	1.8994585	0.148911	0.817396	0.316993	0.203984	0.305869	0.7043802	0.1959839	2.78567	1.82854	0.1521903	0.1634479	0.754034	0.37244	0.13416	0.346339	0.921083	0
K09139	hypothetical protein	0	0	0.253243	0	0	0	0	1.91657	0	0	0	0	0	0	0	0	0.31125	0	0	0	0	0	0	0	0	0	0	0	0	2.83064	0	0	0	0	0	0	0	0	1.88408	0	0	0
K09140	hypothetical protein	0	0	0.163689	0	0	0	0	5.51615	0.3309432	0	0	0	0	0	0	0	4.677487	0	0	0	0	0	0	0	0	0	0	0	0	7.43742	0	0	0	0	0	0	0	0	7.32119	2.54108	0	0
K09141	hypothetical protein	0	0	0.231795	0.600516	0	0	0	2.33	0.0411991	0	0	0	0	0	0	0.78973	0.43829	0	0	0	0	0.300858	0.0577919	0	0	0	0	0	0	3.118822	0.277884	0.079821	0	0	0.14213	0	0	0	1.94456	0	0	0
K09142	hypothetical protein	0	0	0.184506	0	0	0	0	1.96768	0.100311	0	0	0	0	0	0	0	0.760338	0	0	0	0	0	0	0	0	0	0	0	0	2.72811	0	0	0	0	0	0	0	0	2.11462	0	0	0
K09153	hypothetical protein	0	0	0	0	0.128952	0	0	0	0	0	0	0	0	0	0	0	0.104592	0	0.0685587	0.130473	0.0657716	0	0.0452771	0.7359407	0.0476407	0	0	0	0	0	0.51739	0.225404	0	0	0	0.0461084	0	0	0	0	0	0.160295
K09154	hypothetical protein	0	0	0.354198	0	0	0	0	1.48922	0.136402	0	0	0	0	0	0	0	0.746278	0	0	0	0	0	0	0	0	0	0	0	0	2.47312	0	0	0	0	0	0	0	0	1.94279	0	0	0
K09155	hypothetical protein	0.260755	0.103008	2.4060556	1.144215	0.1354664	0.0840319	0.1823342	0.1898424	0	5.7405081	11.179687	2.34905	2.526687	0.2467163	0.258348	0.8561144	0.0604809	0.0855726	0.102655	0.0568925	0.108912	3.826317	0.629512	7.5490063	0.429634	0	1.767917	0.0451997	0	1.379807	1.416218	1.4980413	0.1849129	0.43118	2.4545539	3.5346035	0	0	0.111117	0.362455	0	5.069624
K09157	hypothetical protein	52.1946443	71.6285058	27.7286786	69.0390722	132.8556782	94.2975318	73.2719616	51.3036974	62.9038944	82.6257975	57.009686	5.4511239	48.1752468	19.1629261	5.3380633	10.81811	32.0303108	43.4377794	47.3961854	101.4784777	73.807565	56.3934941	80.8329373	61.8449077	49.618237	59.2808625	102.8312426	14.9974605	5.26157	19.4724323	71.963528	56.0871998	53.577458	42.6230704	56.265115	34.193248	84.9302193	60.428601	66.009809	96.3293721	104.7664926	56.0004367
K09158	hypothetical protein	0	0.7136	12.640736	0	0.0199785	0.6624619	4.832106	0.15467	0	0.885287	1.683918	0	9.23989	10.275405	38.02666	1.24257	1.0495897	0.1434906	0	0	0.0204761	0.0749505	0.5765279	0.0406241	0	0	0.452712	0.753638	5.12894	0.3237694	1.2780437	0.149139	28.725191	2.9652	0.9234378	3.513949	0	0	0	0	0	2.5984701
K09159	hypothetical protein	0	0.695303	9.20024	0.0136766	0	0.386662	0.849371	0.127771	0	0.0180542	3.44128	0.28744	18.63826	15.45636	74.3318	0	1.744366	0.2000738	0	0.0797333	0	0.3206917	0.210422	0	0	0	0.815083	1.317066	7.73843	0.157734	0.389148	0	36.0152338	3.35709	0.147857	6.4042	0	0.502715	0	0	0	2.66079
K09160	hypothetical protein	0	0.2178111	6.937181	0	0	0.1781236	3.432957	0	0	0.5178039	1.609715	0	9.930637	8.5296	26.83826	0.685608	0.701679	0.260831	0	0	0	0.2547703	0.278021	0	0	0	0.2010261	0	4.197607	0.1873385	0.984918	0.0544932	25.839645	1.7620035	0.728085	3.26413	0	0.267424	0	0	0	2.5224844
K09161	hypothetical protein	0	0.681195	6.20807	0	0	0.31619	3.217222	0.16988	0	0.084309	1.691605	0.0284683	4.92139	5.85575	18.2374	0.872498	0.641309	0.0293814	0	0	0	0.099065	0.3356278	0	0	0	0.1495917	0.2417201	2.487189	0	0.5426039	0	10.733467	2.5964843	0.250714	1.741695	0	0.127311	0	0	0	2.363162
K09163	hypothetical protein	0.2906479	1.389395	0.0989739	0	0	0.0490713	0.0407468	2.0743188	0.2117093	0.54405	0.209283	0.481419	1.7335997	0	0	0	0.561169	0.057402	0.5954902	0.1362642	0.187572	0.6778222	0.5336406	0	0.134657	0.267904	0.100603	0.644147	0	2.3583628	0.4708	1.06055	0.340234	0.14826	0.100008	1.051342	0.3203776	1.0024373	0.2858459	0.0980325	0.0995765	3.0417507
K09167	hypothetical protein	0.251223	0	0.112444	0.910762	0.0502116	0	0	0	0.102086	0.1536835	0.0661956	0.0992051	0.14341	0	0	0.182811	0	0	2.68345	0.5917083	0.102441	0.0756138	0.0484156	0.1757806	0.1112249	0.3140016	0.279105	0.0983994	0	0.326635	0.1028298	0	0.128717	0.3423599	0	0.0790586	0	0.304933	0.108278	0.105392	0.502289	0.224697
K09176	transcription factor AP-2 alpha/beta	0	0	0	0	0	0	0	0	0	0	0	0	0	0	0	0.0171607	0	0	0	0	0	0	0	0	0	0	0	0	0	0	0	0	0	0	0	0	0	0	0	0	0	0
K09181	hypothetical protein	0.21865	0.273987	0.178088	0	0	0.0141934	0.399466	0	0	0.1717383	0.449123	2.52935	5.339358	2.96801	18.06405	0	0.184219	0.0137046	0	0	0	0.5911247	0.1537474	0	0	0	0.125714	0.223789	1.0209	0.208318	0.141434	0.74851	7.637161	1.80148	0	0.923211	0	0	0	0	0	1.177618
K09195	transcription factor Sp5	0	0	0	0	0	0	0	0	0	0	0	0	0	0	0	0.0639792	0	0	0	0	0	0	0	0	0	0	0	0	0	0	0	0	0	0	0	0	0	0	0	0	0	0
K09201	transcription factor YY	0	0	0	0	0	0	0	0	0	0	0	0	0	0	0	0.0414713	0	0	0	0	0	0	0	0	0	0	0	0	0	0	0	0	0	0	0	0	0	0	0	0	0	0
K09210	krueppel-like factor 15	0	0	0	0	0	0	0	0	0	0	0	0	0	0	0	0.0522953	0	0	0	0	0	0	0	0	0	0	0	0	0	0	0	0	0	0	0	0	0	0	0	0	0	0
K09215	odd-skipped	0	0	0	0	0	0	0	0	0	0	0	0	0	0	0	0.0591007	0	0	0	0	0	0	0	0	0	0	0	0	0	0	0	0	0	0	0	0	0	0	0	0	0	0
K09228	KRAB domain-containing zinc finger protein	0	0	0	0	0	0	0	0	0	0	0	0	0	0	0	0.0726948	0	0	0	0	0	0	0	0	0	0	0	0	0	0	0	0	0	0	0	0	0	0	0	0	0	0
K09229	KRAB and SCAN domains-containing zinc finger protein	0	0	0	0	0	0	0	0	0	0	0	0	0	0	0	0.0307606	0	0	0	0	0	0	0	0	0	0	0	0	0	0	0	0	0	0	0	0	0	0	0	0	0	0
K09230	SCAN domain-containing zinc finger protein	0	0	0	0	0	0	0	0	0	0	0	0	0	0	0	0.1598136	0	0	0	0	0	0	0	0	0	0	0	0	0	0	0	0	0	0	0	0	0	0	0	0	0	0
K09236	teashirt	0	0	0	0	0	0	0	0	0	0	0	0	0	0	0	0.1595563	0	0	0	0	0	0	0	0	0	0	0	0	0	0	0	0	0	0	0	0	0	0	0	0	0	0
K09239	human immunodeficiency virus type I enhancer-binding protein	0	0	0	0	0	0	0	0	0	0	0	0	0	0	0	0.0585282	0	0	0	0	0	0	0	0	0	0	0	0	0	0	0	0	0	0	0	0	0	0	0	0	0	0
K09251	putrescine aminotransferase [EC:2.6.1.82]	0	0.530926	4.15139	0	0.0128164	0.300172	3.15087	2.4576085	5.10309	0.762282	0.280793	0.0123026	3.19985	4.8227	11.7401	0.584294	0.194558	0.8440359	1.89207	0	0	0.2480097	0.841651	17.9015	4.95744	0	0.126524	0.0345859	0.441909	0.6372812	0.914499	0.389887	3.23108	1.59778	5.910848	1.246067	0	0.1380248	2.01418	22.621	2.92002	1.42219
K09267	transcription factor SOX1/2/3/14/21 (SOX group B)	0	0	0	0	0	0	0	0	0	0	0	0	0	0	0	0.0807374	0	0	0	0	0	0	0	0	0	0	0	0	0	0	0	0	0	0	0	0	0	0	0	0	0	0
K09268	transcription factor SOX4/11/12 (SOX group C)	0	0	0	0	0	0	0	0	0	0	0	0	0	0	0	0.00671117	0	0	0	0	0	0	0	0	0	0	0	0	0	0	0	0	0	0	0	0	0	0	0	0	0	0
K09270	transcription factor SOX7/8/9/10/18 (SOX group E/F)	0	0	0	0	0	0	0	0	0	0	0	0	0	0	0	0.0975444	0	0	0	0	0	0	0	0	0	0	0	0	0	0	0	0	0	0	0	0	0	0	0	0	0	0
K09271	transcription factor SOX, other	0	0	0	0	0	0	0	0	0	0	0	0	0	0	0	0.0680708	0	0	0	0	0	0	0	0	0	0	0	0	0	0	0	0	0	0	0	0	0	0	0	0	0	0
K09294	homeobox protein HoxA/B/C/D9	0	0	0	0	0	0	0	0	0	0	0	0	0	0	0	0.1874384	0	0	0	0	0	0	0	0	0	0	0	0	0	0	0	0	0	0	0	0	0	0	0	0	0	0
K09297	homeobox protein HoxC/D12	0	0	0	0	0	0	0	0	0	0	0	0	0	0	0	0.1310996	0	0	0	0	0	0	0	0	0	0	0	0	0	0	0	0	0	0	0	0	0	0	0	0	0	0
K09298	homeobox protein HoxA/C/D13	0	0	0	0	0	0	0	0	0	0	0	0	0	0	0	0.0463708	0	0	0	0	0	0	0	0	0	0	0	0	0	0	0	0	0	0	0	0	0	0	0	0	0	0
K09301	homeobox protein HoxA/B/D1	0	0	0	0	0	0	0	0	0	0	0	0	0	0	0	0.0378649	0	0	0	0	0	0	0	0	0	0	0	0	0	0	0	0	0	0	0	0	0	0	0	0	0	0
K09302	homeobox protein HoxA/B2	0	0	0	0	0	0	0	0	0	0	0	0	0	0	0	0.0882995	0	0	0	0	0	0	0	0	0	0	0	0	0	0	0	0	0	0	0	0	0	0	0	0	0	0
K09303	homeobox protein HoxA/B/D3	0	0	0	0	0	0	0	0	0	0	0	0	0	0	0	0.0933756	0	0	0	0	0	0	0	0	0	0	0	0	0	0	0	0	0	0	0	0	0	0	0	0	0	0
K09304	homeobox protein HoxA/B/C/D4	0	0	0	0	0	0	0	0	0	0	0	0	0	0	0	0.0390931	0	0	0	0	0	0	0	0	0	0	0	0	0	0	0	0	0	0	0	0	0	0	0	0	0	0
K09306	homeobox protein HoxA/B/C6	0	0	0	0	0	0	0	0	0	0	0	0	0	0	0	0.0337191	0	0	0	0	0	0	0	0	0	0	0	0	0	0	0	0	0	0	0	0	0	0	0	0	0	0
K09310	homeobox protein GSH	0	0	0	0	0	0	0	0	0	0	0	0	0	0	0	0.0178654	0	0	0	0	0	0	0	0	0	0	0	0	0	0	0	0	0	0	0	0	0	0	0	0	0	0
K09314	homeobox protein DLX1/4/6	0	0	0	0	0	0	0	0	0	0	0	0	0	0	0	0.0179076	0	0	0	0	0	0	0	0	0	0	0	0	0	0	0	0	0	0	0	0	0	0	0	0	0	0
K09317	homeobox protein EMX	0	0	0	0	0	0	0	0	0	0	0	0	0	0	0	0.0282858	0	0	0	0	0	0	0	0	0	0	0	0	0	0	0	0	0	0	0	0	0	0	0	0	0	0
K09321	homeobox protein GBX	0	0	0	0	0	0	0	0	0	0	0	0	0	0	0	0.0363512	0	0	0	0	0	0	0	0	0	0	0	0	0	0	0	0	0	0	0	0	0	0	0	0	0	0
K09323	homeobox protein aristaless-like 3	0	0	0	0	0	0	0	0	0	0	0	0	0	0	0	0.0586932	0	0	0	0	0	0	0	0	0	0	0	0	0	0	0	0	0	0	0	0	0	0	0	0	0	0
K09324	homeobox protein goosecoid	0	0	0	0	0	0	0	0	0	0	0	0	0	0	0	0.0490487	0	0	0	0	0	0	0	0	0	0	0	0	0	0	0	0	0	0	0	0	0	0	0	0	0	0
K09331	short stature homeobox protein	0	0	0	0	0	0	0	0	0	0	0	0	0	0	0	0.0102633	0	0	0	0	0	0	0	0	0	0	0	0	0	0	0	0	0	0	0	0	0	0	0	0	0	0
K09333	retina and anterior neural fold homeobox-like protein	0	0	0	0	0	0	0	0	0	0	0	0	0	0	0	0.0704039	0	0	0	0	0	0	0	0	0	0	0	0	0	0	0	0	0	0	0	0	0	0	0	0	0	0
K09336	visual system homeobox protein 2	0	0	0	0	0	0	0	0	0	0	0	0	0	0	0	0.0427943	0	0	0	0	0	0	0	0	0	0	0	0	0	0	0	0	0	0	0	0	0	0	0	0	0	0
K09341	homeobox protein MSX	0	0	0	0	0	0	0	0	0	0	0	0	0	0	0	0.1103063	0	0	0	0	0	0	0	0	0	0	0	0	0	0	0	0	0	0	0	0	0	0	0	0	0	0
K09345	homeobox protein Nkx-2.5	0	0	0	0	0	0	0	0	0	0	0	0	0	0	0	0.0431322	0	0	0	0	0	0	0	0	0	0	0	0	0	0	0	0	0	0	0	0	0	0	0	0	0	0
K09346	homeobox protein Nkx-2.6	0	0	0	0	0	0	0	0	0	0	0	0	0	0	0	0.0621283	0	0	0	0	0	0	0	0	0	0	0	0	0	0	0	0	0	0	0	0	0	0	0	0	0	0
K09347	homeobox protein Nkx-2.8	0	0	0	0	0	0	0	0	0	0	0	0	0	0	0	0.0926553	0	0	0	0	0	0	0	0	0	0	0	0	0	0	0	0	0	0	0	0	0	0	0	0	0	0
K09348	homeobox protein Nkx-3.1	0	0	0	0	0	0	0	0	0	0	0	0	0	0	0	0.0135234	0	0	0	0	0	0	0	0	0	0	0	0	0	0	0	0	0	0	0	0	0	0	0	0	0	0
K09349	homeobox protein Nkx-5	0	0	0	0	0	0	0	0	0	0	0	0.0327322	0	0	0	0.0909422	0	0	0	0	0	0	0	0	0	0	0	0	0	0	0	0	0	0	0	0	0	0	0	0	0	0
K09350	homeobox protein Nkx-6.2	0	0	0	0	0	0	0	0	0	0	0	0	0	0	0	0.0254694	0	0	0	0	0	0	0	0	0	0	0	0	0	0	0	0	0	0	0	0	0	0	0	0	0	0
K09353	homeobox protein LBX	0	0	0	0	0	0	0	0	0	0	0	0	0	0	0	0.0830013	0	0	0	0	0	0	0	0	0	0	0	0	0.0383312	0	0	0	0	0	0	0	0	0	0	0	0	0
K09366	POU domain transcription factor, class 4	0	0	0	0	0	0	0	0	0	0	0	0	0	0	0	0.01624937	0	0	0	0	0	0	0	0	0	0	0	0	0	0	0	0	0	0	0	0	0	0	0	0	0	0
K09368	POU domain transcription factor, class 6	0	0	0	0	0	0	0	0	0	0	0	0	0	0	0	0.0433847	0	0	0	0	0	0	0	0	0	0	0	0	0	0	0	0	0	0	0	0	0	0	0	0	0	0
K09372	LIM homeobox protein 1/5	0	0	0	0	0	0	0	0	0	0	0	0	0	0	0	0	0	0	0	0	0	0	0	0	0	0	0	0	0.0208793	0	0	0	0	0	0	0	0	0	0	0	0	0
K09379	zinc finger homeobox protein 2	0	0	0	0	0	0	0	0	0	0	0	0	0	0	0	0.0288675	0	0	0	0	0	0	0	0	0	0	0	0	0	0	0	0	0	0	0	0	0	0	0	0	0	0
K09384	hypothetical protein	2.5656791	0.818984	1.322574	1.711548	0.835229	2.9728707	6.278229	3.0767127	2.91911	3.6200342	3.8254857	5.0218457	1.1878976	11.828194	5.4054664	0.960004	18.086578	0.777262	2.05376	14.7437991	32.3662	1.68293	3.5020651	18.645369	13.936491	1.717164	4.6201324	0.5114147	0	1.7813278	5.4994151	14.856164	6.7698938	0.9707009	5.267648	20.244002	3.3076932	1.560678	0.634153	0.794852	0.8393378	4.2644806
K09387	forkhead box protein A1, hepatocyte nuclear factor 3-alpha	0	0	0	0	0	0	0	0	0	0	0	0	0	0	0	0.0827652	0	0	0	0	0	0	0	0	0	0	0	0	0	0	0	0	0	0	0	0	0	0	0	0	0	0
K09388	hypothetical protein	0	0	0	0	0	0	0	0	0	0	0	0	0	0	0	0	0	0	0	0	0	0	0	0	0	0	0	0	0	0	0	0	0	0	0	0	0	0	0.0611771	0.0499938	0.0485116	0
K09390	E2F transcription factor 6	0	0	0	0	0	0	0	0	0	0	0	0	0	0	0	0.0520297	0	0	0	0	0	0	0	0	0	0	0	0	0	0	0	0	0	0	0	0	0	0	0	0	0	0
K09393	transcription factor Dp-3	0	0	0	0	0	0	0	0	0	0	0	0	0	0	0	0.0759092	0	0	0	0	0	0	0	0	0	0	0	0	0	0	0	0	0	0	0	0	0	0	0	0	0	0
K09395	forkhead box protein B	0	0	0	0	0	0	0	0	0	0	0	0	0	0	0	0.0223085	0	0	0	0	0	0	0	0	0	0	0	0	0	0	0	0	0	0	0	0	0	0	0	0	0	0
K09396	forkhead box protein C	0	0	0	0	0	0	0	0	0	0	0	0	0	0	0	0.0168478	0	0	0	0	0	0	0	0	0	0	0	0	0	0	0	0	0	0	0	0	0	0	0	0	0	0
K09397	forkhead box protein D	0	0	0	0	0	0	0	0	0	0	0	0.0384505	0	0	0	0.4592636	0	0	0	0	0	0	0	0	0	0	0	0	0	0	0	0	0	0	0	0	0	0	0	0	0	0
K09398	forkhead box protein E	0	0	0	0	0	0	0	0	0	0	0	0	0	0	0	0.0317071	0	0	0	0	0	0	0	0	0	0	0	0	0	0	0	0	0	0	0	0	0	0	0	0	0	0
K09399	forkhead box protein F	0	0	0	0	0	0	0	0	0	0	0	0	0	0	0	0.0460922	0	0	0	0	0	0	0	0	0	0	0	0	0	0	0	0	0	0	0	0	0	0	0	0	0	0
K09401	forkhead box protein I	0	0	0	0	0	0	0	0	0	0	0	0	0	0	0	0.0530231	0	0	0	0	0	0	0	0	0	0	0	0	0	0	0	0	0	0	0	0	0	0	0	0	0	0
K09408	forkhead box protein O3	0	0	0	0	0	0	0	0	0	0	0	0	0	0	0	0.0249373	0	0	0	0	0	0	0	0	0	0	0	0	0	0	0	0	0	0	0	0	0	0	0	0	0	0
K09433	ETS translocation variant 3	0	0	0	0	0	0	0	0	0	0	0	0	0	0	0	0.101206	0	0	0	0	0	0	0	0	0	0	0	0	0	0	0	0	0	0	0	0	0	0	0	0	0	0
K09440	transcription factor Spi-C	0	0	0	0	0	0	0	0	0	0	0	0	0	0	0	0.029705	0	0	0	0	0	0	0	0	0	0	0	0	0	0	0	0	0	0	0	0	0	0	0	0	0	0
K09441	GA-binding protein transcription factor, alpha	0	0	0	0	0	0	0	0	0	0	0	0	0	0	0	0.0184877	0	0	0	0	0	0	0	0	0	0	0	0	0	0	0	0	0	0	0	0	0	0	0	0	0	0
K09456	putative acyl-CoA dehydrogenase	0	0.180418	3.4826887	0	0	0.0182695	0.0835548	0.030756	0	0.0197257	0.1342383	0	3.395053	1.22766	11.7804	0.103426	0.2011419	0.0101206	0	0	0	0	0	0	0	0	0.0290123	0	0	0	0.0435809	0	3.94667	0.652706	0.0342439	0.310982	0	0.0399928	0	0	0	0.16629
K09457	7-cyano-7-deazaguanine reductase [EC:1.7.1.13]	45.303828	34.3297446	5.2810921	23.8119315	26.72075	43.3671933	39.9706371	10.641146	18.0144993	48.140158	31.905305	35.4444907	12.516217	18.8124444	3.2506165	27.836363	12.1125968	19.2117699	18.5967155	52.7694535	40.257141	17.253399	9.958628	40.7467676	23.093131	26.673444	48.434576	27.411674	62.98105	12.8415857	9.1947103	17.1691462	18.8321541	16.69063	24.062299	2.3120231	39.766764	46.127679	59.8354414	75.6283346	68.3191446	7.4809377
K09458	3-oxoacyl-[acyl-carrier-protein] synthase II [EC:2.3.1.179]	46.8778893	30.9675261	15.6146712	21.117581	20.7566063	18.2839896	21.7657396	8.150896	9.8676723	16.0149293	13.6286796	13.4185929	22.8758838	31.9255471	22.7848784	21.5002476	4.137384	7.5710483	9.313078	40.1966628	31.106468	43.1071147	71.1995327	6.5603879	16.0440031	16.8198409	25.3432729	27.8452888	9.796054	12.7285868	5.2072451	8.7574129	33.8314951	23.6907599	4.742828	6.318421	28.0902296	37.2893819	54.1614821	75.7658084	72.6850592	10.6208334
K09459	phosphonopyruvate decarboxylase [EC:4.1.1.82]	0	0	0	0	0	0	0	0.272105	0	0	0	0	0	0	0	0	0	0	0	0	0	0	0	0	0	0	0	0	0	0	0	0	0	0	0	0	0	0	0	0	0	0
K09469	2-aminoethylphosphonate-pyruvate transaminase	0	0.0743945	0	0	0	0	0	0	0	0.247595	0	0.432491	0.175058	0	0	4.06231	0	0.232284	0	0.150607	0.0714556	0.0319266	0	0	0.541899	0.174649	0	3.20877	3.39483	0.075946	0	0.148679	0.11223	0.18258	0	0	0	0.135562	0	0.0541599	0	0.296052
K09470	gamma-glutamylputrescine synthase [EC:6.3.1.11]	0	0	1.0998052	0	0	0.217711	1.614664	0	0	0.751893	0	0	2.57957	2.66223	8.9602	0.111362	0.0234665	0	0	0	0	0.0101542	0.148738	0.00699178	0	0	0.0157039	0	0	0	0.180072	0	0.187517	0.425321	0	0.0738567	0	0	0	0	0	0.572213
K09471	gamma-glutamylputrescine oxidase [EC:1.4.3.-]	0	0	0.58268	0	0	0.016611	0.0847799	0	0	0	0	0.0319146	2.7582	1.67366	9.21409	0	0.106965	0	0	0	0	0.0113153	0.0227623	0	0	0	0.0159952	0.0264234	0	0	0.0259206	0	2.22796	0.205044	0	0.398464	0	0	0	0	0	0.164632
K09472	gamma-glutamyl-gamma-aminobutyraldehyde dehydrogenase [EC:1.2.1.-]	0	0	1.2985	0.443351	0	0.0129934	0.953921	0	0	0	0	0	3.67588	1.75097	9.24045	0.39915	0.158217	0	0	0	0	0.2286946	0.0514232	0	0	0	0.066975	0.017397	0	0.0613798	0.2895533	0	2.22306	1.106822	0.0639294	0.511465	0	0	0	0	0	0.317766
K09473	gamma-glutamyl-gamma-aminobutyrate hydrolase [EC:3.5.1.94]	0	0	2.330382	0	0	0	0.0671099	0	0	0	0	0.126923	1.02766	1.64542	7.32882	0.230329	0.31518	0	0	0	0	0	0.0573627	0.0325115	0	0	0.0570582	0.276644	0	0	0.0244714	0	5.27246	0.165441	0.1969024	0.515664	0	0	0	0	0	0.19431
K09474	acid phosphatase (class A) [EC:3.1.3.2]	0	0	0	0	0	0.548706	2.22919	0.267158	0.0965911	1.6839	2.25359	0.160912	4.44549	0.907052	0.175516	4.85192	0.543215	0.332396	0.0924442	0.535625	0.6231	0.844897	0.471184	0.660867	1.01831	2.62625	0.946579	21.693	0.189149	2.0331	0	0.515208	3.3637	4.7578	0	0.0345019	2.31694	0.966755	0.160992	0.0979544	0	0
K09475	outer membrane pore protein C	0	0.0386465	0	0	0	0.0190743	0.4298392	0	0	0	0.252173	0	0.70853	0.661699	0	0	0.447036	0	0	0	0	0.0127583	0.0454763	0	0	0	0.0766118	0.045844	2.74887	0	0.179663	0	2.902886	0.3071251	0	0.0660853	0	0.0285664	0	0	0	0.5893085
K09476	outer membrane pore protein F	0	0.17327	2.539109	0	0	0	0.473611	0	0	0.0182138	0	0	3.11139	2.37211	12.4176	0.19895	0.1639361	0	0	0	0	0.0774258	0.0738706	0.0204671	0	0	0.120272	0	0.16499	0	0.102878	0	1.36437	0.274299	0.161978	0.888777	0	0	0	0	0	0.59013
K09477	citrate:succinate antiporter	0	0.192611	1.91494	0	0	0.013241	0.613197	0.0123949	0	0.0113259	0	0	3.98351	1.95737	6.93312	0	0.210139	0.022545	0	0	0	0.00978124	0.124488	0	0	0	0.124375	0.0343705	0	0	0.2294	0	5.19149	1.14788	0	1.39729	0	0.0144681	0	0	0	1.01125
K09481	protein transport protein SEC61 subunit beta	0	0	0	0	0	0	0	0	0	0	0	0.02638377	0	0	0	0	0	0	0	0	0	0	0	0	0	0	0	0	0	0	0	0	0	0	0	0	0	0	0	0	0	0
K09482	glutamyl-tRNA(Gln) amidotransferase subunit D [EC:6.3.5.7]	0	0	0.211764	0	0	0	0	6.55074	0.349671	0	0	0	0	0	0	0	4.897385	0	0	0	0	0	0	0	0	0	0	0	0	7.47362	0	0	0	0	0	0	0	0	8.06009	3.12112	0	0
K09490	heat shock 70kDa protein 5	0	0	0	0	0	0	0	0	0	0	0	0	0	0	0	0.0142021	0	0	0	0	0	0	0	0	0	0	0	0	0	0	0	0	0	0	0	0	0	0	0	0	0	0
K09501	serpin peptidase inhibitor, clade H, member 1	0	0	0	0	0	0	0	0	0	0	0	0	0	0	0	0.0336662	0	0	0	0	0	0	0	0	0	0	0	0	0	0	0	0	0	0	0	0	0	0	0	0	0	0
K09507	DnaJ homolog subfamily B member 1	0	0	0	0	0	0	0	0	0	0	0	0	0	0	0	0.0705609	0	0	0	0	0	0	0	0	0	0	0	0	0	0	0	0	0	0	0	0	0	0	0	0	0	0
K09509	DnaJ homolog, subfamily B, member 3	0	0	0	0	0	0	0	0	0	0	0	0	0	0	0	0.0573399	0	0	0	0	0	0	0	0	0	0	0	0	0	0	0	0	0	0	0	0	0	0	0	0	0	0
K09514	DnaJ homolog, subfamily B, member 8	0	0	0	0	0	0	0	0	0	0	0	0	0	0	0	0.1093	0	0	0	0	0	0	0	0	0	0	0	0	0	0	0	0	0	0	0	0	0	0	0	0	0	0
K09516	all-trans-retinol 13,14-reductase [EC:1.3.99.23]	0	0	0	0	0	0.0699468	0.0624446	0	0	0.0431519	0	1.073954	0.257445	0	0	1.4948556	0.305759	0	0	0	0	0.382298	0.128513	0.118747	0	0	0.0597536	0.04975	0	2.26386	0.2963068	0.4918508	0.100437	0	0	0.0364537	0	0.573133	0	0	0	0
K09544	heat shock 27kDa protein 3	0	0	0	0	0	0	0	0	0	0	0	0	0	0	0	0.0882025	0	0	0	0	0	0	0	0	0	0	0	0	0	0	0	0	0	0	0	0	0	0	0	0	0	0
K09547	heat shock 27kDa protein 9	0	0	0	0	0	0	0	0	0	0	0	0	0	0	0	0.103282	0	0	0	0	0	0	0	0	0	0	0	0	0	0	0	0	0	0	0	0	0	0	0	0	0	0
K09559	BCL2-associated athanogene 5	0	0	0	0	0	0	0	0	0	0	0	0	0	0	0	0.0411011	0	0	0	0	0	0	0	0	0	0	0	0	0	0	0	0	0	0	0	0	0	0	0	0	0	0
K09560	suppressor of tumorigenicity protein 13	0	0	0	0	0	0	0	0	0	0	0	0	0	0	0	0.0381741	0	0	0	0	0	0	0	0	0	0	0	0	0	0	0	0	0	0	0	0	0	0	0	0	0	0
K09567	peptidyl-prolyl isomerase H (cyclophilin H) [EC:5.2.1.8]	0	0	0	0	0	0	0	0	0	0	0	0	0	0	0	0.0091744	0	0	0	0	0	0	0	0	0	0	0	0	0	0	0	0	0	0	0	0	0	0	0	0	0	0
K09568	FK506-binding protein 1	0	0	0	0	0	0	0	0	0	0	0	0	0	0	0	0.0763153	0	0	0	0	0	0	0	0	0	0	0	0	0	0	0	0	0	0	0	0	0	0	0	0	0	0
K09571	FK506-binding protein 4/5 [EC:5.2.1.8]	0	0	0	0	0	0	0	0	0	0	0	0	0	0	0	0.0277651	0	0	0	0	0	0	0	0	0	0	0	0	0	0	0	0	0	0	0	0	0	0	0	0	0	0
K09575	FK506-binding protein 9/10	0	0	0	0	0	0	0	0	0	0	0	0	0	0	0	0.0520511	0	0	0	0	0	0	0	0	0	0	0	0	0	0	0	0	0	0	0	0	0	0	0	0	0	0
K09586	endoplasmic reticulum protein 29	0	0	0	0	0	0	0	0	0	0	0	0	0	0	0	0.0421777	0	0	0	0	0	0	0	0	0	0	0	0	0	0	0	0	0	0	0	0	0	0	0	0	0	0
K09592	hypoxia-inducible factor prolyl hydroxylase [EC:1.14.11.29]	0	0	0	0	0	0	0	0	0	0	0	0	0	0	0	0.0145167	0	0	0	0	0	0	0	0	0	0	0	0	0	0	0	0	0	0	0	0	0	0	0	0	0	0
K09612	alkaline phosphatase isozyme conversion protein	0	0	1.25656	0	0	0.0836437	0.491128	0	0	0.0089204	0	0	8.74873	5.83098	31.3754	0	0.518248	0.0107333	0	0	0	0	0.166723	0	0	0	0.284614	0.150259	0.251397	0	0	0	0	0.628102	0.048703	1.90784	0	0	0	0	0	0.742257
K09621	kallikrein 12	0	0	0	0	0	0	0	0	0	0	0	0	0	0	0	0.0318372	0	0	0	0	0	0	0	0	0	0	0	0	0	0	0	0	0	0	0	0	0	0	0	0	0	0
K09624	protease, serine, 12 (neurotrypsin, motopsin)	0	0	0	0	0	0	0	0	0	0	0	0	0	0	0	0.060362	0	0	0	0	0	0	0	0	0	0	0	0	0	0	0	0	0	0	0	0	0	0	0	0	0	0
K09629	protease, serine, 33	0	0	0	0	0	0	0	0	0	0	0	0	0	0	0	0.033493	0	0	0	0	0	0	0	0	0	0	0	0	0	0	0	0	0	0	0	0	0	0	0	0	0	0
K09647	mitochondrial inner membrane protease subunit 1 [EC:3.4.21.-]	0	0	0	0	0	0	0	0	0	0	0	0	0.0359723	0	0	0	0	0	0	0	0	0	0	0	0	0	0	0	0	0	0	0	0	0	0	0	0	0	0	0	0	0
K09650	rhomboid-like protein	0	0	0	0	0	0	0	0	0	0	0	0	0	0	0	0.0298861	0	0	0	0	0	0	0	0	0	0	0	0	0	0	0	0	0	0	0	0	0	0	0	0	0	0
K09653	C1GALT1-specific chaperone 1 [EC:2.4.1.-]	0	0	0	0	0	0	0	0	0	0	0	0	0	0	0	0.0522481	0	0	0	0	0	0	0	0	0	0	0	0	0	0	0	0	0	0	0	0	0	0	0	0	0	0
K09659	dolichyl-phosphate mannosyltransferase polypeptide 3	0	0	0	0	0	0	0	0	0	0	0	0	0	0	0	0.0260588	0	0	0	0	0	0	0	0	0	0	0	0	0	0	0	0	0	0	0	0	0	0	0	0	0	0
K09662	N-acetylglucosaminyltransferase 3, mucin type [EC:2.4.1.-]	0	0	0	0	0	0	0	0	0	0	0	0	0	0	0	0.0629602	0	0	0	0	0	0	0	0	0	0	0	0	0	0	0	0	0	0	0	0	0	0	0	0	0	0
K09664	beta-1,3-N-acetylglucosaminyltransferase 7 [EC:2.4.1.-]	0	0	0	0	0	0	0	0	0	0	0	0	0	0	0	0.0741433	0	0	0	0	0	0	0	0	0	0	0	0	0	0	0	0	0	0	0	0	0	0	0	0	0	0
K09665	beta-1,3-N-acetylglucosaminyltransferase 8	0	0	0	0	0	0	0	0	0	0	0	0	0	0	0	0.0852565	0	0	0	0	0	0	0	0	0	0	0	0	0	0	0	0	0	0	0	0	0	0	0	0	0	0
K09671	carbohydrate 6-sulfotransferase 6 [EC:2.8.2.-]	0	0	0	0	0	0	0	0	0	0	0	0	0	0	0	0.1168871	0	0	0	0	0	0	0	0	0	0	0	0	0	0	0	0	0	0	0	0	0	0	0	0	0	0
K09672	carbohydrate 4-sulfotransferase 8 [EC:2.8.2.-]	0	0	0	0	0	0	0	0	0	0	0	0	0	0	0	0.0940891	0	0	0	0	0	0	0	0	0	0	0	0	0	0	0	0	0	0	0	0	0	0	0	0	0	0
K09673	carbohydrate 4-sulfotransferase 9 [EC:2.8.2.-]	0	0	0	0	0	0	0	0	0	0	0	0	0	0	0	0.0898946	0	0	0	0	0	0	0	0	0	0	0	0	0	0	0	0	0	0	0	0	0	0	0	0	0	0
K09674	carbohydrate 3-sulfotransferase 10 [EC:2.8.2.-]	0	0	0	0	0	0	0	0	0	0	0	0	0	0	0	0.0246123	0	0	0	0	0	0	0	0	0	0	0	0	0	0	0	0	0	0	0	0	0	0	0	0	0	0
K09675	galactose-3-O-sulfotransferase 2	0	0	0	0	0	0	0	0	0	0	0	0	0	0	0	0.084986	0	0	0	0	0	0	0	0	0	0	0	0	0	0	0	0	0	0	0	0	0	0	0	0	0	0
K09678	[heparan sulfate]-glucosamine 3-sulfotransferase 4	0	0	0	0	0	0	0	0	0	0	0	0	0	0	0	0.0359079	0	0	0	0	0	0	0	0	0	0	0	0	0	0	0	0	0	0	0	0	0	0	0	0	0	0
K09679	[heparan sulfate]-glucosamine 3-sulfotransferase 6	0	0	0	0	0	0	0	0	0	0	0	0	0	0	0	0.0724705	0	0	0	0	0	0	0	0	0	0	0	0	0	0	0	0	0	0	0	0	0	0	0	0	0	0
K09680	type II pantothenate kinase [EC:2.7.1.33]	0.163972	0.187474	0.745614	0	0	1.16855	2.460443	0.731419	0.948494	1.978202	2.263793	0.17438	4.777649	0.8174	0.106327	5.141507	2.031742	1.054925	0.686963	1.14816	1.15758	1.974693	1.544028	0.485982	0.754769	2.917337	1.274319	17.4818	0.113702	2.392294	0.620561	1.101549	2.69354	4.06893	0.794486	0.0647087	2.69978	1.00208	1.033233	1.1828503	1.0950951	0
K09681	LysR family transcriptional regulator, transcription activator of	0	0	0	0	0	0	0	0.0487757	0	0	0	0.348864	0.481902	0	0	0	0.140035	0	0	0	0	0	0.908044	0	0	0	0	0	0	1.36561	0	0	0	0	0	0	0	0	0.0465668	0.0927427	0	0
K09682	MarR family transcriptional regulator, protease production	0	0	0.178304	0	0	0	0	0	0	0	0	0	0	0	0	0	0	0	0	0	0	0	0	0	0	0	0	0	0	0	0	0	0	0	0	0	0	0	0	0.132938	0	0
K09684	purine catabolism regulatory protein	0.925871	1.071934	2.478344	5.0049027	19.214687	2.225295	0.572093	4.861654	9.50549	5.057732	8.565283	0.0724315	0.967991	8.025385	2.07707	0.152542	12.59365	2.5901051	3.854797	6.968389	7.40469	3.20977	3.181085	11.6989	10.080321	14.754374	26.467921	2.1474464	0	2.4757752	7.602839	10.9478073	3.66278	23.99851	5.9384544	0.6800205	1.536429	1.569598	3.61841	3.41306	4.03606	4.28946
K09685	purine operon repressor	0.3410223	0.3412012	2.2746328	1.121997	2.3389601	0.936333	8.370007	0.475156	0.870376	42.41064	33.370069	0.0326158	1.92063	2.310752	1.3361265	0.9046064	0.2882252	2.378235	5.660953	11.9863371	0.2364556	1.8049354	1.6680499	23.4610565	1.3740655	0	1.282561	0.2988671	0.174921	0.6053564	1.2674813	1.7371635	6.807627	2.2811752	6.2474932	3.1808829	0.4178049	0.277644	0.0691458	0.6273694	1.5201319	8.235806
K09688	capsular polysaccharide transport system permease protein	0	0	0.127124	0	0	0	0	0	0	0	0.0947986	0	0	0	0	0	0.280277	0	0	0	0	0	0	0	0	0	0	0	0	0	0	0	0	0	0	0	0	0	0	0	0	0
K09689	capsular polysaccharide transport system ATP-binding protein [EC:3.6.3.38]	0	0	0.0597905	0	0	0	0	0	0	0	0.0919603	0	0	0	0	0	0.11534	0	0.191226	0	0	0	0	0	0	0	0	0	0	0	0	0	0	0	0	0	0	0	0	0	0	0
K09690	lipopolysaccharide transport system permease protein	2.287497	2.349541	1.749932	0	0	0.19979	2.436577	4.0720375	0.8997696	2.310759	3.56646	0.4748334	7.471837	0.7416095	0.100519	9.681683	1.3179362	0.512405	2.39898	0.446238	0.510697	0.891209	0.7522415	1.097642	1.5456272	5.412447	0.8664552	18.834009	0.087936	9.0330501	0.141839	0.51619	4.268067	4.73037	0.233632	0.468301	3.267241	1.630225	2.991963	1.1926202	2.2145798	1.573576
K09691	lipopolysaccharide transport system ATP-binding protein	0.747419	1.191121	0.308677	0	0	0	0	3.8723212	0.3065574	0	0	0.0853566	1.907751	0.100031	0	0.151338	1.044683	0	0	0	0	0.13634	0	0.24706	0.203439	1.44623	0.251479	0.19655	0	4.473569	0	0	10.455559	0.634181	0	0.323147	0	0	1.84189	0.1690487	0.716649	0.830607
K09692	teichoic acid transport system permease protein	1.230903	0.729044	0.9368413	6.9951265	2.51152	3.842639	0.957327	4.720899	3.550602	0.274807	0.639772	0.5613711	1.4510881	0.8936932	0.12037	1.178758	1.718925	4.459469	3.31128	1.7352783	1.836467	1.670509	3.136773	4.0097803	0.6527765	12.5822079	3.2864551	0.528871	0	1.8831436	0.3993019	0.874809	7.217908	0	0.656934	2.959309	0.0810942	0.0347211	2.483192	6.825291	1.29497	1.2448773
K09693	teichoic acid transport system ATP-binding protein [EC:3.6.3.40]	3.3146585	3.6935997	3.2863368	33.894308	13.0190871	12.844875	13.363616	11.393124	10.942096	1.720807	5.836103	1.184341	2.523273	4.211847	0.3707741	2.0173784	5.965069	4.6080554	4.65198	8.2378349	6.829677	5.695956	8.6049425	7.3384218	1.2217963	4.5351877	9.2839245	0.3631548	0	7.7660514	21.8164763	6.8352021	5.890406	0.4107598	3.3763301	5.690405	1.7278051	1.5361281	9.41381	15.101947	8.7204834	6.7976616
K09694	lipooligosaccharide transport system permease protein	0	0	0	0	0	0	0	0	0	0	0	0	0.044137	0	0	0	0	0	0	0	0	0	0	0	0	0	0	0	0	0	0	0.0771693	0	0	0	0.297672	0	0	0	0	0	0
K09695	lipooligosaccharide transport system ATP-binding protein	0	0	0.0419833	0	0	0	0	0	0	0	0	0	0	0	0	0	0	0	0	0	0	0	0	0	0	0	0	0	0	0	0	0.0476577	0	0	0	0.2699026	0	0	0	0	0	0
K09696	sodium transport system permease protein	3.6699702	0.839393	0.0512428	5.870682	0.6986445	0.328101	0.546512	1.16883	0.9867353	0.2274406	0.232687	0.534209	0.36026	0.0964588	0	0.259222	0.053983	3.2458118	2.8091935	1.412703	0.7720626	1.0187062	1.01879	1.216725	2.457051	1.458499	1.369664	0.662339	0.395526	0.2181335	0.231435	0.116337	3.333146	2.221823	0.106482	0.213382	0.941105	0.583913	0.313959	0.628507	2.57323	0.156733
K09697	sodium transport system ATP-binding protein [EC:3.6.3.7]	0.0469574	0.115329	0	0.68939	0	0	0	1.24172	0.5837574	0.0371449	0	0.0536372	0.320889	0	0	0.0706004	0.0445903	2.82668	2.69535	0.233477	0	0	0.0785306	1.1028075	0.202696	1.278744	0.3960344	0.288363	0	0.0636024	0.0753432	0.0934169	0.289972	0.169575	0.189507	0.182846	0	0.0847653	0.0752863	0.233422	1.191157	0.134986
K09698	nondiscriminating glutamyl-tRNA synthetase [EC:6.1.1.24]	0.679361	0.2590644	15.3127022	2.6095844	3.1858579	1.2772232	9.5808564	0.553869	0.860925	57.7481753	41.577815	3.655693	1.710007	3.1840498	1.5313114	3.8263251	0.140413	5.7651822	5.677788	15.0535848	0.226194	39.5820355	72.4371879	26.0006318	2.1122137	0	2.417751	0.452673	7.016015	3.9850628	22.8204222	3.9942185	6.321528	3.668946	8.5185948	12.0857295	0.4108413	0.56471	0.0325495	0.4174356	2.2203972	19.6200491
K09699	2-oxoisovalerate dehydrogenase E2 component (dihydrolipoyl transacylase) [EC:2.3.1.168]	0	0	0	0	0	0	0	0	0	0	0	0	0	0	0	0	0	0	0	0	0	0	0	0	0	0	0	0	0	0	0	0	3.69063	0	0	0	0	0	0	0.0634124	0	0
K09700	hypothetical protein	0	0	0	0	0	0	0	0.0877235	0	0	0	0.250974	1.16904	0	0	0	0.503707	0	0	0	0	0	0.489937	0	0	0	0	0	0	1.33132	0	0	0	0	0	0	0	0	0	0	0	0
K09701	hypothetical protein	0	0	0.0392082	0	0	0	0.186533	0	0	0.867104	0	0	0	0	0	0	0	0	0	0	0	0	0	0	0	0	0	0	0	0	0	0	0.459558	0	0	0	0	0	0	0	0	0.162477
K09702	hypothetical protein	33.63523	16.96838	21.69979	11.98472	6.41429	36.23881	35.790178	19.844316	38.3573	4.286257	7.196034	20.528784	6.957844	26.33486	5.70263	7.666872	29.881546	27.727892	27.13057	44.47069	50.2106	12.075421	10.554642	18.91012	22.6125	28.4563665	63.987003	8.223573	60.5585	9.9913134	4.130581	20.134222	17.60279	30.6031938	18.3021643	13.868865	19.97473	8.712591	33.37602	30.17458	24.41921	20.510154
K09703	hypothetical protein	3.829163	0.9872111	0	5.45558	0.740463	0.457381	0.29302	0	0	0.30923	0.136832	0.829675	0.501485	0	0	0.296966	0.0771832	0.118333	0.0520777	1.04706	1.27407	1.437201	1.843187	0.208123	2.0192	0.355889	1.12577	0.6292203	0.329069	0.240634	0.419986	0.294058	3.161073	2.0244	0	0.0623753	0.919068	0.736641	0.844138	0.92537	1.21371	0.160194
K09704	hypothetical protein	0.262776	2.50384	0.0729101	1.622753	0.881456	2.6135052	1.5064983	2.155445	1.4090032	2.4288	0.4494773	22.552197	0.9949551	0.2090773	0	11.950528	0.7941268	3.4745106	4.9143421	1.671185	0.140678	3.802915	0.687744	1.5611211	1.984947	1.710545	0.2263633	23.107594	62.85921	2.5581	1.7504237	2.8878267	1.899647	1.5256624	0.619365	0.4372616	7.1622482	6.046904	0.172016	0.14837	1.3052413	1.654093
K09705	hypothetical protein	0	0	0.131275	0.466418	0	0	0	0	0	0	0	0	0	0.073812	0.0215771	0.967223	0.400178	0.0762159	0	0.136686	0	1.170943	0.4432576	0	0	0	0	0	0	0.106062	4.259461	0.3899168	0	0	0.4111202	0	0.109155	0	0	0	0	0.4772702
K09706	hypothetical protein	1.342016	1.321908	2.038465	5.31545	2.799812	4.47467	2.765798	3.80316	3.959832	0.337534	1.61221	0.46709	1.878992	0.826442	0.143133	2.11294	3.992598	1.739662	1.321292	2.828655	3.892961	4.213621	3.789943	2.648326	0.63831	12.062256	2.911287	0	0	2.4309905	1.376399	2.07864	0	0	1.44964	1.46227	0	0	3.981046	8.87856	1.853192	0
K09707	hypothetical protein	0	0	0	0.39004	0	0	0	0	0.0639042	0	0	0	0	0	0	0.893094	0.279226	0.196088	0	0	0	0.337277	0.0719864	0.141241	1.2361415	0.0703973	0.0480532	0	0	0	0.239633	0	0.0982771	0	0.2101867	0	0	0.0490751	0	0.0245081	0.115051	0.0831578
K09710	hypothetical protein	20.8011925	13.2080458	14.3543298	42.3865158	38.4902037	54.0979847	29.3765037	21.7253094	14.8140191	55.924266	47.673848	40.3830557	46.0473914	17.0009323	20.4029525	22.092362	25.9431706	14.1956079	10.2907716	60.9514249	18.9709567	28.6283487	32.5895098	30.7776581	2.9429664	27.660636	29.9529087	47.0756969	99.4856127	21.0303239	83.2275511	30.1799872	55.0140557	14.8291016	34.4656693	15.6093	65.402325	30.9569931	60.5000436	26.811485	27.517825	38.4288092
K09712	hypothetical protein	0	0.258255	4.2345537	0	0	0	2.962449	0	0	0.2130983	0.292521	0.160145	6.01913	9.72478	28.1628	0	0.613606	0	0	0	0	0	0.1563134	0.0208516	0	0	0.0819193	0.555957	0.730846	0	0.520347	0.0809613	7.5179791	1.3682281	0	2.78187	0	0	0	0	0	1.239414
K09713	hypothetical protein	0	0	0.319288	0	0	0	0	2.08445	0.100602	0	0	0	0	0	0	0	0.499447	0	0	0	0	0	0	0	0	0	0	0	0	2.50357	0	0	0	0	0	0	0	0	2.48976	0	0	0
K09717	hypothetical protein	0	0	0.31309	0	0	0	0	1.61381	0.146641	0	0	0	0	0	0	0	0.384804	0	0	0	0	0	0	0	0	0	0	0	0	2.98197	0	0	0	0	0	0	0	0	2.06343	0	0	0
K09721	hypothetical protein	0	0	0.384039	0	0	0	0	2.56198	0.295788	0	0	0	0	0	0	0	0.708007	0	0	0	0	0	0	0	0	0	0	0	0	2.76034	0	0	0	0	0	0	0	0	3.37258	0	0	0
K09722	4-phosphopantoate---beta-alanine ligase [EC:6.3.2.36]	0	0	0.19007	0	0	0	0	1.56633	0.0878355	0	0	0	0	0	0	0	0.560655	0	0	0	0	0	0	0	0	0	0	0	0	1.88923	0	0	0	0	0	0	0	0	1.53719	0	0	0
K09723	hypothetical protein	0	0	0.146301	0	0	0	0	1.59316	0.116202	0	0	0	0	0	0	0	0.528196	0	0	0	0	0	0	0	0	0	0	0	0	3.03075	0	0	0	0	0	0	0	0	2.02804	0	0	0
K09724	hypothetical protein	0	0	0.333861	0	0	0	0	1.71729	0.0652742	0	0	0	0	0	0	0	0.618656	0	0	0	0	0	0	0	0	0	0	0	0	2.69608	0	0	0	0	0	0	0	0	1.98888	0	0	0
K09726	hypothetical protein	0	0	0.379498	0	0	0	0	1.81685	0.0876872	0	0	0	0	0	0	0	0.497519	0	0	0	0	0	0	0	0	0	0	0	0	2.7329	0	0	0	0	0	0	0	0	1.57077	0	0	0
K09727	hypothetical protein	0	0	0.525527	0	0	0	0	2.01071	0	0	0	0	0	0	0	0	0.484426	0	0	0	0	0	0	0	0	0	0	0	0	2.79287	0	0	0	0	0	0	0	0	1.77092	0	0	0
K09728	hypothetical protein	0	0	0	0	0	0	0	2.55954	0	0	0	0	0	0	0	0	0.692781	0	0	0	0	0	0	0	0	0	0	0	0	4.06801	0	0	0	0	0	0	0	0	2.56549	0.0459367	0	0
K09729	hypothetical protein	0	0	0.0554723	0.473876	0	0	0	0	0	1.41464	0.40778	0	0	1.1077041	0.0527921	0.7543	0	0.0385948	0.441619	0.114816	0	0.2945587	0.12434	0	0	0	0.0592391	0	0.933829	0.673829	0.213227	0.0953631	0	0	0.2517983	0	0	0	0	0	0	0.3926475
K09730	hypothetical protein	0	0	0.329176	0	0	0	0	7.37813	0.1835472	0	0	0	0	0	0	0	5.720253	0	0	0	0	0	0	0	0	0	0	0	0	8.08316	0	0	0	0	0	0	0	0	8.33796	3.41208	0	0
K09732	hypothetical protein	0	0	0.531118	0	0	0	0	2.00084	0.122721	0	0	0	0	0	0	0	0.261109	0	0	0	0	0	0	0	0	0	0	0	0	2.94493	0	0	0	0	0	0	0	0	2.34295	0	0	0
K09733	(5-formylfuran-3-yl)methyl phosphate synthase [EC:4.2.3.153]	0	0	0.189932	0	0	0	0	6.16394	0.168741	0	0	0	0	0	0	0	4.337801	0	0	0	0	0	0	0	0	0	0	0	0	6.9284	0	0	0	0	0	0	0	0	7.90112	2.90914	0	0
K09735	hypothetical protein	0	0	0.1769	0	0	0	0	7.32583	0.2059686	0	0	0	0	0	0	0	4.740144	0	0	0	0	0	0	0	0	0	0	0	0	7.60093	0	0	0	0	0	0	0	0	8.20591	2.90027	0	0
K09736	hypothetical protein	0	0	0.0924539	0	0	0	0	0.54421	0	0	0	0	0	0	0	0	0.568154	0	0	0	0	0	0	0	0	0	0	0	0	1.48095	0	0	0	0	0	0	0	0	1.47278	0	0	0
K09738	hypothetical protein	0	0	0.258233	0	0	0	0	1.79026	0.232041	0	0	0	0	0	0	0	0.5995	0	0	0	0	0	0	0	0	0	0	0	0	2.61621	0	0	0	0	0	0	0	0	2.60178	0	0	0
K09739	hypothetical protein	0	0	0.641894	0	0	0	0	2.39297	0.247194	0	0	0	0	0	0	0	0.569777	0	0	0	0	0	0	0	0	0	0	0	0	3.16369	0	0	0	0	0	0	0	0	2.1412	0	0	0
K09740	hypothetical protein	0.515392	0.1567645	0.256026	0	0	0	0	6.697413	0.228884	0	0	3.268791	1.543785	0	0	0	5.826554	0	0	0	0	0.945567	1.208308	0	0	0	0.2094	0	0	8.767522	0	0.811647	0.419232	0	0	0	0	0.0735716	6.659056	3.5153799	0	0.2067982
K09741	hypothetical protein	0	0	0.304421	0	0	0	0	2.437	0	0	0	0	0	0	0	0	0.52381	0	0	0	0	0	0	0	0	0	0	0	0	2.85075	0	0	0	0	0	0	0	0	2.462	0	0	0
K09747	hypothetical protein	73.8250076	53.504339	35.3232921	161.841148	104.478192	65.1406248	85.112657	69.8762947	82.0799921	101.3159344	84.4288122	38.3331745	87.4588028	54.5162354	36.4540714	19.3120797	64.8217459	54.014257	60.1543365	143.6979873	141.9195465	47.0373242	50.0161202	76.2078069	51.6826718	62.8006769	134.3595704	28.4768002	4.798604	47.0046219	116.132936	75.9101345	85.2471163	76.6891593	87.1163414	50.4261733	96.3813286	120.5206166	137.0229387	156.0063766	136.6817897	70.9532879
K09748	hypothetical protein	9.1994589	8.1990141	20.3809035	5.3943615	9.2509477	4.4210721	27.9927943	22.1388926	26.417842	83.284939	52.0205226	48.0103993	27.096445	13.8276349	24.5710907	43.3580904	8.4353858	18.3686689	27.4455351	20.3814503	8.5267194	43.3994948	64.4860808	31.3554906	10.4123657	29.080477	7.7490613	60.9281301	77.568962	17.9679398	27.4138949	18.0490487	41.5044529	15.6384014	22.3973449	19.25073	19.0700304	20.072474	8.5814291	15.1661696	11.5015552	32.4398066
K09749	hypothetical protein	2.05875	1.739481	4.769214	1.532112	5.72199	1.89631	11.826635	20.276785	25.0636946	12.620644	1.863884	0.272427	9.443747	2.494226	0.301217	3.366023	2.151722	11.586312	19.94325	1.23017	6.05418	0.476472	0.0967742	1.106384	0.691366	4.391919	0.3202287	4.236518	0	4.4064717	1.68812	8.289066	3.634842	1.407393	10.4383593	0.136033	13.527175	6.954363	0.6189153	12.2260473	7.839273	5.808052
K09758	aspartate 4-decarboxylase [EC:4.1.1.12]	0.0520201	0.1638921	0	0	0	0	0	0.1165677	0	0.124791	0	1.412418	0.5447138	0.0518638	0	1.74664	0.2932364	0	1.31654	0.0728527	0	0.836867	0.944377	0	0.197243	0.251842	0	3.742476	0	4.2468476	0	0.100688	0.0615271	0	0	0.241902	0	0.184873	0	0	0	0.100246
K09759	nondiscriminating aspartyl-tRNA synthetase [EC:6.1.1.23]	1.3112779	0.8134147	4.1780004	1.396227	5.9331231	1.9593614	10.767612	19.5389972	24.2981894	12.44521	0.957673	0	7.5547179	2.23341	0.230735	0.0973712	2.6868034	11.951816	20.879837	1.8983723	5.670664	0.647374	0.4433398	1.0269622	0.26299	4.087674	0.4147941	4.88987	0	4.6706188	1.425226	7.4940878	1.8117165	0.6803	10.795993	0.211818	13.5742024	5.9975148	3.044651	13.52458	8.484988	5.5686701
K09760	DNA recombination protein RmuC	0.8921034	1.128626	5.3492012	0.4567625	0.270554	0.1040672	8.2650141	0.3911251	0.1367417	15.8628294	12.3201332	3.9810214	5.100012	2.5228295	10.430562	0.9076462	0.901091	1.1829163	0.8925139	3.0036149	0.2245701	1.1498915	1.7559565	1.1252659	0.5537597	0.567264	0.32985	1.1804853	1.5329359	1.5836018	1.2202368	2.3765629	17.8891629	2.175631	0.9692093	7.6753196	0.0458453	0.4615063	0.3702827	0.082247	0.378906	2.6147501
K09761	ribosomal RNA small subunit methyltransferase E	16.3317403	8.6836643	10.3279376	14.7308158	8.1263492	34.9354215	43.8905075	14.6180066	16.9806139	9.7699072	24.6539099	24.7571134	17.0562215	24.0394023	8.8851917	14.8188885	27.6224311	6.6445611	10.3084481	18.4660068	44.4872803	11.614279	10.5329226	15.5838327	7.4949168	11.2761131	28.3416721	29.4563374	63.858461	15.189038	20.8055751	33.6755255	27.8072296	30.5166112	12.1249349	10.1792742	20.9767043	9.4203159	11.76931807	26.8439196	16.6496454	10.7711289
K09762	hypothetical protein	53.881045	65.4106559	15.9422139	34.1836073	99.8071833	78.5420883	58.267703	23.1897681	32.0478542	43.0100662	37.6600648	5.5699702	21.5086941	10.39936	3.2104387	8.109505	13.6420176	25.780374	24.6025557	86.0331077	54.1635564	28.8076128	54.5788953	43.8408261	36.5715858	45.6022536	79.6269122	7.4575654	2.320678	16.8031591	51.3189273	30.4022064	44.8339596	24.2991871	30.1886159	16.0043653	70.6286388	60.9885779	77.1546175	105.0552309	108.4057125	27.6284384
K09763	hypothetical protein	0	0	0	0	0	0	0	0	0	0	0	0	0	0	0	0	0	0	0	0	0	0	0	0	0	0	0	0	0	0.0581155	0	0.0453383	0	0	0	0	0	0	0	0	0	0
K09764	hypothetical protein	1.07843	0.3216759	0.2863038	0.735115	0	0.572126	0.560576	0	0	0	0	0.5951585	0.964604	0.113178	0.0318981	1.26475	0.396652	0	0	0.0371172	0	0.305156	0.8740054	0	0	0.0372278	0	0.189531	0	1.15343	0.4484043	0.151802	0.387867	0.619727	0.205944	0	0	3.59364	0.0404254	0.13603	0.0370165	0.256473
K09765	hypothetical protein	16.464189	10.6297459	13.1540329	5.7810357	11.336506	8.0864099	30.219323	25.7382092	33.24463	16.727034	21.333128	15.6297137	15.4130294	12.386034	3.8655367	9.540326	21.2956664	12.596417	22.588668	30.5107721	55.2478719	9.75685	4.6020307	1.062534	4.910002	18.303469	9.3973459	7.1908537	33.8460295	14.0996245	15.1295086	30.6869323	11.7193832	25.3910761	16.3667291	13.9259879	22.7376574	17.2599109	20.1039469	36.9490105	32.8096048	10.5957628
K09766	hypothetical protein	0.1285262	0.0641059	0	0.0875882	0.132794	0.059512	0.22158	1.01725	0.7267265	0	0	0	0.437231	0.0362751	0	0.428231	0.234998	3.140277	2.829725	0.390863	0.172406	0.521145	0.0349211	0.63945	0.184505	0.942282	0.0857702	0.2488103	0	1.3303729	0.361659	0.241161	0	0.191792	0.2115193	0.225878	0	0	0	0.348999	1.354765	0.672303
K09767	hypothetical protein	6.850108	8.035982	15.336196	25.6670965	15.1280708	0.579882	2.6524963	7.9765419	6.2297836	4.6926232	10.7086936	2.715587	26.8020013	16.329531	41.5927487	3.6182636	17.83572	2.6990163	1.8685746	19.064357	10.3422799	11.616884	10.8351559	1.0460912	0.0389396	8.7157764	19.3102972	7.8080183	3.232256	12.5819063	50.475758	14.1244507	26.1484792	7.1592837	17.2930526	8.2442148	16.036	9.8527229	32.9882	12.4824988	0.2427556	16.6125507
K09768	hypothetical protein	4.0593805	4.5510034	17.4646164	2.7665906	10.3267575	5.8261932	17.7505363	13.9783199	19.185533	21.9226307	8.812491	1.8330223	28.480947	15.606098	34.829996	1.4201259	12.8022975	17.481387	22.57843	18.037697	57.6939	4.01506063	3.5911253	25.6789881	26.471	5.581432	13.2843643	3.842425	5.32814	10.1163428	6.1168685	13.3626986	17.8443346	4.268987	5.510502	5.2965017	3.9649042	2.7872088	6.680829	23.5654486	22.465142	7.757638
K09769	hypothetical protein	0.0675711	0.360917	0.0827951	1.08906	0.0964013	0	0	0.342377	0.321993	0	0	0.1162585	0.8291452	15.1821	0	0.657967	0.431907	0.0605401	0.0669932	0	0.267958	1.763122	2.5698947	0.321277	0.12575	9.02359	0.397188	0	0	0	0	0	0	0.404283	0.209943	1.70003	0	0	0.690218	0.122427	3.37661	0.0914277
K09770	hypothetical protein	0	0.124247	0	0.15157	0.204729	0	0.367296	0	0	0	0	0.0644549	0.361975	0.0583394	0	0.458783	0.284663	0.358096	0.682916	0.710202	0.358015	0.645965	0	0	0	0.175009	0.059117	0.257918	0	1.61718	0.438092	0.20449	0.149949	0.116163	0.0645496	0	0	0.120748	0	0.271358	1.43359	0.814366
K09771	hypothetical protein	0	0.612809	2.919348	0.241021	0	0.0948157	2.442016	0	0	0.600769	0	0	0	3.83655	0	0.592023	0.905815	0	0	0	0	0.326833	0.2681949	0.0987514	0	0	0.2883907	0	4.33575	0	0.6014736	0	19.058933	1.09813	0.146604	0	0.145695	0	0	0	0	2.4048524
K09772	hypothetical protein	17.9724912	40.367634	27.9522595	16.426364	54.1988166	52.69182	45.2959488	38.4774081	44.180239	24.9757337	23.1199801	6.2661449	32.5388576	10.6330285	3.2009015	10.8967648	17.7910843	19.0790351	23.8678092	38.6759838	37.5277597	58.3001895	126.0992997	24.7593899	1.6245769	42.0115369	33.598077	9.2811438	1.94576	14.23011598	59.3480998	39.8632865	23.1205682	20.175983	23.9174664	13.05562	50.7697156	22.5578241	20.5374911	23.2454166	40.1716803	26.7352654
K09773	hypothetical protein	10.377683	12.120578	8.7043636	40.4553903	23.2214633	0.706242	2.6950862	10.5623618	8.3684324	4.4536169	7.941593	21.1918	29.7807151	10.7519639	21.6399595	5.3265285	19.0392295	3.387871	3.4193011	28.8885252	18.625568	17.0565493	13.9899851	4.6620709	0.1502573	11.8925	23.385045	8.6705289	25.942122	19.2341017	91.0572291	23.0502208	20.912661	6.775049	27.969865	15.6838985	22.807528	14.872135	57.889941	26.0284092	0.410303	29.0426083
K09774	lipopolysaccharide export system protein LptA	0	0.691869	5.06593	0	0	0.0822665	2.859098	0.298349	0	1.0735988	0.244664	0	11.1213	1.66439	5.0779	0	0.3415926	0.0600491	0	0	0.0514735	0	0.2063127	0.0255906	0	0.14362	0	0.102198	0	0.0452325	0.5789293	0.0223564	8.9922636	2.9742177	0	0.821432	0	0.0404795	0	0	0	1.9961203
K09775	hypothetical protein	0.1505248	1.2151959	0.5563757	0.434613	0.0417712	0.346303	5.2457444	2.2306887	0.244401	0.348044	0.363022	0.2000343	1.185455	0.1329375	0.163292	0.0859542	0.1728025	0.151427	0.6587092	0.0836038	0.3744922	0.4487581	0.4339182	0.453454	0.176165	0.0824964	0.0971923	0.429753	0	1.981474	0.3183149	0.0446831	0	0.1395355	0.2833718	2.4093521	0.171119	3.98786	0.2344558	0.2966554	0.0520721	1.2014787
K09776	hypothetical protein	0	0	0	0	0	0	0	0	0	0	0	0	0	0	0	0	0	0	0	0	0	0	0	0	0	0	0	0	0	0	0	0	0	0.0458039	0	0	0	0	0	0	0	0
K09777	hypothetical protein	2.75671053	2.91184797	4.5617838	1.030698	6.52499	11.90277195	9.97355028	8.96789831	8.48821526	41.31041	14.34947	0.71703694	7.5136446	2.01556817	0.40575201	1.5640783	6.144715887	9.118027	8.407524145	11.25112662	14.06391958	4.7325817	1.028086717	6.95933887	22.5714267	6.7175226	15.26187553	3.4244046	2.638764	9.77235463	8.92554	7.87726663	8.37282152	8.2135972	14.79203617	5.37293455	7.52041294	8.08565728	8.90305222	6.67663629	14.03229124	20.61289454
K09778	hypothetical protein	0	0	0	0	0	0	0	0	0	0	0	0	0	2.1758	0	0	0	0	0	0	0	0	0	0	0	0	0	0	0	0	0	0	0	0	0	0	0	0	0	0	0	0
K09779	hypothetical protein	72.1470968	43.5763697	2.4648797	28.570492	32.637883	33.840153	27.695728	13.4164802	13.004998	13.888755	9.372137	1.0238249	4.026273	4.861997	0.503654	1.3821129	3.417614	10.628754	8.55955	58.8657	45.48592	9.0101255	11.567622	4.9089896	7.538527	15.63586	16.80987	2.020392	0.0450081	14.77645	2.4639015	9.6603114	24.102583	16.24022	5.985268	1.89673	39.470285	52.9571585	87.0623055	129.421739	104.8066037	1.7011587
K09780	hypothetical protein	0	0.5090248	0.6431951	0.2843317	0.1826483	0	1.032173	0.119948	0	0.3782512	1.484811	0.093279	2.03945	3.732526	17.8044	0.0951966	0.273959	0	0.0921747	0.0369579	0	0.094796	0.1262678	0.2964794	0	0.0115482	0.0585138	0.238267	2.13559	0.0627717	0.4348748	0.0369606	13.2190397	1.7582456	0.037123	1.685126	0	0.0974597	0.0393844	0	0	2.242656
K09781	hypothetical protein	0	0.237242	4.60293	0	0	0.1648371	1.747066	0	0	0.028482	0.0599897	0	4.5894	2.91788	10.0865	0.587235	0.4388455	0	0	0	0	0.018905	0.0947777	0	0.0398494	0	0.0671994	0	0.0999203	0	0.4199948	0.0171644	4.1823434	0.850922	0.124864	0.304267	0	0	0	0	0	0.4605536
K09786	hypothetical protein	0	0.310863	1.08303	0	0	0.110995	2.35738	0	0	0.527137	0	0	0.964604	3.1292804	4.04213	0.101493	0.560037	0	0	0	0	0	0.100868	0	0	0	0.106192	0	0	0	0.377711	0	11.81308	1.58796	0.0610204	0.434207	0	0	0	0	0.0330954	0.992763
K09787	hypothetical protein	40.691807	26.8128103	8.9875125	20.2247047	28.939992	20.119842	28.193912	28.9597636	36.5485682	70.354895	38.166493	20.284938	14.9356374	8.6010081	2.088969	5.0743538	6.536722	18.261866	32.104272	48.6142395	34.940494	11.4643018	12.3024144	27.2881571	9.9656221	14.5014762	22.0486642	6.9377219	35.995639	16.4384998	29.0052344	20.4803149	18.8593465	15.7346418	26.5669283	15.8516731	36.2509644	36.2210059	50.8089942	90.2949506	63.777935	24.2620401
K09788	2-methylaconitate isomerase [EC:5.2.1.-]	0	0	0	0	0	0	0	0	0	0	0	0	0	0	0	0	0	0	0	0	0	0	0	0	0	0	0	0	0	0	0	0	9.87184	0	0	0	0	0	0	0	0	0
K09789	pimeloyl-[acyl-carrier protein] methyl ester esterase [EC:3.1.1.85]	0.353158	0.249393	0	0	0	0	0.4538862	1.432713	0	4.741788	0.6781285	16.492855	2.066904	0.166439	0	7.154823	0.083295	0.136217	0	0.405233	0.102139	4.589127	0.3761958	0	0.592588	1.437212	0.35418	11.64361	37.7644	1.159161	0.6047389	1.00742	0.686338	0.530248	3.371908	0	0.3048611	1.895011	6.16292	0.97991	0	0.9748104
K09790	hypothetical protein	5.1742565	2.6467709	5.7855304	7.232328	5.919468	2.7605549	4.820649	3.045917	2.4064836	8.0624559	9.887433	14.4723582	12.254567	15.615953	36.323831	7.5996119	6.2853306	2.423516	2.428815	4.839416	3.6706764	8.8542692	2.1055203	1.659337	7.564563	4.2714727	8.3282474	15.6232213	34.5550667	4.2790214	3.04031	3.969064	28.122099	10.998416	3.140488	6.0216204	2.130571	5.4295626	4.23497	1.224791	2.8096807	5.1071304
K09791	hypothetical protein	0	1.09563	18.154532	0.9188936	0	0	4.98291	0	0	0	3.257627	0	19.3973	10.80339	34.8493486	3.420584	1.115648	0	0	0	0.0662737	0.474687	0.362658	0.0644222	0.0452087	0	0.521304	0.3158845	5.70785	0.128159	2.0065106	0	42.0176884	3.841286	0.837818	4.8683862	0	0	0	0.0219348	0	3.9380944
K09792	hypothetical protein	0	0	0	0	0	0	0	0	0	0	0	0	0	0	0	0	0	0	0	0	0	0	0	0	0	0	0	0	0	0	0	0	8.48459	0	0	0	0	0	0	0	0	0
K09793	hypothetical protein	1.64181	0.845326	0.1026662	0.4119751	0	0.208046	0.2113262	0.188726	0.119171	1.28319	0.148074	19.934861	0.379464	0	0	6.574674	0	0.263147	0	0	0	2.72872	1.424839	0.077771	0	0.537804	0.1801498	5.96761	62.6585	0.666217	0.24122	0.822814	0.921585	0.139683	0	0	0.10515	0.402956	0	0.158088	0	0.931772
K09794	hypothetical protein	0	0	3.59461	0.54453	0	0	0.438495	0.117549	0	0	1.02382	0.14091	6.751994	5.7721	27.0505	0.655799	0.490885	0	0	0	0	1.002396	0.202628	0.0166331	0	0.0474187	0.344061	0.555957	3.25559	0.227838	1.245624	0.113346	7.36947	1.46481	0	2.705869	0	0.234252	0.0509809	0.0490163	0	0.789935
K09795	hypothetical protein	0	0	0	0	0	0	0	0	0	0	0	0	0	0	0	0	0	0	0	0	0	0	0	0	0	0	0	0	0.0577232	0	0	0	0	0	0	0	0	0	0	0	0	0
K09796	hypothetical protein	0	0	0	0	0	0	0	0	0	0	0	0	0	0	0	0	0	0	0	0	0	0	0	0	0	0	0	0	0	0	0.127655	0	7.671916	0	0	0	0	0	0	0	0	0
K09797	hypothetical protein	0	0.227109	1.6501733	0	0	0.243223	1.98119	1.437274	0.188083	2.517034	6.10806	0.274162	4.47702	0.645855	0.104047	7.76197	0.4502	0.845395	0.266921	0.625254	0.377472	1.783588	0.802805	0.499971	0.969885	3.8288	0.919366	22.934896	0.0631907	2.698176	0.501915	0.748703	2.9584483	4.02639	2.62757	0	3.226918	3.840336	7.776158	1.2565543	0	0
K09798	hypothetical protein	0	0	0.278255	0.306715	0	0.0726319	0.602619	0.1788112	0	0.931992	1.65076	0.3289139	5.195899	0.165667	3.65225	0.796327	0.183005	0.150131	0	0	0	0.290624	0.8193864	0	0	0	0.228843	0.257694	4.0937358	0.5691313	0.5703146	0	14.9633	1.0607515	0.130758	0.505892	0	0.0543056	0	0	0	0.454335
K09799	hypothetical protein	0	0	0.160419	0.164318	0.0487449	0	0.0459675	0	0	0.0433838	0	0	0	0.0553467	0.17826	0.0412471	0	0	0.0462805	0	0.121338	0	0.0611709	0.426145	0.1391396	0	0	0	0	0.0739886	0.296918	0.095049	0	0.0644398	0.193363	9.6368147	0	0.08183	0	0	0	2.76304
K09800	hypothetical protein	0.376447	0.0996026	0.596577	0.411391	0	0	0.3217065	0.2328503	0	0.00669872	0.0337001	0.28796783	0.53882	0.350762	0.251944	0.7874901	0.59625	0	0	0	0	0.2680868	0.8396812	0	0	0.279034	0.082595	0.0156612	3.19409	0.991281	0.3600733	0.1373565	5.994203	1.278273	0.0787554	0	0	0	0	0	0	1.00379
K09801	hypothetical protein	0	0.32053	9.5695469	0	0	0.178536	3.147129	0.1250526	0	0.431271	2.6767	0	3.56288	1.50503	15.1007	1.38136	1.109713	0.123175	0	0	0	0.0963487	0.2328076	0	0	0	0.1220074	0.2365773	3.36444	0.0654428	0.893604	0.120581	19.606389	1.3652375	0.674795	1.3021488	0	0.124602	0	0	0	0.9104839
K09802	hypothetical protein	0.169058	0.760391	6.277136	0	0	0.0964504	2.748218	0.146937	0	0.697206	3.978281	0	0.495163	3.170819	2.41894	0.407048	0.312093	0.425678	0.60885	0.11368	0	0.046947	0.176483	0	0	0	0	1.625494	3.61579	0.454567	0.581389	0	5.391455	2.4733659	0.542759	1.11125	0	0	0	0	0	1.642295
K09803	hypothetical protein	0.135142	0.215213	0	1.116391	0.20264	42.6475	17.82907	2.4153581	1.67134	0	0.0342798	0	0.0643069	3.19852	0	0.140528	0	0.123175	2.76012	0	0	0.0678124	0.0651306	0	0	0.924472	0.729139	4.40697	0	0.146467	0.296045	0.076585	23.226728	1.64894	0.184035	0.926437	0	0	0.1999464	0.7374782	0.905722	0.268686
K09805	hypothetical protein	0	0	0	0	0	0	0	0	0	0	0	0	0	0	0	0	0	0	0	0	0	0	0	0	0	0	0	0	0	0	0	0	0	0.0417841	0	0	0	0	0	0	0	0
K09806	hypothetical protein	0	0.873327	2.936986	0	0	0	0.233242	0	0.0184656	0	1.8899934	0	5.51712	5.35791	26.2655	0	0.391664	0	0	0	0	0.0605983	0.116404	0.0120946	0	0	0	0	0	0.0196402	0	0	0.875394	0.539414	0	1.24296	0	0.0183009	0.00969685	0	0	0.540229
K09807	hypothetical protein	15.640916	34.9769371	5.0730385	9.614971	15.5005398	21.7838246	18.5714891	20.5363045	14.5490121	9.3485237	4.864726	7.069351	7.371079	18.43545	10.693294	9.0643043	16.985629	8.9596536	6.8429908	3.2451291	2.1385358	16.2925011	10.8872818	9.84284	17.565635	6.844233	3.447596	12.588212	6.2763304	41.848618	3.7925567	9.536	8.5058832	4.4218939	29.397466	30.344966	10.3634417	16.2292752	9.6013685	4.1311297	65.14075	28.397357
K09808	lipoprotein-releasing system permease protein	0.4492006	2.265483	5.373499	0.333036	0	1.363278	8.588207	3.7346611	0.555759	11.8030271	6.4639201	8.35099	24.0190478	8.2031154	23.65822	27.777382	1.8257401	1.7317944	0.2812451	2.40397	1.622347	9.2445866	2.2274537	1.692136	4.005634	9.0128494	2.9879895	58.2264008	11.3820651	8.7200572	1.384121	3.566873	17.855076	11.968592	7.908759	3.65683	7.194961	12.9950646	16.1155737	2.2862746	0.0573802	2.763274
K09809	CDP-glycerol glycerophosphotransferase	0	0	0	0.6041839	0.1841042	0	3.42971	0.0973678	0	0	0.0283623	2.052295	0.0936723	0	0.0288236	0	0.103947	0.9538175	1.36974	0.4915653	0.0528995	0	0	0.46729	0.8297737	0.4537286	0.2411031	0	0	0.0889049	0.4717617	0.1550628	0.157486	0.1039542	0.139962	2.816607	0	0	0	0.197908	0.19204	1.6080612
K09810	lipoprotein-releasing system ATP-binding protein [EC:3.6.3.-]	1.462186	2.593421	3.5216776	4.537833	10.4815	26.7589803	16.3494668	2.0627973	0.2012183	10.188324	4.8357376	25.6238067	9.278049	1.357562	0.3825361	22.2144219	1.4148718	2.347231	0.5713597	21.1134893	1.589148	8.947322	11.0965371	0.9229902	2.75309	6.7840882	3.0703153	46.127112	70.7525047	5.221643	20.5225501	9.1600833	31.876555	8.06267	5.4062206	0.0666317	32.089858	19.9461	17.5816738	1.546071	20.2394	4.5485661
K09811	cell division transport system permease protein	5.8608302	38.064538	21.3567266	13.6956679	77.174005	7.0047525	12.1904513	24.6344923	19.6917644	15.0855734	27.1368643	19.5685778	15.1588377	11.1873697	5.8054252	9.8273281	22.1252563	13.2884681	6.935548	17.0899455	32.803115	56.3371052	105.3999525	5.0815816	1.4479744	27.608307	27.5603999	3.8177531	30.7378008	11.9202707	19.7380403	30.11373205	14.0288066	27.5523426	19.8485781	12.4718151	1.6908739	6.1737778	15.3468969	9.079459	3.4947963	7.4331324
K09812	cell division transport system ATP-binding protein	45.7857996	68.4865087	20.8332108	20.8031859	99.27989	15.8637507	16.9532419	19.6648293	18.9022981	12.8228768	11.842568	21.183886	23.335932	10.11929	27.781125	5.2386898	4.9924738	21.250309	18.911368	41.7895862	30.0509585	28.050378	54.1791106	3.216513	5.0970954	35.6321063	30.3592914	10.5772872	56.4327	8.8283453	9.216555	11.3906557	25.515302	13.867116	13.3054614	3.1022841	29.9965739	37.9720863	49.4543715	74.2379293	69.331471	13.5650976
K09813	hemin transport system permease protein	0	0	0	0	0	0	0	0	0	0	0	0	0	0	0	0	0	0	0	0	0	0	0	0	0	0	0	0	0	0	0	0	0	0	0	0	0.0499407	0	0	0	0	0
K09814	hemin transport system ATP-binding protein [EC:3.6.3.-]	0	0	0	0	0	0	0	0	0	0	0	0	0	0	0	0	0	0	0	0	0	0	0	0	0	0	0	0	0	0	0	0	0	0	0	0	0.116612	0	0	0	0	0
K09815	zinc transport system substrate-binding protein	9.0779667	11.0243896	7.6391846	8.0489561	2.6036182	8.482881	14.8136167	9.2100957	10.8113363	24.0495055	29.269801	21.5793047	13.929012	11.1576284	7.6626919	19.8067995	19.5671608	3.8277599	3.0480882	15.7490425	33.8118572	10.5613551	6.3352783	5.348047	2.8244382	5.6514169	5.4602465	31.1923965	45.8788321	17.2974295	15.0245606	24.1635318	13.2680775	26.3867619	7.4976025	12.3922867	3.8444964	6.6298488	9.2922416	13.6662039	10.4984938	6.934534
K09816	zinc transport system permease protein	3.9541165	5.4491405	3.8505835	1.4783844	0.3125882	2.6914206	6.8605222	4.038273	1.9182458	14.1838611	9.506085	24.4299391	9.8077137	4.451845	1.0344772	19.6351963	3.6262128	2.5983916	1.9853448	5.3276416	2.3385362	13.1945391	4.2518076	1.4077648	7.9658254	6.633276	2.985444	38.4467371	37.5398176	9.6510895	4.1448702	2.8479685	21.8724019	8.4426911	4.2832873	1.6632446	3.8051968	5.7402835	1.9818076	2.166869	1.4746894	4.7215803
K09817	zinc transport system ATP-binding protein [EC:3.6.3.-]	43.461111	38.5008891	13.2791115	11.8568734	15.0311146	15.3930613	12.7972426	12.7086928	19.1457169	31.7531733	19.084393	8.2167777	16.6441223	7.4318856	7.482156	4.2828077	23.846647	6.0085471	8.2155598	36.985312	33.3531441	12.2826773	8.8776502	20.783918	24.684624	17.246202	9.4708635	3.9846406	12.5033426	12.6902432	4.300388	8.4926062	35.7949554	36.0553016	4.95768	6.633777	21.304598	27.0072994	47.7921604	69.593643	81.20662	18.2620567
K09819	manganese/iron transport system permease protein	0	0	0.2791653	0.1000584	0	0	0.233242	0	0	0.506541	1.23077	21.7727	17.3091	0	0	2.62622	0.233353	0.0432435	0	0.1747292	0	3.60203	6.1189856	0	0	0	0	0.0424394	0	3.37305	0.1510335	0	4.52243	7.648853	0.1089108	0.319619	1.34839	21.7028	2.46765	0.159749	0	0.0960408
K09820	manganese/iron transport system ATP-binding protein	0	0	0.0320489	0	0	0	0	0	0	0	0	0	0	0	0.0818678	0	0.0656497	0	0	0	0	0	0	0	0.0369362	0	0	0	0	0	0.129883	0.0484902	0	0.0323924	0	0	0	0	0	0	0	0
K09821	angiotensinogen	0	0	0	0	0	0	0	0	0	0	0	0	0	0	0	0.0440686	0	0	0	0	0	0	0	0	0	0	0	0	0	0	0	0	0	0	0	0	0	0	0	0	0	0
K09823	Fur family transcriptional regulator, zinc uptake regulator	0	0	4.4624	0	0	0.131478	0.502306	0.0142401	0	0.0617266	0	0.068915	11.2269	6.19234	20.5509	0	0.754434	0	0	0	0	0	0.11211	0	0	0	0.282017	0.313541	0	0.0504232	0	0	0	0.346345	0.0708988	1.80138	0	0	0	0	0	1.02512
K09824	hypothetical protein	0.172391	0.280561	5.8186265	0	0	0.0597237	1.0478438	0	0	3.0261647	6.833682	0	4.66168	2.4124653	17.8448	0	0.152856	0.539078	0.26819	0.343261	0	0	0.1300268	0	0	0	0.181266	0.9092257	1.24069	0	0.0241771	0.1276733	5.3961541	0.6050583	0	0.366296	0	0	0	0	0	0.247227
K09825	Fur family transcriptional regulator, peroxide stress response	53.9178035	31.8569294	14.6138105	33.0082095	31.6726713	25.2080137	34.4690791	34.4184224	49.7146592	77.4001	48.0605987	2.002452	23.0443825	14.1735032	2.3594153	8.5993631	14.6670875	22.7700668	34.7255922	57.760777	54.350609	9.0247345	11.2781992	31.8447386	18.7013137	25.4971247	27.709763	31.272625	0.447185	11.0617566	27.0042052	22.1532727	42.0501456	30.3946206	25.8228448	9.7863048	45.295316	49.274905	55.604415	101.6078446	95.54129	29.7074049
K09826	Fur family transcriptional regulator, iron response regulator	0	0	0	0	0	0.0454199	0	0	0	0	0	0	0	0	0	0	0	0	0	0	0	0	0	0	0	0	0	0	0	0	0	0	0	0	0	0	0	0	0	0	0	0
K09856	Ras association domain-containing protein 8	0	0	0	0	0	0	0	0	0	0	0	0.0334592	0	0	0	0.1073843	0	0	0	0	0	0	0	0	0	0	0	0	0	0	0	0	0	0	0	0	0	0	0	0	0	0
K09857	hypothetical protein	0	0	1.89245	0.493366	0	0	0.67646	0.017208	0	0.6469476	0.0741902	0	1.35045	2.13235	10.1474	0.673404	0	0	0	0	0	0.3300548	0.146872	0	0	0	0.0769711	0	0	0.1801626	0.384274	0.0950888	1.88245	0.396533	0.0580513	1.779242	0	0	0	0.176941	0	0.491121
K09858	SEC-C motif domain protein	0	0.29539	8.68475	0.631022	0.168376	0	0.897898	0	0	0.1168898	0.246107	0.0544183	7.73556	2.8559808	9.0510982	1.5588676	0.723117	0	0	0.190892	0.150164	0.2436083	0.135644	0.235885	0.0446246	0	0.111347	0.1762249	0	0.172724	1.2711661	0.0630738	15.060478	0.348583	0.586684	2.4386614	0	0	0	0	0	0.9408607
K09859	hypothetical protein	0.185984	0.190139	0	0	0	0	0	0	0	0.0690908	0.0310626	2.44882	0.773556	0	0	0	0	0	0	0	0	0.290342	0	0	0	0	0	0	0.0313696	0.261295	0	1.01104	0.194169	0	0	0	0	0.0923931	0	0	0	0.0547805
K09860	hypothetical protein	0	0	0	0	0	0	0	0	0	0	0	0	0	0	0	0	0	0	0	0	0	0	0	0	0	0	0	0	0	0	0	0	0.696304	0	0	0	0	0	0	0	0	0
K09861	hypothetical protein	11.2556206	5.4353497	20.7250291	19.6599109	8.727711	10.6271435	19.4455679	35.532418	35.89236	19.7465355	12.938802	28.0500896	33.7744377	18.1327536	35.1310469	20.1939778	16.6127492	22.1357646	23.3055229	23.3294365	22.168308	9.2177831	6.6890253	31.6520869	6.1351977	17.4726298	24.2202881	39.8294172	65.6136835	9.1321413	31.7012282	32.2721244	53.4651272	35.6608258	16.6478173	29.3351888	21.9390857	12.7655533	4.0809092	36.12514	23.542401	17.5769896
K09862	hypothetical protein	0.019306	1.00433	15.7779013	0	0	0.349633	1.575839	0.379587	0	0.0263527	2.967047	0	18.7374	13.6168	62.4094	1.37718	1.572366	0	0	0	0	0.178007	0.170968	0	0	0	0	0.347473	6.24956	0	1.20149	0	35.92528	2.300506	0.961072	6.60695	0	0	0	0	0	0.705299
K09867	aquaporin-5	0	0	0	0	0	0	0	0	0	0	0	0	0	0	0	0.0227147	0	0	0	0	0	0	0	0	0	0	0	0	0	0	0	0	0	0	0	0	0	0	0	0	0	0
K09880	enolase-phosphatase E1 [EC:3.1.3.77]	0	0.318037	18.228153	0	0	0.108775	1.613903	0.116266	0	0.420375	0	0	0	0	0	1.14765	0.310941	0	0	0	0	0	0	0.0405286	0	0	0.0477862	0	0	0	0.505893	0	13.0127052	0.234745	0.800893	0.185458	0	0	0	0	0	0.3761596
K09882	cobaltochelatase CobS [EC:6.6.1.2]	0	0	0	0	0	0	0	0	0	0	0	0	0	0	0	0.365463	0	0	0	0	0	0	0	0	0	0	0	0	1.07113	0	0.0771496	0.144027	0	0	0	0.110336	0	0	0	0	0	0
K09888	hypothetical protein	8.1452421	7.849749	27.4202074	2.3766854	1.205317	3.6414496	9.766285	6.97377	7.3561257	15.2074171	8.847778	43.3474437	19.0248529	6.0946036	6.6321758	25.7272393	6.70009	11.580308	10.5650577	8.3182272	11.0565883	54.5072049	94.9572702	8.786857	4.4173227	9.8220955	5.302231	50.4273247	97.0192138	7.1346825	7.037506	8.1741177	42.093327	16.008694	4.9707913	6.444041	8.2551874	13.9765457	3.4526249	7.9207617	16.4101633	23.1651499
K09889	hypothetical protein	0.554794	0.766178	7.8351969	0.212563	0	0.3131044	4.082423	0.131585	0	1.246388	1.360605	0.092174	7.57872	12.0065	30.0295	1.084704	0.847143	0.230716	0.498211	0	0	0.1883876	0.265382	0	0.0258873	0	0.641905	0.4998161	3.54019	0.148232	1.116765	0.102421	25.048512	2.45646	0.4661763	3.23859	0	0.0437037	0	0	0	3.26332
K09890	hypothetical protein	0.125207	1.478416	9.0351	0	0	0	1.7020479	0	0	0.913184	4.29798	0	0.70458	2.58342	20.5268	0	0.666963	0.661626	1.49835	0.211071	0	0.247663	0.356802	0.0842283	0	0	0.373979	1.953531	0	0	0	0	143.48826	0.5727542	0	0.604755	0	0	0	0	0	1.59639
K09891	hypothetical protein	0	0.156053	7.74348	0.0517153	0	0.418608	4.167351	0	0	0.983272	0.26118	0	11.5201	8.60387	33.352	0.381434	0.187839	0	0	0	0	0.11625	0.348307	0	0.0186902	0	0.234055	0.245831	0.601129	0	0.495568	0	6.67299	2.91276	0.254978	2.21414	0	0	0	0	0	2.5717
K09892	hypothetical protein	0	0.8474	17.85337	0.320675	0	0.646821	6.76013	0.1897934	0.0441418	1.4664	2.1383	0	14.371	14.82521	59.7371	2.7728	1.367828	0	0	0	0	0.890037	0.8035479	0	0	0	0.549542	0.347473	5.6693683	0.0961191	1.802236	0.177103	17.853045	3.339254	0.5706365	5.83034	0	0.286715	0	0.0449944	0	3.757325
K09893	hypothetical protein	0	0.2867622	10.3852	0	0	0.276632	2.418508	0.226782	0	0.0895806	1.729044	0.157446	11.0463	4.99141	41.7545	0.908029	0.477308	0	0	0	0.0178232	0.0313309	0.396165	0	0	0.0154191	0.257724	0.218635	2.71734	0	0.73757	0	3.5012221	0.624696	0.633674	1.37531	0	0.0658011	0	0	0	0.694588
K09894	hypothetical protein	0.067304	0.354523	6.95652	0	0	0.128521	0.274252	0	0	0.8871169	5.24508	0	6.95479	7.52264	29.0674	0	1.07381	0.404394	0.32472	0.391082	0	0.142605	0.113978	0	0	0	0.239734	1.117364	0	0.0363291	0	0.0200875	4.2260081	0.763578	0	3.17811	0	0	0	0	0	0.775829
K09895	hypothetical protein	0.102784	0.823511	10.38898	0	0	0.212191	3.1808467	0.0616518	0	0.889574	5.34521	0	4.54495	6.48503	18.5999	0.895505	0.74587	0.565864	0.290539	0.277013	0	0.0589266	0.3222946	0.0347387	0	0	0.477609	0.987663	3.42187	0.111249	0.688306	0	23.0643436	2.4006991	0.357916	1.4389	0	0	0	0	0	2.339776
K09896	hypothetical protein	0	0.903894	8.48726	0	0	0.368879	1.78139	0.0734684	0.0396872	1.0194916	1.992457	0	7.2924	9.6909	25.968	1.03288	0.99711	0	0	0	0	0.142406	0.205161	0	0	0	0.430076	0.764441	4.06948	0	1.13826	0.0708412	19.498857	2.48421	0.432482	2.71232	0	0.146407	0	0	0	3.94968
K09897	hypothetical protein	0.044835	0.625582	13.87458	0	0	0.133193	2.8711	0.0932932	0	1.329394	3.843104	0.0889696	10.0319	7.67996	28.9619	0.0936856	0.633086	0.560248	0.578735	0.304072	0	0.135625	0.217102	0	0	0	0	1.611931	0.295291	0	0.770883	0	6.672564	2.28038	0.640715	3.79748	0	0	0	0	0	2.55251
K09898	hypothetical protein	0	0.130999	11.61301	0.0789196	0	0.243223	5.123724	0.255542	0	0	2.225711	0	10.2164	10.82576	30.7886	1.411388	1.867496	0	0	0	0	0.247662	0.1677819	0.0342563	0	0	0	0.24172	4.24642	0	0.4230174	0	28.0008946	2.386421	0.376072	1.81426	0	0.1403057	0	0	0	2.453215
K09899	hypothetical protein	0.0429998	0.4771	8.6986	0	0	0.1959605	3.321988	0.0771228	0	1.2941284	6.026774	0.0549518	8.908772	9.3503	38.3792	0.289323	0.515732	0.438578	0.613454	0.174239	0	0	0.502319	0.0854007	0	0	0.414063	1.364904	4.76483	0.0456804	0.618672	0.0419288	16.227269	3.118406	0.141334	3.236324	0	0.172244	0	0	0	2.057895
K09900	hypothetical protein	0	0.502163	12.618876	0	0	0.2113332	1.53151	0	0	0.104909	1.238103	0	18.53846	15.374012	84.12202	0	0.57818	0	0	0.155157	0	0	0	0	0	0	0.434136	0.924723	2.493403	0	0.168631	0	4.093096	4.431011	0	6.794071	0	0	0	0	0	1.515088
K09901	hypothetical protein	0	0.251082	6.615301	0.0315622	0	0.1864708	2.69492	0.0979579	0	0.0575793	0.597231	0	6.302579	7.922488	26.00315	0.639404	0.767008	0	0	0	0	0	0.136774	0	0	0	0.0955725	0	2.015363	0	0.8471403	0	14.165871	1.683421	0.52859	2.457321	0	0.19521	0	0	0	1.92782
K09902	hypothetical protein	0	0.345752	8.501328	0	0	0.3125501	1.700049	0.1280132	0	0.3695342	1.01316	0.118982	4.22014	6.95658	18.242	1.54262	0.662416	0.0603044	0	0.0377684	0	0	0.398925	0.0747409	0	0	0.179198	0.115824	3.58502	0	0.8861944	0.0590343	25.736737	0.5921984	0.982915	2.43414	0	0.124774	0	0	0	1.015203
K09903	uridylate kinase [EC:2.7.4.22]	52.897479	53.9553639	27.4278038	24.8117314	91.7530634	57.4295292	45.7216079	28.5739268	20.2638825	81.3787549	62.6950547	44.2128152	41.4740483	34.6739589	26.5638601	48.756642	16.922208	18.8189842	15.5778048	69.1815468	34.0085683	44.329708	62.2657619	31.9758818	30.2804064	54.080048	46.5347155	63.5639798	74.3766015	32.9315522	50.9496604	26.4130507	59.5287701	30.6201144	26.7368779	19.0196218	57.9364717	54.9410939	68.2889111	64.0814537	76.996081	41.9344665
K09904	hypothetical protein	0	0.463535	8.73813	0	0	0.107579	5.210644	0.113028	0	0.1433898	1.7638955	0.21558	8.518193	8.923677	30.48724	0.454015	0.472004	0.222662	0	0	0	0	0.1284027	0.0243858	0	0	0.330828	0.3673336	7.730197	0.2366	1.910921	0	14.9592824	3.803437	1.108929	2.781875	0	0.112621	0	0	0	3.363739
K09906	hypothetical protein	0.0701821	0.186851	8.75205	0	0	0.189275	0.783027	0	0	0.5903067	2.847512	0	4.06149	2.06359	12.9871	0.599094	0.655483	0.4814083	0.278152	0.115316	0.00786083	0	0.126191	0	0	0.00768526	0.106422	0.991241	0.839249	0	0.639022	0.0128284	5.85106	0.12708	0.498601	1.193	0	0	0.0113768	0	0	0.233332
K09907	hypothetical protein	0	0	0.341215	0	0	0.100614	0.138016	0	0	0	0	0	5.57666	3.17551	16.8672	0	0.0441443	0	0	0	0.0224773	0	0.118078	0	0	0	0.14439	0.0599953	0	0	0	0	2.517055	0.121595	0	0.960646	0	0.0312495	0	0	0	0.263853
K09908	hypothetical protein	0	0.108903	4.09025	0	0	0.505493	4.4576	0	0	0	0.308381	0	3.51441	5.93164	11.6063	0.46222	0.406607	0	0	0	0	0	0.197746	0	0	0	0.276354	0	0.308188	0	0.7342176	0	5.81228	2.1721	0.208425	0.971979	0	0	0	0	0	2.24336
K09909	hypothetical protein	0	0.599072	1.73716	0	0	0.0490713	0.509081	0	0	0.6342886	0.269428	0	2.90625	2.56471	8.68337	0	0.31088	0	0	0	0.0175247	0.0349263	0.111979	0	0	0	0.100603	0.0168204	0.843134	0	0.023577	0	3.872761	0.280047	0	0.943559	0	0.0263503	0	0	0	0.435995
K09910	hypothetical protein	0	0.510248	9.99374	0	0	0.352116	4.3239481	0.1622066	0	1.313319	1.705071	0.151489	9.54	7.98292	21.1882	0.8312944	0.836107	0.0558446	0	0	0	0.0549476	0.865013	0	0	0	0.397278	0.4539498	5.481154	0.16626	1.573042	0	19.782244	2.672	0.8527827	1.95483	0	0.0791392	0	0	0	3.551074
K09911	hypothetical protein	0	0.0894944	5.8575506	0	0	0.3046304	2.6366304	0	0	0.6468928	0.858799	0	10.375704	7.5639	24.9342	0.555156	0.455648	0.0289654	0	0	0.0324488	0.0319662	0.2677447	0	0	0	0.198715	0.3027492	2.486589	0	1.051855	0	9.5790951	2.48005	0.4282	2.5339819	0	0.0869748	0	0	0	2.679325
K09912	hypothetical protein	0	0	1.05611	0	0	0	0.084326	0	0	0	0	0	7.27168	3.09064	7.3243	0	0.141601	0	0	0	0	0.0131227	0	0	0	0	0.0882207	0	0	0	0.0700466	0	2.16311	0.216688	0.0443572	1.11275	0	0	0	0	0	0.455732
K09913	hypothetical protein	0	0.468686	11.141495	0	0	0.559412	5.031053	0.233592	0	0.808858	0.0898349	0.356687	5.696421	7.6081	19.7779	1.04928	1.202421	0	0	0	0	0	0.7391935	0	0	0	0.50972	0.0351871	0.310056	0.950706	1.674573	0	24.073853	1.6888039	0.8970005	0.675981	0	0	0	0	0	2.562245
K09914	putative lipoprotein	0	0.258255	2.56707	0	0	0.059512	0.527711	0	0	0	1.61657	0.0745357	5.89982	4.933338	29.2288549	0	0.282868	0	0	0.0137577	0	0.0910053	0.319133	0	0	0	0.235185	0.292609	3.30454	0	0.305147	0.0401936	12.22107	1.48739	0	1.47972	0	0.115585	0.0351592	0	0	1.6627721
K09915	hypothetical protein	0	0.163354	4.1921942	0	0	0.207054	2.1300277	0.123923	0	0.9647622	0.1701	0	7.53327	2.62495	0	0.456717	0.2761314	0	0	0	0	0.0639948	0.0865345	0	0	0	0.228898	0.0956142	0.826504	0	0.6297467	0.0189939	15.6417	1.669108	0.154458	1.541756	0	0.0368331	0	0	0	1.3757938
K09916	hypothetical protein	0	0.28695	4.32278	0	0	0.204663	0.53475	0.0716765	0	0	1.43585	0.0683547	8.49792	6.21101	35.8659	0	0.89796	0.141201	0	0	0	0.138933	0.1516746	0	0	0	0.419586	0.677996	3.2329	0	0.1139719	0.138227	28.1285	0.755765	0	2.78187	0	0	0	0	0	1.16977
K09917	hypothetical protein	0.0746838	0.903894	21.09337	0	0	0.233088	4.47631	0.489789	0	0.507076	4.69128	0	14.8549	20.41927	58.8575	2.21332	0.255669	0	0	0	0	0	0.3495941	0	0	0	0	3.057765	5.34846	0	3.627099	0.566729	21.049884	3.511219	1.68188	6.12012	0	0	0	0	0	3.099044
K09918	hypothetical protein	0	0.0378198	4.40828	0	0	0	1.721046	0.0625263	0	0.0216098	0.653505	0	5.28685	6.50174	26.1293	0	0.522218	0	0	0	0	0.121197	0.0582018	0	0	0	0.366022	0.236577	2.67176	0.15019	0.321931	0.0118563	11.160564	0.967132	0	2.07161	0	0.0122517	0	0	0	1.20051
K09920	hypothetical protein	0	0.430426	9.98501	0.035602	0	0.4303169	4.668047	0.193763	0	1.295778	1.63137	0	6.20314	8.92367	26.465	0.648592	0.809151	0	0	0	0	0.034515	0.3048528	0	0	0	0.104022	0.427659	2.47874	0	1.134088	0	19.3413677	2.422573	1.1723011	2.7513	0	0.188511	0	0	0	2.511173
K09921	hypothetical protein	0.0554655	0.140139	5.52942	0.0127657	0	0.0923245	1.744506	0.047399	0	0.8368078	5.80345	0	5.89549	7.3931	22.7747	0	0.68478	0.5347323	0.433275	0.364256	0	0.0612499	0.323552	0	0	0.0133663	0.231224	0.82878	2.25041	0.0751176	0.101483	0	4.639805	1.350721	0	1.27129	0	0.0149481	0	0	0	1.428602
K09922	hypothetical protein	4.051416	2.389312	0	0.6189063	0	1.675643	4.314501	2.270188	0.0779441	11.63887	8.26223	4.585496	9.9057	1.280167	0.27645	17.81728	1.169253	2.3395834	0.2857205	3.117612	0.658394	4.170915	1.708587	0.460404	2.701442	5.613149	1.462001	24.68966	4.12236	5.004473	0.588113	3.169427	18.749561	7.352644	2.8008862	0	3.605226	7.91009	4.993562	0.703765	0.1052297	0.876859
K09923	hypothetical protein	0	0.612809	11.2543	0	0	0.379263	1.67223	0.149427	0	0	1.247919	0.0950015	8.92693	6.13849	34.3855	1.05039	1.14401	0	0	0	0	0.193093	0.278185	0	0	0.0385257	0.291577	0.28269	5.57009	0	0.514467	0	8.201388	1.14587	0.879625	3.20623	0	0	0	0	0	0.382535
K09925	hypothetical protein	0.084897	0.0451524	2.713851	0.5152094	0.2182269	0.1136754	0.3796118	0.0502348	0.049298	1.190971	1.5451871	0	0	6.8762075	0.8786274	0.16395	0.441292	0	0.1667647	1.7541299	0.0900477	0	0.1177442	0.996066	0.0615018	0	0	0.0380792	1.17864	0.2390108	0.189599	0.0363288	9.99504	0.891323	0.1601787	2.4185607	0	0	0	0.0499938	0	0.1128385
K09927	hypothetical protein	0	0.183616	5.54775	0	0	0.139853	1.537187	0.1304296	0	0	0.496314	0.0279947	0	1.22271	0	0.573824	0.408504	0.0284281	0	0	0	0.0313459	0.0856076	0.0585942	0	0	0.166092	0.0535424	2.86008	0	0.4382296	0	13.0869134	0.569956	0.37642	0	0	0	0	0	0	0.5091293
K09928	hypothetical protein	0	0	0	0	0	0	0	0	0	0	0	0	0	0	0	0	0	0	0	0	0	0	0	0	0	0	0	0	0	0	0	0	0.74893	0	0	0	0	0	0	0	0	0
K09929	hypothetical protein	0	0	0.074432	0	0	0	0	0	0	0	0	0	0	0	0	0	0	0	0	0	0	0	0	0	0	0	0	0	0	0	0	0	11.4128	0	0	0	0	0	0	0	0	0
K09930	hypothetical protein	0	0.105513	2.0545005	0	0	0	0	0	0	1.05726	5.4281532	0	0	0	0	0	0	0.14642	0.161096	0	0	0	0	0	0	0	0	0.389386	0	0	0	0	22.160004	0	0	0	0	0	0	0	0	0
K09931	hypothetical protein	0.0831209	0.113459	0	0.418308	0.0949608	0.0612461	0	0	0	0	0	0	0.14691	0	0	0.135824	0	0.063878	0	0.264221	0.0726515	0.159379	0.0915643	0	0	0	0.407883	0	0	0.102956	0	0	0.192716	0.188582	0.109403	0	0	0.064618	0.0953087	0	0	0.212475
K09932	hypothetical protein	0	0	0	0	0	0	0.564863	0	0	0.744962	0	0	0	0	0	0	0	0	0	0	0	0	0	0	0	0	0	0	0	0	0.0459902	0	11.3187	0.0343529	0	0	0	0	0	0	0	0.282189
K09933	hypothetical protein	0	0.293392	4.7645808	0.0157613	0	0.1807083	2.2596743	0.0680263	0	0.45515726	1.4694	0	0	1.17894	2.14135	0.437199	0.242029	0.0197746	0	0	0	0.105486	0.2542409	0	0	0	0.2171417	0.295995	3.53119	0	0.753253	0	12.676998	1.278062	0.253616	0	0	0.0813375	0	0	0	2.0837133
K09934	hypothetical protein	0	0	0.671164	0	0	0	0.277529	0.0128352	0	0.0192016	1.71717	0	0.888901	0	0.26226	0	0.354765	0	0	0	0	0	0.156406	0.0125635	0	0	0.145173	0.0218435	3.88551	0	0.0768444	0.0153572	7.82554	0.213945	0	0	0	0.185326	0.0160289	0	0	0.357114
K09935	hypothetical protein	1.5334	28.2269	9.646828	3.06831	26.4862	0	0.301466	9.455467	12.60757	0	0.0355907	0.0840763	11.279604	6.30969	29.761	0.106932	0.659909	11.111731	20.842021	1.305091	6.70748	4.970996	12.7051625	0.586163	0.293159	5.7871342	3.768252	2.6235075	0.246635	0	1.8545874	1.2419529	6.819402	0.901802	12.850009	2.7945247	0	0.0353499	0.5948948	10.54908	4.554544	1.1639161
K09936	bacterial/archaeal transporter family-2 protein	41.485995	66.193317	22.0505461	51.7270641	118.908333	53.847598	59.852206	24.82296	33.51536	12.6034057	30.90542	0.928913	21.833922	18.9193718	21.467097	4.7141675	27.67482	17.232592	16.326817	70.8226454	59.5607699	30.6027328	55.1046969	21.2106454	12.5437719	37.4532043	47.9651027	4.608239	0.0327144	12.080308	31.1486273	36.860828	28.1296887	33.2166352	22.151029	11.8492834	60.1271268	44.234158	53.1148186	95.3824895	72.218408	14.4403558
K09937	hypothetical protein	0	0	4.992512	1.10267	0	0.174816	3.768322	0	0	2.207127	2.291856	0	11.9852	18.21465	45.0582	2.95109	1.72577	0.180913	0	0.0294904	0	0.356014	1.196773	0	0	0	0.895992	0.521209	4.21482	0.384477	0.758838	0.708412	12.0191227	2.464826	0	5.674538	0	0.732037	0	0.177871	0	2.64487
K09938	hypothetical protein	0	0	0	0	0	0	0	0	0	0	0	0	0	0	0	0	0	0	0	0	0	0	0	0	0	0	0	0	0	0	0	0	3.365255	0	0	0	0	0	0	0	0	0
K09939	hypothetical protein	0	0.0650283	0	0	0	0.119036	0.4221436	1.535195	0.0812376	2.721275	2.399675	19.436382	4.856072	0.557922	0.123549	17.10703	0.6371768	0.616377	0.0583124	0.609476	0.737636	3.325103	0.90691	0.506607	1.777457	1.697831	0.0948375	9.4800496	61.17408	6.281964	0.497836	0.619606	3.707315	3.69284	3.427386	0	3.223132	4.6328633	5.1896959	0.959167	0.0818064	0.7731337
K09940	hypothetical protein	0	0	0.138887	0.0421068	0.102615	0	0.102452	0	0.0412482	0.7099734	1.212802	0	0	0.0417119	0	0	0.0860196	0	0	0.1125435	0	0	0	0	0	0	0.0410085	0	0	0	0.1295841	0.0966865	0	0.187796	0	0.4497868	0.0629743	0	0	0	0	0
K09944	hypothetical protein	0	0	0	0	0	0	0	0	0	0	0	0	0	0	0	0	0	0	0	0	0	0	0	0	0	0	0	0	0.0606152	0	0	0	0	0	0	0	0	0	0	0	0	0
K09946	hypothetical protein	5.675968	0.376622	1.8210333	1.47023	0.709238	0.699265	1.151275	0	0	0.0592618	0.12588	0	4.07347	1.99479	12.1056	0	0.150887	0.361827	0	0.3588	0	0.356015	0.683871	0	0	0	1.574599	1.3862675	2.131585	0.0371884	0.379419	0	26.914223	7.671546	0	1.09451	3.2235	1.83009	1.01962	0.649919	2.83793	0.768892
K09947	hypothetical protein	0	0	0	0	0	0	0	0	0	0	0	0	0	0	0	0	0	0	0	0	0	0	0	0	0	0	0	0	0	0	0	0	11.1743	0	0	0	0	0	0	0	0	0
K09949	hypothetical protein	0	0	0.0696828	0.0692628	0	0	0	0	0	0	0	0.258614	0.665644	0.927573	0.20005	0.4561541	0.304039	0	0	0.045789	0	0	0.529846	0	0	0	0	0	4.17164	1.2843188	0.139236	0	0	0	0.2592077	0	0.0913406	0	0	0	0	0.282424
K09950	hypothetical protein	0	0	0	0	0	0	0	0	0	0	0	0	0	0	0	0	0	0	0	0	0	0	0	0	0	0	0	0	0	0	0	0	11.292844	0	0	0	0	0	0	0	0	0
K09951	CRISPR-associated protein Cas2	8.9631574	8.2156063	14.3473235	1.88752	1.7623287	0.4908199	1.5657562	16.1709646	18.4212172	22.249153	9.89561537	55.434325	21.6983148	7.8839523	1.6530324	12.6184961	12.4459333	19.2039288	33.7533071	13.136714	35.1983165	24.9931506	35.4365497	28.3571909	0.5301244	21.1015446	21.2088019	33.4115087	3.1148394	19.9521992	49.6415102	17.3898579	29.381367	13.877967	18.945666	15.4094284	9.8764992	16.1960671	24.286929	15.8367853	24.2272056	21.843317
K09952	hypothetical protein	4.8707786	0.188653	2.7383149	0.676177	0.0836923	0.754852	0.19398	4.540528	0.6438018	3.080457	3.38585	0.0966394	1.523595	0.736133	0.183426	2.379151	0.654254	0.641582	2.372713	2.500568	1.05071	4.4064575	0.7960454	12.0465	0	1.593601	2.3569123	0.0926753	2.14695	0.1421481	0.9176074	0.6616484	0.558786	0.0894944	4.685431	0.970875	6.09728	2.6604957	0	0	0.314648	2.14671
K09954	hypothetical protein	0	0.162376	0	0	0	0	0.119156	0.127771	0	0.0926968	1.44671	0.243699	19.376	4.42872	0	0	0.666963	0.125853	0	0	0	0.123831	0.237868	0	0	0	0.373979	0.36258	1.11216	0	0.131972	0	10.867804	0	0	7.49896	0	0.127311	0	0	0	1.71725
K09955	hypothetical protein	0.6631865	1.7834131	1.774305	5.307241	14.5302275	36.2645705	15.6854501	8.2045081	7.263001	1.4429988	0.153554	9.870216	8.7288091	0.1892242	0	20.9362675	0.735566	8.907727	4.433607	27.8749332	0.5059827	6.3763255	12.0967642	1.18251	1.4291911	3.602312	2.2321936	8.9871881	5.83069	12.8683683	25.398496	10.430601	19.6650997	1.4463072	1.8208147	0.430454	8.899259	4.5730422	15.7086472	1.080569	28.2425781	5.2441487
K09956	hypothetical protein	0	0	0	0	0	0	0.0357469	0	0	0.0834763	0	0	0	0	0.034299	0.190393	0	0	0	0.216051	0	0	0	0.3435199	0	0	0	0	0	0	0.293744	0.182816	0	0	0	0.0362853	0	0	0	0	0	0
K09958	hypothetical protein	0	0	0	0	0	0	0	0	0	0.045663	0	0	0	0	0	0	0	0	0	0	0	0	0	0	0	0	0	0	0	0	0	0	0	0	0	0	0	0	0	0	0	0
K09961	hypothetical protein	0	0	0	0	0	0	0	0	0	0	0	0	0	0	0	0	0	0	0	0	0	0	0	0	0	0	0	0	0	0	0.518559	0	0	0	0.370046	0	0	0	0	0	0	0.0384709
K09962	hypothetical protein	0.188155	0	0.8292282	0.4254541	0.5672558	0.122821	1.0927684	0.2620394	0.334369	25.9345	27.9084976	0	1.59611	0.30755	0.4270548	0.0849236	0.04488	0.819038	1.1176084	8.842583	0.146795	0.1848893	1.436321	17.8073469	0.2082712	0	0.655239	0.0799938	0	0.1919381	0.1968506	0.142702	0.7011737	0.8629031	4.321443	3.3549522	0.0956399	0.6081958	0	0.127791	0.7116973	4.376603
K09963	hypothetical protein	0	0	1.1159395	0.6669014	0.434753	0	8.999383	0.3296459	0.0587172	0.3524457	0	2.776265	0	0.359296	0.1131663	3.4461209	0.246626	0	3.430555	0.0329931	0	0.226341	1.35265	0.4832219	0.918148	0.454874	1.4433524	0	0	1.259572	1.7264873	0.2999394	0.0923493	0.6837143	0.247133	4.9079735	0	0.327658	0	0	0.0489611	5.7363888
K09964	hypothetical protein	0	0	0	0	0	0	0	0	0	0	0	0	0	0	0	0	0	0	0	0	0	0	0	0	0	0	0	0	0	0	0	0	14.0544	0	0	0	0	0	0	0	0	0
K09967	hypothetical protein	0	0	0	0	0	0	0	2.88828	1.665306	0.337534	0.0868194	0	0.136795	0.2778051	0	0	0	6.96321	6.81469	0	0	0.0587872	0	2.24922	0.691077	1.935669	0.075452	0.542719	0	0	0	0	0.061832	0	0.312168	0.548879	0	0	0	0.304558	2.005218	0
K09968	hypothetical protein	0	0	0	0	0	0	0	0	0	0	0	0	0	0	0	0	0	0	0	0	0	0	0	0	0	0	0	0	0	0	0	0	0	0.0832008	0	0	0	0.185326	0	0	0	0
K09969	general L-amino acid transport system substrate-binding protein	0	0.144458	4.33823	0	0	0.02303935	1.1384463	0	0	0.554424	0.3022646	0	11.32441	6.00308	44.2654	0	0.0510374	0.0255686	0	0	0	0	0.24956753	0	0	0.011009	0.07380285	0.0629587	1.587211	0.0131134	0.395012	0.0219245	4.113057	1.44752859	0	0.985641	0	0.02199551	0	0	0	1.4279716
K09970	general L-amino acid transport system permease protein	0	0	2.64139	0	0	0.0813099	0.135436	0.0144921	0	0.0212368	0.418959	0	5.08631	2.70608	21.5529	0	0.303236	0	0	0	0	0	0.120836	0	0	0	0.125022	0	0.561075	0.0191314	0	0.0188571	3.84767	0.458572	0	0.752076	0	0.0176963	0	0	0	0.393656
K09971	general L-amino acid transport system permease protein	0	0.464264	2.70096	0.0142865	0	0	1.3973535	0.00993255	0	0.559706	0	0	8.2245	3.58577	32.109	0	0.125423	0	0	0	0.0181481	0.0240382	0.0774193	0	0	0	0.145214	0.0828568	0.869551	0.0483618	0.411185	0	7.64604	1.35084	0	0.254019	0	0	0	0	0	0.9688673
K09972	general L-amino acid transport system ATP-binding protein [EC:3.6.3.-]	0	0.341372	2.03894	0	0.022047	0	1.42205	0.0176451	0	0.537161	0	0	3.73867	1.88166	10.5594	0	0	0	0	0	0	0	0.134985	0	0	0	0.112992	0.410805	0	0	0.404472	0	6.02147	1.55455	0	0.43412	0	0	0	0	0	1.66111
K09973	hypothetical protein	0.1745528	0.362043	5.44532	0	0	0.2211628	2.643202	0	0	0.3264423	0.967784	0.952368	6.827291	4.75086	26.253	1.6925163	0.607793	0.1667554	0.141372	0.343048	0.183519	1.286382	0.9854542	0	0.0842425	0.0461929	0.3164059	1.014787	2.44439	2.5854183	0.7201855	0.946853	6.23725	1.502263	0.321847	1.6975304	0.384374	1.4808451	0	0	0.11767	3.4176568
K09974	hypothetical protein	3.08291	2.59342	6.03804	1.24543	7.57363	2.0627995	11.889943	18.5234521	26.7395	11.8788962	1.368394	0	8.74521	3.529249	0.21517	3.001243	5.62407	8.09762	14.8978	1.64101	6.8841	0.409661	0.289677	0.422439	0.104034	0.173645	0.189284	3.981443	1.96766	2.16424	1.05257	9.37765	3.96016	0.754989	13.3983	0.5540987	15.5985	6.49779	1.18747	15.2958	7.3044	10.248277
K09975	hypothetical protein	0	0.509236	2.17983	0	0	0.0319664	0.3306543	0	0	0.646941	0.324451	0	5.34172	1.75347	2.37583	0	0.453723	0	0	0	0.0331053	0	0	0	0	0	0.121148	0	0.917066	0	0	0	18.521252	0.5779164	0	0.411404	0	0	0	0	0	0.906312
K09976	hypothetical protein	0.0436613	0.0917659	2.4218697	5.8735797	0.9750063	0.5695809	4.7565184	0.401355	0.270369	21.935422	16.6857915	7.905598	0.0409226	33.831469	0.6863665	3.0514791	0.4148769	1.081094	1.1083824	6.2896198	1.62061	0.8119057	2.4573585	1.6508044	1.1415784	0	0.9428597	0.2827841	16.8065693	4.6148058	28.347271	4.1984009	9.9364129	2.7284847	2.8092937	29.954725	0.4711561	0.1344841	0.2066268	0.6445655	3.7770819	15.8092373
K09977	hypothetical protein	0	0	0	0	0	0	0	0	0	0	0	0	0	0	0	0	0	0	0	0	0	0	0	0	0	0	0	0	0	0	0	0	10.2849	0	0	0	0	0	0	0	0	0
K09978	hypothetical protein	0	0.363635	2.49625	0	0	0	0.232254	0.0996182	0	0.226997	1.04118	0	7.50782	2.63763	11.6239	0	0.416004	0	0	0	0	0	0.0927282	0	0	0	0.145789	0.235575	0	0	0	0	8.42296	0.381958	0	0.943007	0	0	0	0	0	0.191268
K09979	hypothetical protein	0	0.18637	12.35392	0	0	0.142707	2.265186	0.0599742	0	0.184734	1.12307	0	10.0871	8.17079	53.5271	0.993736	0.845274	0.0886106	0	0	0	0.2324993	0.2372608	0	0	0	0.526624	0.0211679	5.861	0	0.712379	0	9.86983	1.638426	0.441309	3.57669	0	0.179274	0	0	0	1.410598
K09980	hypothetical protein	0	0	2.61512	0	0	0	0.228383	0	0	0.235251	0.670361	0.166818	0.417995	4.15539	0	0	0.474814	0	0	0	0	0	0.195392	0	0	0	0.170665	0.397112	5.17682	0	0	0	7.21479	0.26828	0	5.22354	0	0.209154	0	0	0	1.19382
K09981	hypothetical protein	0	0	0	0	0	0	0	0	0	0	0	0	0	0	0	0	0	0	0	0	0	0	0	0	0	0	0	0	0	0	0	0	0	0	0	0	0	0	0.101962	0	0	0
K09982	hypothetical protein	0	0	8.73689	0	0	0.310785	4.7199217	0.3265266	0.041999	1.8341995	3.48385	0	0	4.008399	0	1.72147	0.255669	0.0419509	0	0	0	0.158229	0.2279568	0.0206143	0	0	0	0	6.20112	0.0854392	1.4333572	0.1574248	19.871652	3.12994	0.320357	0	0	0.32535	0	0	0	2.89956
K09983	hypothetical protein	0	0	0	0	0	0	0	0	0	0	0	0	0	0	0	0	0	0	0	0	0	0	0	0	0	0	0	0	0	0	0	0	0.451008	0	0	0	0	0	0	0	0	0
K09984	hypothetical protein	0	0	0	0	0	0	0.737853	0	0	0	0	0	0	0	0	0	0	0	0	0	0	0	0	0	0	0	0	0	0	0	0	0	13.2156	0.108344	0	0	0	0	0	0	0	0
K09986	hypothetical protein	0	0	0	0	0	0	0	0	0	0	0	0	0	0	0	0	0	0	0	0	0	0	0	0	0	0	0	0	0	0	0	0	10.7356	0	0	0	0	0	0	0	0	0
K09988	hypothetical protein	0	0.425562	0	0.620556	0	0	0.123173	0	0	0	0	0	0.0257534	0.126435	0	0.1829329	0	0	0	0.0368788	0	0	0	0	0.439336	0	0	0.1176507	0	0	0	0.0480279	0.313235	0.838752	0	0.113084	0.0273105	0.0279315	0	0	0.1279077	0.666309
K09994	PhnO protein	0	0	4.54581	0	0.211263	0	0.375029	0	0	0	0	0	1.90484	4.591239	7.57166	0	0.613606	0	0	0	0	0.066695	0	0	0	0	0.150904	0	1.44421	0.392657	0.064582	0	10.8371	0.7413	0	3.785738	0	0	0.26891	0	0	1.332382
K09996	arginine transport system substrate-binding protein	0	0	1.9687	0	0	0.0254724	0.257076	0	0	0	0.277066	0.0123521	5.40178	3.48578	21.2107	0	0.126517	0.0127657	0	0	0	0	0.117596	0	0	0	0.118234	0	0.707215	0	0.0782308	0.0170852	2.73656	0.301895	0	0.94641	0	0	0	0	0	0.44463
K09997	arginine transport system substrate-binding protein	0	0	5.31726	0	0	0.230686	1.051152	0.074158	0	0	0	0	8.26228	6.47821	28.32358	0.360846	0.636324	0	0	0	0	0.0157065	0.0412384	0	0	0	0.1865096	0.0326778	0.0359601	0.020315	0.293463	0	2.955749	0.542875	0.132205	2.697713	0	0	0	0	0	0.755394
K09998	arginine transport system permease protein	0	0.3632912	3.384223	0	0	0.258409	2.39208	0.339738	0	0.4375789	2.001635	0.129597	0	0	0	0.272934	0.0886714	0.2128146	0.0775315	0.129365	0	0	0.189745	0	0	0	0.298319	0.929033	6.09244	0.106676	0.807088	0	8.3597238	1.38405	0.33332	0.0964811	0	0.0846286	0	0	0	0.864298
K09999	arginine transport system permease protein	0.0736247	0.487275	5.90362	0	0	0.256818	2.49411	0.13994	0	1.063611	5.015412	0.0400032	5.65901	4.40141	21.5102	0.1093	0.427646	0.449164	0.396569	0.416869	0	0	0.144735	0	0	0	0.25982	1.049823	1.91939	0.0404539	0.433622	0	9.01089	2.39962	0	2.11952	0	0.0198046	0	0	0	1.63118
K10000	arginine transport system ATP-binding protein [EC:3.6.3.-]	0	0.390282	1.92716	0	0	0.247187	2.059	0	0	0.287206	0.318287	0	3.09273	5.1458	10.8999	0.152906	0.445103	0.0543253	0	0	0	0.0167468	0.167936	0	0	0	0.208007	0.0997884	0.975953	0	0.864997	0	4.63564	1.80985	0	1.00897	0	0.0898773	0	0	0	1.71029
K10001	glutamate/aspartate transport system substrate-binding protein	0	0.2341664	2.5405	0.476517	0	0.143157	2.82703	0	0	0.533983	0.0397789	0	5.1776	6.87796	17.2914	0.862064	0.2664988	0.0572058	0	0	0	0.1688608	0.1946207	0	0	0	0.0679962	0.280095	0	0.0607868	0.826407	0.0672011	6.707287	1.6134	0.2839604	1.35245	0	0	0.0268651	0	0	1.773324
K10002	glutamate/aspartate transport system permease protein	0	0.0434799	3.91677	0.384265	0	0.143849	0.454156	0	0	0.0378485	0.731303	0	6.63647	5.64377	5.23315	0.670703	0.333101	0.0255357	0	0	0	0.356847	0.265111	0	0	0	0.180222	0.14296	2.05966	0.122333	0.32768	0	6.55997	0.386323	0	2.51163	0	0	0	0	0	0.612603
K10003	glutamate/aspartate transport system permease protein	0	0.32118	3.94007	0.3324184	0	0.182265	2.61539	0.0745872	0	0.118223	0.636642	0	7.99299	3.5476	9.59376	1.202609	0.482787	0	0	0	0	0.185128	0.0555428	0	0	0	0.11269	0.1167467	1.12139	0.09920219	0.952746	0.0708412	5.6248808	1.86891	0.2913955	1.53923	0	0.0126372	0	0	0	1.65972
K10004	glutamate/aspartate transport system ATP-binding protein [EC:3.6.3.-]	0	0.109848	1.44315	0.365653	0	0.136214	0.35357	0.107141	0	0	0.959836	0.0249269	0.171886	2.34315	5.00098	0.535173	0.143814	0.0753805	0	0	0	0.1206545	0.1848454	0	0	0	0.2359893	0	3.12478	0.0800993	0.441263	0.0806025	6.79272	1.32173	0.13445	0.275289	0	0.106755	0.054179	0	0	0.866931
K10005	glutamate transport system substrate-binding protein	0	0	0	0	0	0	0	0	0	0	0	0	0	0	0	0	0	0	0	0	0	0	0	0	0	0	0	0	0	0	0.0768444	0	0	0	0	0	0	0	0	0	0	0.0595189
K10006	glutamate transport system permease protein	13.79841	44.29141	12.36283	45.1353751	108.3629	29.5916	13.0023	20.0473095	16.54655	4.620782	7.63352	3.31697	36.173	5.17625	1.0960698	3.462009	22.64402	9.76219	4.08837	47.580481	16.279145	41.4093	69.3314	0.128395	0	38.3106	51.300586	10.032302	0.177826	10.114	90.666407	29.12715	23.90133	4.337673	31.17949	8.838615	49.7955	25.8897	58.5838	20.706046	23.1711	27.1255499
K10007	glutamate transport system permease protein	2.85395	0.0637361	0.801348	0.86141	0.735708	5.13756	2.318518	1.341716	0.166381	0.0796235	0	0.101382	0.45129	0	0	0.375958	0.252307	0.356067	0.265631	0.749274	0.0874335	0.142406	0.771873	0.0843746	0	0.27205	0.352883	0.888287	0	0.260989	0.948704	1.326007	0.1930192	0	0.0701489	0.338773	2.87705	1.199078	0	0	0.1904142	1.27659
K10008	glutamate transport system ATP-binding protein [EC:3.6.3.-]	9.80514	36.106994	9.6168821	11.9413246	88.3390811	36.6439754	15.571377	12.33186	9.412679	0.6407187	0.3439774	1.62723	12.566314	0.0654967	0	0.992215	1.596011	7.090165	2.29661	24.542462	0.495723	22.325299	53.1134	0.3431583	0.5205304	25.210954	27.482297	1.6493681	0	1.1200433	30.570995	11.5237625	15.391975	1.066363	9.376617	1.565272	34.58072	13.99141	12.2071	0.514519	20.188379	6.7641368
K10009	cystine transport system permease protein	0.195723	0.547648	4.2229571	0.2080993	0.309376	0.135843	1.7640341	1.5198382	0.987867	1.1066712	1.2614711	0.625248	9.6229543	1.426502	4.07484	0.4580698	0.0273407	3.7439353	2.9306011	0.2641417	0.0992212	5.4219091	2.05703	1.692338	0.724497	0.609631	1.767753	1.0089377	0.940921	1.2269841	21.2539416	2.6970543	24.6543635	0.4194619	0.1952303	2.733649	0.1648755	1.0080979	0.0878981	0.5178725	0.783959	10.2613288
K10010	cystine transport system ATP-binding protein [EC:3.6.3.-]	3.76844	2.65198	5.0452919	0.214828	1.08815	0.410988	3.756861	2.5460629	2.40756	3.264677	4.837613	0	8.470267	4.109688	15.8541683	0.161503	0.387814	3.6112855	5.3564	1.6755306	0	1.3686446	1.314721	7.12165	0.131429	1.939155	0.2828854	0.868864	1.35362	0.126403	1.212859	0.649067	10.270064	5.537122	1.367824	1.7221221	3.92511	6.0885117	0.167608	1.25534	3.33036	11.7241456
K10011	UDP-4-amino-4-deoxy-L-arabinose formyltransferase / UDP-glucuronic acid dehydrogenase (UDP-4-keto-hexauronic acid decarboxylating) [EC:2.1.2.13 1.1.1.305]	0	0	2.546802	0	0	0.2540184	2.2113086	0	0	0	0.0534393	0	1.10069	4.29254	4.20784	0.101263	0.3255225	0	0	0	0	0.0856412	0.0894933	0.0118903	0	0	0.222505	0	0.0716928	0	0.3460042	0	11.4533153	0.664798	0.113067	0.541807	0	0	0	0	0	0.718966
K10012	undecaprenyl-phosphate 4-deoxy-4-formamido-L-arabinose transferase [EC:2.4.2.53]	0	0	5.69904	0.262762	0	0.150921	2.671701	0.0448662	0	0	0.168762	0.3172	3.213894	5.18501	9.20139	0.456464	0.620145	0	0	0	0	0	0.7798837	0	0	0	0.1277703	0.0610941	0.706995	0.66378	0.414904	0	15.3499294	1.2036	0.103713	0.66235	0	0	0	0	0	1.135505
K10013	lysine/arginine/ornithine transport system substrate-binding protein	0	0.28559	0.0946634	0	0	0.0221972	0.744526	0.0144487	0	0.122643	0.642923	0	0	0.0920433	0	0	0.0251051	0.00703316	0	0	0	0	0	0	0	0	0.0129362	0.131743	4.21	0.0166146	0.273684	0	6.7315282	1.3831	0	0.118658	0	0.0179895	0	0	0	0.976054
K10014	histidine transport system substrate-binding protein	0	0.342708	2.65005	0	0	0	0.792305	0.0221109	0	0.0421744	0	0	5.32498	1.95782	5.58595	0	0.247187	0	0	0	0	0	0.199763	0	0	0	0.122297	0	0.242461	0	0.222211	0	2.35536	0.480616	0	0.738317	0	0	0	0	0	0.708642
K10015	histidine transport system permease protein	0	0.398542	6.155155	0	0	0.299493	3.59058	0.0221549	0	0.599161	0.284396	0	8.23131	8.02431	33.6281	0.577728	0.616853	0	0	0	0	0.189192	0.170466	0.0194622	0	0	0.352878	0	0.590582	0	1.0278664	0.0122274	5.84238	2.46403	0.2037669	1.86953	0	0.0286078	0	0	0	2.55322
K10016	histidine transport system permease protein	0	0.387143	3.22142	0	0	0	1.74541	0	0	0.0254701	1.08674	0	6.60888	6.6706	20.1903	0.214325	0.308517	0	0	0	0	0	0.242572	0	0	0	0.368408	0	2.16952	0	0.564143	0	5.83697	1.74682	0	2.06701	0	0.114509	0	0	0	2.00163
K10017	histidine transport system ATP-binding protein [EC:3.6.3.21]	0	0.101398	5.12397	0	0	0.301944	3.46643	0.0847712	0	0.497647	0.258417	0.00969873	6.59641	7.01924	23.6936	0.767726	0.6269208	0	0	0.0129153	0	0.0794208	0.170968	0	0	0	0.192983	0.0532076	0.558995	0.0242624	1.090085	0	16.32093	1.77413	0.2841996	1.17695	0	0	0	0	0	2.3749028
K10020	octopine/nopaline transport system permease protein	0	0	0	0	0	0	0.216363	0	0	0	0	0	0	0	0	0	0	0	0	0	0	0	0	0	0	0	0	0	0	0	0.111829	0	0	0	0	0	0	0	0	0	0	0
K10022	arginine/ornithine transport system substrate-binding protein	0	0	0	0	0	0	0	0	0	0	0	0	0	0	0	0	0	0	0	0	0	0	0	0	0	0	0	0	0	0	0	0	0.547769	0	0	0	0	0	0	0	0	0
K10023	arginine/ornithine transport system permease protein	0	0	0	0	0	0	0	0	0	0	0	0	0	0	0	0	0	0	0	0	0	0	0	0	0	0	0	0	0	0	0	0	10.707989	0	0	0	0	0	0	0	0	0
K10024	arginine/ornithine transport system permease protein	0	0	0	0	0	0	0	0	0	0	0	0	0	0	0	0	0	0	0	0	0	0	0	0	0	0	0	0	0	0	0	0	0.479912	0	0	0	0	0	0	0	0	0
K10025	arginine/ornithine transport system ATP-binding protein [EC:3.6.3.-]	0	0	0	0	0	0	0	0	0	0	0	0	0	0	0	0	0	0	0	0	0	0	0	0	0	0	0	0	0	0	0	0	10.2288	0	0	0	0	0	0	0	0	0
K10026	7-carboxy-7-deazaguanine synthase [EC:4.3.99.3]	37.0705622	24.2178119	12.53045	13.1000557	18.82664	13.8593393	18.904802	11.1996168	13.5596667	10.85175531	19.4194772	4.63477604	16.2497544	13.3117403	32.396432	9.9157651	16.5795595	7.3899659	11.220371	35.290713	54.944017	8.04674341	5.5893433	0.7189808	9.321365	14.72528685	17.5782746	7.8492153	6.12259	8.6479621	12.81706145	23.3135976	24.448688	49.7281643	12.0420996	7.37476638	18.720859	30.7165008	50.6785841	67.302057	57.929137	2.226952
K10027	phytoene desaturase [EC:1.3.99.26 1.3.99.28 1.3.99.29 1.3.99.31]	0	0	0	0	0.284327	0.389703	0	0	0	0.0930432	0	0	0	0	0	0	0	0	0	0.296715	0	0	1.6943458	0	0.2199135	0	0.0773171	0	0	0	0	0.0382314	0	0	0.103666	0.13011	0	0	0.107801	0	0	0.4939369
K10036	glutamine transport system substrate-binding protein	0	0.136265	0.765627	0.0222121	0	0.128747	1.46392	0.0612055	0	0.379016	1.25704	0	0.665043	2.74417	1.9316	0.192785	0.0209622	0.116366	0	0	0	0.0331727	0.3246	0	0	0	0.136708	0.279375	2.30205	0.0331827	0.503735	0.0346517	9.2308	1.68905	0	0.223668	0	0.0735716	0	0	0	1.0352
K10037	glutamine transport system permease protein	0	0.336745	3.07965	0	0	0.267475	3.28872	0.0691467	0	0.579039	1.59596	0.0310873	0.378221	2.71295	5.46962	0.451344	0.072189	0.153244	0	0	0	0	0.30573	0	0	0	0.151792	0.245275	3.65227	0.054279	0.910606	0	9.45432	1.47404	0.322242	0.18975	0	0.15502	0	0	0	1.99143
K10038	glutamine transport system ATP-binding protein [EC:3.6.3.-]	0	0.29972	2.7798944	0	0	0.333996	4.19776	0.123088	0	0	1.70191	0.044019	0	1.34807	4.95175	0.60258	0.176693	0.0454651	0	0	0	0.0275772	0.186185	0	0	0	0.0600455	0.117881	3.58142	0	0.741619	0	7.2167	1.78455	0.256621	0	0	0.0919838	0	0	0	1.19642
K10039	putative glutamine transport system substrate-binding protein	0.349646	0.0995931	0.525527	2.620013	1.9088966	0	0.432726	0.128892	0.6194616	30.6171507	23.378373	0.1354902	0.369923	1.662929	0.482669	2.116999	0	1.7750554	2.057982	7.9491922	0.470626	0.3413351	1.8232411	1.702665	0.113616	0.324088	0.8574936	0.133793	0	0.426291	1.7453387	1.012252	6.647254	1.434072	3.0529307	1.6079391	0.1936047	0.7131648	0.204032	0.4141681	1.5338701	5.759031
K10040	putative glutamine transport system permease protein	17.08413	13.4180177	7.0990614	50.851361	26.159335	1.696955	0.779664	12.4874	11.321481	6.843053	9.6740904	3.984968	27.9636822	24.482596	1.352512	3.8613561	26.0757921	3.3208292	6.93366	29.53914	17.195955	19.5497155	21.8570721	6.108042	4.8035985	14.415352	32.72708	9.467325	1.381583	14.7395098	91.782584	24.426265	21.2111226	8.0493249	28.630294	13.6977136	25.341463	15.5031902	50.31219	22.03814	5.5970253	28.6126085
K10041	putative glutamine transport system ATP-binding protein [EC:3.6.3.-]	0.0599406	0	0	0.165026	0.0581939	0	0	0	0	0	0	0	0	0.11608	0	0	0	0	1.80253	0.0878693	0	0	0	0	0	0	0	0	0	0.078867	0	0	5.79314	0	0.44254	0.171192	0	0	0	0	0	0.5684857
K10042	succinate receptor 1	0	0	0	0	0	0	0	0	0	0	0	0	0	0	0	0.13928	0	0	0	0	0	0	0	0	0	0	0	0	0	0	0	0	0	0	0	0	0	0	0	0	0	0
K10045	chorionic gonadotropin, beta polypeptide	0	0	0	0	0	0	0	0	0	0	0	0	0	0	0	0.0489647	0	0	0	0	0	0	0	0	0	0	0	0	0	0	0	0	0	0	0	0	0	0	0	0	0	0
K10048	CCAAT/enhancer binding protein (C/EBP), beta	0	0	0	0	0	0	0	0	0	0	0	0	0	0	0	0.0239349	0	0	0	0	0	0	0	0	0	0	0	0	0	0	0	0	0	0	0	0	0	0	0	0	0	0
K10049	CCAAT/enhancer binding protein (C/EBP), gamma	0	0	0	0	0	0	0	0	0	0	0	0	0	0	0	0.1346211	0	0	0	0	0	0	0	0	0	0	0	0	0	0	0	0	0	0	0	0	0	0	0	0	0	0
K10055	zinc finger and BTB domain-containing protein 16	0	0	0	0	0	0	0	0	0	0	0	0	0	0	0	0.0674017	0	0	0	0	0	0	0	0	0	0	0	0	0	0	0	0	0	0	0	0	0	0	0	0	0	0
K10105	lipoyltransferase 1	0	0	0	0	0	0	0	0	0	0	0	0	0	0	0	0.0578955	0	0	0	0	0	0	0	0	0	0	0	0	0	0	0	0	0	0	0	0	0	0	0	0	0	0
K10107	capsular polysaccharide transport system permease protein	0	0	0.0732485	0	0	0	0	0	0	0	0.0750186	0	0	0	0	0	0.145672	0	0	0	0	0	0	0	0	0	0	0	0	0	0	0	0	0	0	0	0	0	0	0	0	0
K10108	maltose/maltodextrin transport system substrate-binding protein	0	0	0	0	0	0.00963624	0.279959	0.0673573	0	0.011336	0.96629	0.0824414	0.0501119	0	0.236096	0	0	0.00234257	0	0	0	0	0.138305	0	0	0	0.115678	0.0184741	3.16311	0.00396685	0.0024412	0	3.96542	0.271522	0	0	0	0.0506308	0.00192315	0	0	0.373129
K10109	maltose/maltodextrin transport system permease protein	0	0.362853	1.33134	0	0	0.0160806	1.5526	0.0637438	0	0.326967	1.43711	0.0223348	0.633112	1.70985	3.73591	0	0.237525	0.0933746	0	0	0	0.0184988	0.141186	0	0	0	0.183871	0.192955	4.21068	0.0146351	0.64982	0.0127652	7.90332	1.50245	0	1.79245	0	0.062971	0	0	0	1.58351
K10110	maltose/maltodextrin transport system permease protein	0	0.439139	5.87176	0	0	0.181186	3.42852	0.118977	0	0.178105	1.75128	0	4.29741	5.59022	12.3525	0.645179	0.186318	0	0	0	0	0	0.310095	0	0	0	0.23216	0.34888	3.30454	0.0747161	0.602155	0	9.77522	2.53183	0.350188	0.416718	0	0.118549	0	0	0	2.39859
K10111	multiple sugar transport system ATP-binding protein [EC:3.6.3.-]	0	0.414285	5.3494687	0.0214152	0	0.21241	4.005262	0.0400382	0	1.466868	0.786946	0	5.23403	7.67079	25.3501	0.313554	0.505939	0.0288258	0	0	0	0.0530705	0.289742	0	0	0	0.296488	0.258986	1.68268	0.0184279	0.521407	0	6.95528	2.48378	0.225251	2.07404	0	0.0636554	0.0103468	0	0	2.41058
K10112	multiple sugar transport system ATP-binding protein	10.0592617	14.593528	14.6665334	55.3807463	30.51048	52.46274298	41.767511	27.1271183	37.279944	8.135911	14.1203825	1.1215413	26.8494984	64.1030557	27.6686158	3.6103634	39.9611721	33.2810471	25.3251561	47.8835889	82.204144	17.560942	7.9584122	43.4744233	57.241169	28.1027305	84.6411579	11.5883545	1.86065	15.9704843	17.1015269	36.2963995	32.8605186	40.444159	35.0749863	31.9904689	26.6825817	19.5292604	20.7544814	44.0032351	47.246885	30.7211007
K10117	raffinose/stachyose/melibiose transport system substrate-binding protein	89.6962904	142.3608594	84.7544596	146.3016725	313.2773669	275.439739	185.036564	137.9438542	149.8976852	60.8969898	48.7858086	13.1912631	122.4094535	31.2446178	8.7187797	16.3180004	78.3088745	81.9257248	119.1440107	192.9916286	139.8535599	102.8962443	201.1008304	30.5253613	25.625001	96.999876	146.476725	46.3715977	0.3376313	38.3368331	242.4262125	154.276998	124.0240261	47.131585	123.5326904	39.5105369	310.5363252	155.9204058	143.7559339	108.5533052	128.614735	78.7690033
K10118	raffinose/stachyose/melibiose transport system permease protein	29.4900354	138.523215	28.0467267	38.0478231	57.435399	134.0975482	76.4813239	30.1037206	28.478914	2.7560429	4.4654845	4.5805387	32.7825749	7.4768535	2.6877853	5.1821271	14.9666881	22.7179072	19.6649112	64.3621562	7.4498115	55.414956	116.2007447	36.4562375	31.0222768	47.828177	70.1211617	4.5664663	0	9.10617	48.3587798	36.6621915	45.544089	4.5273986	27.4136413	8.455712	63.142729	32.1329388	38.65494	53.6295203	26.5865515	16.3459221
K10119	raffinose/stachyose/melibiose transport system permease protein	23.6016236	107.8031651	30.6761059	68.9754982	251.6896086	222.5444658	117.6669183	41.1163733	42.7605277	2.3525436	5.182748	6.4597639	45.3790913	3.7697829	1.2838344	4.2816628	18.6623164	30.2661666	26.8018575	99.3955002	11.0958455	65.9362543	160.5843667	5.3102132	1.978929	45.7872	66.0743564	3.698247	0	13.4403274	86.9934742	46.228327	63.9031556	5.7904645	39.6062526	6.2688635	66.3614378	29.1654225	56.7135605	39.9401539	66.8519008	11.4422028
K10120	putative sugar transport system substrate-binding protein	0	0	0.220172	0.800479	0.160858	0.2019166	0.3173	0	0.0966266	10.1742	7.46418	0	0	0.087509	0.078101	0.266207	0	0.21635	0.355686	1.96045	0	0	0	0.7122707	0.2530803	0	0	0	0	0	0.0706225	0.0730321	0.301965	0.28526	0.4208802	3.28376	0.1575217	0.056469	0.1830007	0.1353402	0.448588	1.14531
K10122	putative sugar transport system permease protein	0	0	0.0968374	0	0	0	0	0	0	0	0	0	0	0	0	0	0	0	0	0	0	0	0	0	0	0	0	0	0	0	0	0	0	0	0	0	0	0	0	0	0	0.0851224
K10124	carbohydrate-specific outer membrane porin	0	0	1.10774	0	0	0.0122392	0.217038	0	0	0.0130332	2.07277	0	0	2.35603	0.638322	0	0.305391	0.0591945	0	0	0	0	0.123547	0	0	0	0.0810184	0	4.07543	0.0629	0.093109	0	2.7102259	0.5732002	0	0	0	0.107785	0	0	0	0.5077455
K10125	two-component system, NtrC family, C4-dicarboxylate transport sensor histidine kinase DctB [EC:2.7.13.3]	0	0	0	0	0	0	0	0	0	0	0	0	0	0	0	0	0	0	0	0	0	0	0	0	0	0	0	0	0	0	0	0	11.495	0	0	0	0	0	0	0	0	0
K10126	two-component system, NtrC family, C4-dicarboxylate transport response regulator DctD	0	0	0	0	0	0	0	0	0	0	0	0	0	0	0	0	0	0	0	0	0	0	0	0	0	0	0	0	0	0	0	0	8.99819	0	0	0	0	0	0	0	0	0
K10159	toll-like receptor 2	0	0	0	0	0	0	0	0	0	0	0	0	0	0	0	0.0525357	0	0	0	0	0	0	0	0	0	0	0	0	0	0	0	0	0	0	0	0	0	0	0	0	0	0
K10162	BMP and activin membrane-bound inhibitor	0	0	0	0	0	0	0	0	0	0	0	0	0	0	0	0.0302449	0	0	0	0	0	0	0	0	0	0	0	0	0	0	0	0	0	0	0	0	0	0	0	0	0	0
K10164	homeobox protein Nanog	0	0	0	0	0	0	0	0	0	0	0	0	0	0	0	0.056486	0	0	0	0	0	0	0	0	0	0	0	0	0	0	0	0	0	0	0	0	0	0	0	0	0	0
K10169	toll-like receptor 6	0	0	0	0	0	0	0	0	0	0	0	0	0	0	0	0.0346207	0	0	0	0	0	0	0	0	0	0	0	0	0	0	0	0	0	0	0	0	0	0	0	0	0	0
K10188	lactose/L-arabinose transport system substrate-binding protein	0	0.0745026	0	0.77429	0	0	0	1.6354	0.655358	0	0	0	0	0.0598375	0	0.0721539	0.132757	2.80222	2.46781	0	0	0.579879	0.141415	0.7746897	0.434462	0.803491	0.0975847	0.22675	0	0.283937	0	0.140514	0.40583	0.1893662	0.995621	0.21201	0.228583	0.2384255	0	0.53717	0.855305	0.110365
K10189	lactose/L-arabinose transport system permease protein	0.0702242	0	0	1.320146	0	0	0	3.850538	2.935884	0.303827	0.891183	0	0.0661443	0.0923905	0	0.2893639	0.625785	3.93675	7.56111	0	0.0851162	1.160727	0.387619	0.895593	0.4797209	0.6939126	0.0702165	0.4726324	0	0.370687	0.3733643	0.975141	0.593629	0.2167251	0.0937647	0.674261	0	0.4896516	0.222912	1.336129	1.0241259	0.5892447
K10190	lactose/L-arabinose transport system permease protein	0	0	0	0.907722	0	0	0	0	0	0	0	0	0	0.08884	0	0.127378	0	0	0	0	0.0799221	0.368712	0	0.0342865	0.210286	0	0.0414406	0.109083	0	0	0	0	0.3811533	0.1666937	0	0.829721	0	0.466725	0	0	0.0388758	0.0772931
K10192	oligogalacturonide transport system substrate-binding protein	1.8642688	1.5542382	5.8367123	0.0642333	0.1477959	0.503604	2.0462288	1.654282	2.050585	1.51217	2.27169	0.1066543	2.897395	16.02846	1.540185	1.452615	0.7379235	1.173078	2.1936197	0.798222	0.140483	1.9175168	1.5925057	6.732941	0.282608	11.703526	1.0355461	0.345336	0	1.3034539	1.0119153	0.407605	4.9522545	2.763316	1.1817621	0	1.40815	1.925533	1.5729717	1.35588	2.699067	8.265247
K10193	oligogalacturonide transport system permease protein	0.0523131	0.20827	0	0.0677525	0.156882	0.141787	0.739536	0	0	0.733374	0	0	0.311163	8.4627581	0.890498	0.122396	0.183799	0.293463	0.368864	0.357146	0.240051	0.354374	0.0356917	0	0	0.195575	0.118915	0.204961	0	1.34185	0.419634	0.248107	0.1171334	0.1431622	0.0682062	0	0	0	0	0.188686	1.0724	0.720608
K10194	oligogalacturonide transport system permease protein	0.0834701	0	0	0	0.0595999	0.0705142	0.161212	0	0.0605868	0	0	0	0.215617	5.0728	0.330794	0.111596	0.167582	0.182434	0.4059	0.783932	0.194551	0.406874	0	0	0	0.0713273	0.0602348	0.186876	0	1.12435	0.331593	0.130967	0.0712991	0.153867	0	0	0	0	0	0.196614	0.775065	0.355613
K10200	N-acetylglucosamine transport system substrate-binding protein	0.154162	0.245502	0	0	0	0	0	0	0	0	0	0	0.12004	0	0	0	0	0	0	0.0779614	0	0.534462	0.324217	0	0	0	0	0	0	0	0	0	0	0	0	1.72718	0	0	0.2617119	0	0	0
K10201	N-acetylglucosamine transport system permease protein	0.139003	0.430426	0	0.0833329	0	0	0	0	0	0	0	0.0343169	0.264577	0.103098	0	0.167269	0	0	0	0.128875	0	0.348749	0.558262	0	0	0	0	0	23.4519	0.0747161	0.1106	0	0	0	0	0.0975399	0	0	0.261968	0	0	0
K10202	N-acetylglucosamine transport system permease protein	0.194539	0.145789	0	0	0	0	0	0.0347942	0	0	0	0	0	0	0	0	0	0	0	0	0	0.195234	0.419147	0	0	0	0	0	0	0	0	0	0	0	0	0	0	0	0.0863386	0	0	0
K10206	LL-diaminopimelate aminotransferase [EC:2.6.1.83]	39.8868727	27.6366395	9.8353921	12.499408	23.6143447	22.5676245	30.957635	37.7477883	40.576428	31.560133	12.651614	38.7255359	29.9777709	6.83169	1.219005	34.1156997	15.3901035	23.0101485	28.6910448	39.2334114	41.1951871	16.2492793	10.2412299	6.656334	31.1460731	36.947676	29.732919	49.5496696	57.4164804	24.3593903	7.5602237	21.4679234	28.703957	22.5190802	20.3919035	3.314819	38.2205754	42.988063	53.6146451	76.2191216	64.137475	17.7468366
K10209	4,4'-diapophytoene desaturase [EC:1.3.8.2]	0	0	0	0	0	0	0	0	0	0	0	0	0	0	0	0	0	0	0	0	0	0	0	0	0	0	0	0	0	0	0	0	0	0	0	0	0.0379514	0	0	0	0	0
K10211	4,4'-diaponeurosporenoate glycosyltransferase [EC:2.4.1.-]	0	0	0	0	0	0	0	0	0	0	0	0	0	0	0	0	0	0	0	0	0	0	0	0	0	0	0	0	0	0	0	0	0	0	0	0	0.0399442	0	0	0	0	0
K10212	glycosyl-4,4'-diaponeurosporenoate acyltransferase [EC:2.3.1.-]	0	0	0	0	0	0	0	0	0	0	0	0	0	0	0	0	0	0	0	0	0	0	0	0	0	0	0	0	0	0	0	0	0	0.0916079	0	0	0.123506	0.333285	0	0	0	0
K10213	ribosylpyrimidine nucleosidase [EC:3.2.2.8]	0	0	1.02119	0	0	0.0257612	0.0726673	0	0	0.0249281	0.31025	0	0	0	1.30386	0	0.162699	0	0	0	0	0	0.0291835	0	0	0	0.0514494	0.2059558	3.10127	0	0	0	4.67328	0.1463929	0	0	0	0.0370131	0	0	0	0.487401
K10232	alpha-glucoside transport system substrate-binding protein	0	0	0	0	0	0	0	0	0	0	0	0	0	0	0	0	0	0	0	0	0	0	0	0.1075717	0	0	0	0	0	0	0.0625846	0	0	0	0	0	0	0	0	0	0	0.0872535
K10240	cellobiose transport system substrate-binding protein	0	0	0	0	0	0	0	0	0	0	0	0.066376	0.112285	0	0	0	0	0	0	0	0	0	0	0	0	0	0	0	0	0	0.0469385	0	0	0	0	0	0	0	0	0	0	0
K10241	cellobiose transport system permease protein	0	0	0	0	0.0317126	0	0	0	0	0.167209	0	0.0951481	0	0	0	0.181606	0	0.053439	0	0.0883199	0	0	0	0	0	0	0	0	0	0.0343826	3.33422	0.305162	0	0	0	0	0.185144	0	0	0	0	0.2558627
K10242	cellobiose transport system permease protein	0	0	0	0	0	0	0	0	0	0.087228	0	0.0737511	0.0710761	0	0	0.0442112	0	0.0542062	0	0.129007	0	0	0.040981	0	0	0	0	0	0	0	3.89935	0.5981522	0	0	0	0	0.150242	0	0	0	0	0.179627
K10254	myosin-crossreactive antigen	11.7619769	46.5358766	26.6635815	24.3323757	102.8305441	34.8054939	15.80085	18.5537987	17.6425305	18.6953879	19.336834	5.6013054	14.895518	4.307075	1.069684	6.4601405	6.3675137	18.8326942	15.1639662	37.968998	5.9800735	66.6381812	133.1596327	11.941908	4.7737465	33.1642761	34.763961	1.858775	0.359985	6.2647098	32.4115614	14.0728987	27.357845	7.8931365	15.9313527	6.882526	36.7499518	21.2371842	23.6765984	9.661915	28.1643983	20.4465135
K10255	acyl-lipid omega-6 desaturase (Delta-12 desaturase) [EC:1.14.19.23 1.14.19.45]	0	0	0	0	0	0	0	0	0	0	0	0	0	0	0	0	0	0	0	0	0	0	0	0	0	0	0	0	0	0	0	0	0	0	0	0	0	0	0	0.048744	0.0662184	0
K10269	F-box and leucine-rich repeat protein 3	0	0	0	0	0	0	0	0	0	0	0	0	0	0	0	0.0542272	0	0	0	0	0	0	0	0	0	0	0	0	0	0	0	0	0	0	0	0	0	0	0	0	0	0
K10270	F-box and leucine-rich repeat protein 4	0	0	0	0	0	0	0	0	0	0	0	0	0	0	0	0.0682898	0	0	0	0	0	0	0	0	0	0	0	0	0	0	0	0	0	0	0	0	0	0	0	0	0	0
K10278	F-box and leucine-rich repeat protein 12	0	0	0	0	0	0	0	0	0	0	0	0	0	0	0	0.0571521	0	0	0	0	0	0	0	0	0	0	0	0	0	0	0	0	0	0	0	0	0	0	0	0	0	0
K10288	F-box and leucine-rich repeat protein 22	0	0	0	0	0	0	0	0	0	0	0	0	0	0	0	0.0426458	0	0	0	0	0	0	0	0	0	0	0	0	0	0	0	0	0	0	0	0	0	0	0	0	0	0
K10292	F-box protein 5	0	0	0	0	0	0	0	0	0	0	0	0	0	0	0	0.0547768	0	0	0	0	0	0	0	0	0	0	0	0	0	0	0	0	0	0	0	0	0	0	0	0	0	0
K10307	F-box protein 30	0	0	0	0	0	0	0	0	0	0	0	0.0692232	0	0	0	0	0	0	0	0	0	0	0	0	0	0	0	0	0	0	0	0	0	0	0	0	0	0	0	0	0	0
K10311	F-box protein 34	0	0	0	0	0	0	0	0	0	0	0	0	0	0	0	0.0679572	0	0	0	0	0	0	0	0	0	0	0	0	0	0	0	0	0	0	0	0	0	0	0	0	0	0
K10314	F-box protein 39	0	0	0	0	0	0	0	0	0	0	0	0	0	0	0	0.0831674	0	0	0	0	0	0	0	0	0	0	0	0	0	0	0	0	0	0	0	0	0	0	0	0	0	0
K10318	F-box protein 43	0	0	0	0	0	0	0	0	0	0	0	0	0	0	0	0.0213281	0	0	0	0	0	0	0	0	0	0	0	0	0	0	0	0	0	0	0	0	0	0	0	0	0	0
K10320	F-box protein 46	0	0	0	0	0	0	0	0	0	0	0	0	0	0	0	0.0653907	0	0	0	0	0	0	0	0	0	0	0	0	0	0	0	0	0	0	0	0	0	0	0	0	0	0
K10339	ankyrin repeat and SOCS box protein 17	0	0	0	0	0	0	0	0	0	0	0	0	0	0	0	0.0388175	0	0	0	0	0	0	0	0	0	0	0	0	0	0	0	0	0	0	0	0	0	0	0	0	0	0
K10343	SPRY domain-containing SOCS box protein 1	0	0	0	0	0	0	0	0	0	0	0	0	0	0	0	0.0824535	0	0	0	0	0	0	0	0	0	0	0	0	0	0	0	0	0	0	0	0	0	0	0	0	0	0
K10345	SPRY domain-containing SOCS box protein 3	0	0	0	0	0	0	0	0	0	0	0	0	0	0	0	0.0232156	0	0	0	0	0	0	0	0	0	0	0	0	0	0	0	0	0	0	0	0	0	0	0	0	0	0
K10348	LRR-repeat protein 1	0	0	0	0	0	0	0	0	0	0	0	0	0	0	0	0.0206284	0	0	0	0	0	0	0	0	0	0	0	0	0	0	0	0	0	0	0	0	0	0	0	0	0	0
K10353	deoxyadenosine kinase [EC:2.7.1.76]	0	0	0	0	0	0	0	0	0	0	0	0	0	0	0	2.023954	0	0	0	0	0	0	0	0	0	0	0	0	0	0	1.49939	0	0.0438103	0	0	0	0	0	0	0	0	0.653951
K10354	actin, alpha skeletal muscle	0	0	0	0	0	0	0	0	0	0	0	0	0	0	0	0.00286139	0	0	0	0	0	0	0	0	0	0	0	0	0	0	0	0	0	0	0	0	0	0	0	0	0	0
K10364	capping protein (actin filament) muscle Z-line, alpha	0	0	0	0	0	0	0	0	0	0	0	0	0	0	0	0.0730568	0	0	0	0	0	0	0	0	0	0	0	0	0	0	0	0	0	0	0	0	0	0	0	0	0	0
K10376	desmuslin	0	0	0	0	0	0	0	0	0	0	0	0	0	0	0	0.0454301	0	0	0	0	0	0	0	0	0	0	0	0	0	0	0	0	0	0	0	0	0	0	0	0	0	0
K10393	kinesin family member 2/24	0	0	0	0	0	0	0	0	0	0	0	0	0	0	0	0.0494232	0	0	0	0	0	0	0	0	0	0	0	0	0	0	0	0	0	0	0	0	0	0	0	0	0	0
K10395	kinesin family member 4/7/21/27	0	0	0	0	0	0	0	0	0	0	0	0	0	0	0	0.0993596	0	0	0	0	0	0	0	0	0	0	0	0	0	0	0	0	0	0	0	0	0	0	0	0	0	0
K10430	microtubule-associated protein 2	0	0	0	0	0	0	0	0	0	0	0	0	0	0	0	0.0267585	0	0	0	0	0	0	0	0	0	0	0	0	0	0	0	0	0	0	0	0	0	0	0	0	0	0
K10435	microtubule-associated protein 1 light chain	0	0	0	0	0	0	0	0	0	0	0	0	0	0	0	0.0157318	0	0	0	0	0	0	0	0	0	0	0	0	0	0	0	0	0	0	0	0	0	0	0	0	0	0
K10439	ribose transport system substrate-binding protein	7.5122685	13.637347	15.8498699	47.3355969	25.2526818	54.1489876	63.2164009	28.301961	31.3898827	13.9454903	47.8253669	2.8125102	15.319535	48.9664787	38.8971958	8.3201103	50.6114257	16.9851002	25.7989853	38.291292	85.7326885	8.7698048	6.1013213	10.9394704	1.8797436	13.7102752	38.8160691	10.8207646	1.30864	17.4591728	40.7315783	66.1810268	28.2261253	62.4727614	24.2096578	13.4651537	22.741578	13.3096214	20.7469615	26.7123649	13.8067818	14.1970858
K10440	ribose transport system permease protein	5.5789496	3.9106512	7.6527919	29.3903076	19.1041587	14.2627275	23.5784989	29.0854628	35.4420098	14.9663003	5.1558961	1.9043164	12.6972256	8.0241709	9.0024278	0.97033	11.2542052	24.9050073	34.1017363	20.0814574	17.6105241	8.74609	10.9622169	3.440729	6.9114692	9.7867854	13.161858	2.7615066	5.71775	5.5117172	10.5011382	17.7051691	7.6984424	4.0677531	10.7240784	7.1960928	18.0685588	14.6914979	4.4163992	32.1646888	17.2589686	17.988004
K10441	ribose transport system ATP-binding protein [EC:3.6.3.17]	4.3570813	8.19959	8.9009088	38.8761521	18.2896303	27.4249551	29.1921594	15.2178986	19.141835	3.6859392	7.149321	1.2532223	14.1614834	12.3477935	19.715853	2.4772478	14.968335	21.4317177	24.9481178	18.7645079	22.1165987	10.6000091	9.7837009	18.1267982	10.7408097	12.191221	31.5871298	1.1495766	1.90119	9.3305421	10.1657769	11.5878466	5.5469664	5.7033476	15.131498	5.2968641	11.5178955	8.9002858	16.108422	31.5291759	12.9144189	12.9656614
K10449	kelch-like protein 11	0	0	0	0	0	0	0	0	0	0	0	0	0	0	0	0.0469269	0	0	0	0	0	0	0	0	0	0	0	0	0	0	0	0	0	0	0	0	0	0	0	0	0	0
K10452	kelch-like protein 15	0	0	0	0	0	0	0	0	0	0	0	0	0	0	0	0.040168	0	0	0	0	0	0	0	0	0	0	0	0	0	0	0	0	0	0	0	0	0	0	0	0	0	0
K10457	kelch-like protein 20	0	0	0	0	0	0	0	0	0	0	0	0	0	0	0	0.0302202	0	0	0	0	0	0	0	0	0	0	0	0	0	0	0	0	0	0	0	0	0	0	0	0	0	0
K10460	kelch-like protein 23	0	0	0	0	0	0	0	0	0	0	0	0	0	0	0	0.0355103	0	0	0	0	0	0	0	0	0	0	0	0	0	0	0	0	0	0	0	0	0	0	0	0	0	0
K10461	kelch-like protein 24	0	0	0	0	0	0	0	0	0	0	0	0	0	0	0	0.0278034	0	0	0	0	0	0	0	0	0	0	0	0	0	0	0	0	0	0	0	0	0	0	0	0	0	0
K10462	kelch-like protein 25/35 (ectoderm-neural cortex protein)	0	0	0	0	0	0	0	0	0	0	0	0	0	0	0	0.0929853	0	0	0	0	0	0	0	0	0	0	0	0	0	0	0	0	0	0	0	0	0	0	0	0	0	0
K10465	kelch-like protein 29	0	0	0	0	0	0	0	0	0	0	0	0	0	0	0	0.0226762	0	0	0	0	0	0	0	0	0	0	0	0	0	0	0	0	0	0	0	0	0	0	0	0	0	0
K10467	kelch-like protein 31	0	0	0	0	0	0	0	0	0	0	0	0	0	0	0	0.0668791	0	0	0	0	0	0	0	0	0	0	0	0	0	0	0	0	0	0	0	0	0	0	0	0	0	0
K10469	kelch-like protein 34	0	0	0	0	0	0	0	0	0	0	0	0	0	0	0	0.136324	0	0	0	0	0	0	0	0	0	0	0	0	0	0	0	0	0	0	0	0	0	0	0	0	0	0
K10470	kelch repeat and BTB domain-containing protein 2	0	0	0	0	0	0	0	0	0	0	0	0.0369465	0	0	0	0.0332447	0	0	0	0	0	0	0	0	0	0	0	0	0	0	0	0	0	0	0	0	0	0	0	0	0	0
K10471	kelch repeat and BTB domain-containing protein 3	0	0	0	0	0	0	0	0	0	0	0	0	0	0	0	0.10722	0	0	0	0	0	0	0	0	0	0	0	0	0	0	0	0	0	0	0	0	0	0	0	0	0	0
K10472	kelch repeat and BTB domain-containing protein 4	0	0	0	0	0	0	0	0	0	0	0	0	0	0	0	0.0309289	0	0	0	0	0	0	0	0	0	0	0	0	0	0	0	0	0	0	0	0	0	0	0	0	0	0
K10474	kelch repeat and BTB domain-containing protein 6/7	0	0	0	0	0	0	0	0	0	0	0	0	0	0	0	0.0314037	0	0	0	0	0	0	0	0	0	0	0	0	0	0	0	0	0	0	0	0	0	0	0	0	0	0
K10475	kelch repeat and BTB domain-containing protein 8	0	0	0	0	0	0	0	0	0	0	0	0	0	0	0	0.0580374	0	0	0	0	0	0	0	0	0	0	0	0	0	0	0	0	0	0	0	0	0	0	0	0	0	0
K10488	zinc finger and BTB domain-containing protein 1	0	0	0	0	0	0	0	0	0	0	0	0	0	0	0	0.0995364	0	0	0	0	0	0	0	0	0	0	0	0	0	0	0	0	0	0	0	0	0	0	0	0	0	0
K10489	zinc finger and BTB domain-containing protein 2	0	0	0	0	0	0	0	0	0	0	0	0	0	0	0	0.047431	0	0	0	0	0	0	0	0	0	0	0	0	0	0	0	0	0	0	0	0	0	0	0	0	0	0
K10490	zinc finger and BTB domain-containing protein 3	0	0	0	0	0	0	0	0	0	0	0	0	0	0	0	0.0529091	0	0	0	0	0	0	0	0	0	0	0	0	0	0	0	0	0	0	0	0	0	0	0	0	0	0
K10492	zinc finger and BTB domain-containing protein 5	0	0	0	0	0	0	0	0	0	0	0	0	0	0	0	0.0401903	0	0	0	0	0	0	0	0	0	0	0	0	0	0	0	0	0	0	0	0	0	0	0	0	0	0
K10493	zinc finger and BTB domain-containing protein 6	0	0	0	0	0	0	0	0	0	0	0	0	0	0	0	0.0759828	0	0	0	0	0	0	0	0	0	0	0	0	0	0	0	0	0	0	0	0	0	0	0	0	0	0
K10494	zinc finger and BTB domain-containing protein 7	0	0	0	0	0	0	0	0	0	0	0	0	0	0	0	0.0245953	0	0	0	0	0	0	0	0	0	0	0	0	0	0	0	0	0	0	0	0	0	0	0	0	0	0
K10504	zinc finger and BTB domain-containing protein 25	0	0	0	0	0	0	0	0	0	0	0	0	0	0	0	0.061047	0	0	0	0	0	0	0	0	0	0	0	0	0	0	0	0	0	0	0	0	0	0	0	0	0	0
K10510	zinc finger and BTB domain-containing protein 38	0	0	0	0	0	0	0	0	0	0	0	0	0	0	0	0.0613346	0	0	0	0	0	0	0	0	0	0	0	0	0	0	0	0	0	0	0	0	0	0	0	0	0	0
K10517	zinc finger and BTB domain-containing protein 46	0	0	0	0	0	0	0	0	0	0	0	0	0	0	0	0.0300506	0	0	0	0	0	0	0	0	0	0	0	0	0	0	0	0	0	0	0	0	0	0	0	0	0	0
K10530	lactate oxidase	0	0	0	0	0	0	0	0	0	0	0	0	0	0	0	0	0	0	0	0	0	0	0	0	0	0	0	0	0	0	0	0	0	0	0.201155	0	0	0	0	0	0	0.170167
K10531	L-ornithine N5-oxygenase	0	0	0	0	0	0	0	0	0	0	0	0	0	0	0	0	0	0	0	0	0	0	0	0	0	0	0	0	0	0	0	0	9.33983	0	0	0	0	0	0	0	0	0
K10536	agmatine deiminase [EC:3.5.3.12]	3.6664662	0.9093728	0.2115964	5.80174	0.8431845	0.471052	0.3889099	1.4385948	1.1690739	1.296262	0.6447528	1.552847	0.315317	0.0632281	0	0.394091	0.2025886	3.0448616	3.4823778	1.432067	0.9968662	1.335065	1.5287339	1.011961	2.499158	1.32073	1.6499311	1.202428	0.447751	1.7768111	3.452733	0.2481052	14.8913203	2.502001	0.291974	0.2517856	0.8615241	0.5464187	0.8307593	0.989599	1.9146805	0.3599574
K10537	L-arabinose transport system substrate-binding protein	0	0.269016	1.55124	0.0133146	0	0.0245867	0.332787	0.0344536	0	0	0	0.0456729	4.59151	1.83916	3.54159	0	0.332035	0	0	0	0	0.029895	0.0976426	0	0	0	0.144364	0	0	0	0.291451	0	4.70981	0.922103	0	0.516633	0	0	0.019561	0	0	1.00063
K10538	L-arabinose transport system permease protein	0	0.172787	1.057059	0	0	0.2078652	1.9665294	0	0	0.1775	0.63301	0.050043	2.659249	1.14091	11.381583	0	0.0344971	0	0	0	0	0.0233683	0.1189216	0	0	0	0.026124	0.129524	3.05854	0	0.20773	0	4.774316	1.156365	0.0728611	0	0	0	0	0	0	0.546762
K10539	L-arabinose transport system ATP-binding protein [EC:3.6.3.17]	0	0.231768	1.0555337	0	0	0.0102608	0.333404	0.0645876	0	0.875859	0.408061	0.00983433	0.0940542	0.149246	0.238744	0	0.017361	0	0	0	0	0.0154847	0.1102906	0	0	0	0.1206	0.221829	4.04265	0.0104559	0.100067	0	2.8019116	0.725253	0	0	0	0	0	0	0	0.495
K10540	methyl-galactoside transport system substrate-binding protein	2.4359111	1.1972718	6.2512778	0.450907	0	0.256974	3.46712	3.7150961	5.296757	0.6512552	2.267047	0.1724427	9.2071805	5.761719	14.2641486	0.8493998	3.057709	6.346427	5.267043	1.66952	11.7333	0.5746721	0.6618067	1.755147	0.4540338	2.1885705	1.1721538	2.9883129	2.746649	1.6618231	2.29248	1.1435097	5.354378	3.3751361	1.4562648	4.707782	0.04493	0.3344728	2.8344776	6.42008	12.8105152	2.5767507
K10541	methyl-galactoside transport system permease protein	0.3511111	0.6356538	5.096251	0.447471	0.466071	0.534872	2.837004	1.5261808	0.690084	0.957964	5.289317	0	2.504674	4.2149433	7.5548325	0.7067118	1.0958692	4.0836926	3.990393	1.2886585	1.2978778	0.9988867	0.619939	1.0025139	0.408234	1.5052422	0.953003	1.7502647	7.22352	2.3398048	0.970501	0.475648	7.689048	1.7280375	0.7723651	1.49331	0.2471226	0.1989628	0	0.282019	1.8021755	2.6838403
K10542	methyl-galactoside transport system ATP-binding protein [EC:3.6.3.17]	6.3292339	2.852719	15.985771	1.29173	12.6066	13.73932	21.835342	26.2650541	37.14021	15.9325624	7.937499	0.1068279	16.0714132	20.4459562	14.460465	0.5071091	8.868549	13.9690303	21.1924001	14.4514495	18.9478127	3.9805018	1.1021373	3.2481393	19.1228601	14.7055983	13.537101	8.3340068	4.80705	5.9587	6.5450366	16.08859	14.567905	8.9175409	20.2652634	5.3955848	32.6231025	13.9777127	8.69999	20.058329	17.5482628	21.8820455
K10543	D-xylose transport system substrate-binding protein	1.02093	0.990065	4.970633	5.48304	2.24709	3.4329379	1.606006	3.5721925	3.19803	0.0611205	3.349169	0.905697	1.032228	2.018299	3.4321269	0.409063	1.3695078	1.180446	0.637651	1.60098	2.13942	0.1932664	1.355872	3.48532	0.351474	1.08317	2.6767889	0.326451	4.38602	2.504484	0.349228	1.2075872	8.061868	0.230568	0.5841748	2.202124	0	0.2142902	1.93828	6.19678	0.50578	0.371474
K10544	D-xylose transport system permease protein	0	0.26276	3.62782	0	0	0.01875	0.881685	0.0802933	0	0.0316492	0.125694	0	6.50427	6.70113	27.0958	0	0.6311754	0.017489	0	0	0	0.0413971	0.1089379	0	0	0.019398	0.2452681	0	0.255115	0.0186887	0.4287346	0	0.6496973	0.6052965	0	1.95168	0	0	0	0	0	1.515288
K10545	D-xylose transport system ATP-binding protein [EC:3.6.3.17]	0	0.103896	4.2763	0	0	0.0118643	0.38392	0.0357031	0	0.0217443	0.270299	0.0136821	5.27372	2.32333	22.5212	0	0.284322	0.0131953	0	0	0	0.0154477	0.100222	0	0	0	0.104286	0.0281948	0.476109	0.0285818	0.3871547	0.0111206	3.27316	0.370331	0	0.593546	0	0.0118331	0	0	0	0.331972
K10546	putative multiple sugar transport system substrate-binding protein	3.356774	6.62055	5.3446313	50.15399	22.30283	38.04946	34.201677	13.81062	19.49213	5.0016435	7.744682	0.689861	7.370954	13.311517	4.5377893	0.8481275	21.137768	16.111208	16.558588	30.2231385	48.94207	9.457599	3.222214	39.6665	27.994739	17.924806	67.31252	1.99854	0	6.77662	13.131762	24.809437	15.3999	23.5616	23.377124	20.46058	19.8486393	11.7124	5.94632	32.96877	19.075797	8.612077
K10547	putative multiple sugar transport system permease protein	7.09496	0.273907	2.26932	0.935601	0.902667	0	0	2.67158	0.131088	0	0	0.254777	0.859374	0	0	0.938985	0.557824	0.78944	0.50184	0.046575	0	0.12946	0.746041	0	0	0	0	2.65343	0	0.978668	1.51768	1.67443	0.771327	0	0.786332	1.01159	3.12581	0.532391	0	0	0	0
K10548	putative multiple sugar transport system ATP-binding protein [EC:3.6.3.17]	0	0	0	0	0	0	0	0	0	0	0	0	0	0	0	0	0	0	0	0.0802451	0	0	0	0	0	0	0	0	0	0	0	0	0	0	0	0	0	0	0	0	0	0
K10549	D-allose transport system substrate-binding protein	0	0.505996	0.733632	0	0	0	1.165169	0	0	0	0.244233	0	0	2.35428	0	0	0.0286209	0	0	0	0	0	0.107033	0	0	0	0	0	0.0997751	0	0	0	0.980771	0.301047	0	0.329153	0	0	0	0	0	0.301502
K10550	D-allose transport system permease protein	0	0.152281	2.09975	0	0	0.10595004	1.026008	0.0461582	0	0.01801415	1.34008	0.0273934	0	3.837732	0	0	0	0	0	0	0	0	0.1526343	0	0	0	0.244301	0.130985	2.66632	0	0.0794595	0	5.063551	0.5261486	0	0	0	0	0	0	0	0.692093
K10551	D-allose transport system ATP-binding protein [EC:3.6.3.17]	0	0	0.953017	0	0	0.0492278	0.437998	0.063747	0	0	1.31032	0	0	0.202543	0	0	0	0.0101579	0	0	0	0	0	0	0	0	0.0870725	0.0352833	0.448942	0.0400323	0	0	1.78263	0.0617987	0	0	0	0.0137332	0.013319	0	0	0.104035
K10552	fructose transport system substrate-binding protein	0	0	0	0	0	0	0	0	0	0	0	0	0	0	0	0	0	0	0	0	0	0	0	0.0365497	0	0	0	0	0	0	0	0	0	0	0	0	0	0	0	0	0	0
K10555	AI-2 transport system substrate-binding protein	0	0	2.76748	0	0	0.223376	3.0034099	0	0	0.601382	0	0.00969695	5.5576	5.305523	21.797162	0.280562	0.03318918	0	0	0	0	0	0.09620752	0	0.00914709	0	0.0212221	0.0206619	0	0	0.59763	0	2.7019	0.60243	0.0913695	0.8698872	0	0	0.0132208	0	0	1.1212537
K10556	AI-2 transport system permease protein	0	0	3.09872	0	0	0.398226	2.1464114	0	0	0	0	0	4.14813	4.84814	15.7749	0.133549	0.1875565	0	0	0	0	0	0.0649098	0	0	0	0.0109185	0.0853858	0	0	0.277297	0	2.8458476	0.496546	0.21502	0.579161	0	0	0	0	0	0.698127
K10557	AI-2 transport system permease protein	0	0	4.4612124	0	0	0.196285	3.4691229	0.0625687	0	0.533436	0	0	6.400892	6.67213	16.09917	0.25027	0.1955253	0	0	0	0	0	0.1194491	0	0	0	0.0671856	0.113958	0	0.0668655	0.49698946	0	3.4062304	0.7664589	0.244513	1.1696922	0	0	0	0	0	1.522235
K10558	AI-2 transport system ATP-binding protein	0	0	7.22976	0	0	0.3405767	2.3197724	0.0395346	0	0.283458	0	0	6.62702	2.104895	15.13527	0.483027	0.2986054	0	0	0	0	0	0.0552003	0	0	0	0	0	0	0	0.544458	0	2.171775	0.2463241	0.303837	0.602262	0	0	0	0	0	0.5023517
K10559	rhamnose transport system substrate-binding protein	1.03458	0.493766	0.634499	5.53672	2.69463	3.82609	0.88909	2.40799	1.96763	0	0.813239	0.581129	0.243893	0.350134	0.0640096	0.493494	1.6828	0.774478	0.387709	1.488	2.15653	0.209561	0.219571	3.37796	0.346549	1.07874	2.24388	0	0	0.627507	0	0.4549	0	0	0.511072	1.6561	0	0	2.27112	5.10589	0.40813	0
K10560	rhamnose transport system permease protein	0	0	0	0	0	0	0	0	0	0	0	0	0	1.36013	0	0	0	0	0	0	0	0	0	0	0	0	0	0	0	0	0	0	0.0686646	0	0	0	0	0	0	0	0	0.0989894
K10561	rhamnose transport system permease protein	0	0	1.491622	0	0	0	0.1232739	0.022476	0	0	0	0	0	0	0	0.3404326	0	0	0	0	0	0	0.0927282	0.0439877	0	0	0	0	0	0	0.061946	0	0	0	0.479705	0	0	0	0	0	0	0
K10563	formamidopyrimidine-DNA glycosylase [EC:3.2.2.23 4.2.99.18]	0.3005987	0.7762278	22.8175371	3.0936075	2.2701529	2.1848035	13.4457155	0.8813676	0.565915	49.8556329	42.6394406	3.8506763	7.2891286	7.4091742	23.6164671	5.2399994	1.5326435	4.7398671	3.9938769	12.2368083	0.3973936	27.808558	55.1894255	21.7740249	1.7148562	0.334598	2.2458435	4.8987875	4.330912	6.043499	23.4744199	4.3178077	22.8567225	5.3801777	7.4520786	15.1398528	0.2708576	4.1106167	0.3899357	0.2608957	1.6581051	17.8351379
K10571	de-etiolated-1	0	0	0	0	0	0	0	0	0	0	0	0	0	0	0	0.02523013	0	0	0	0	0	0	0	0	0	0	0	0	0	0	0	0	0	0	0	0	0	0	0	0	0	0
K10580	ubiquitin-conjugating enzyme E2 N [EC:2.3.2.23]	0	0	0	0	0	0	0	0	0	0	0	0	0	0	0	0.00406506	0	0	0	0	0	0	0	0	0	0	0	0	0	0	0	0	0	0	0	0	0	0	0	0	0	0
K10583	ubiquitin-conjugating enzyme E2 S [EC:2.3.2.23]	0	0	0	0	0	0	0	0	0	0	0	0	0	0	0	0.0371816	0	0	0	0	0	0	0	0	0	0	0	0	0	0	0	0	0	0	0	0	0	0	0	0	0	0
K10600	U-box domain-containing protein 5	0	0	0	0	0	0	0	0	0	0	0	0	0	0	0	0.0562345	0	0	0	0	0	0	0	0	0	0	0	0	0	0	0	0	0	0	0	0	0	0	0	0	0	0
K10602	E3 ubiquitin-protein ligase NHLRC1 [EC:2.3.2.27]	0	0	0	0	0	0	0	0	0	0	0	0	0	0	0	0.140267	0	0	0	0	0	0	0	0	0	0	0	0	0	0	0	0	0	0	0	0	0	0	0	0	0	0
K10607	tripartite motif-containing protein 32 [EC:2.3.2.27]	0	0	0	0	0	0	0	0	0	0	0	0	0	0	0	0.0602519	0	0	0	0	0	0	0	0	0	0	0	0	0	0	0	0	0	0	0	0	0	0	0	0	0	0
K10628	V(D)J recombination-activating protein 1 [EC:2.3.2.27]	0	0	0	0	0	0	0	0	0	0	0	0	0	0	0	0.0459869	0	0	0	0	0	0	0	0	0	0	0	0	0	0	0	0	0	0	0	0	0	0	0	0	0	0
K10631	E3 ubiquitin-protein ligase Topors	0	0	0	0	0	0	0	0	0	0	0	0	0	0	0	0.0860573	0	0	0	0	0	0	0	0	0	0	0	0	0	0	0	0	0	0	0	0	0	0	0	0	0	0
K10633	E3 ubiquitin-protein ligase Praja1	0	0	0	0	0	0	0	0	0	0	0	0	0	0	0	0.0423602	0	0	0	0	0	0	0	0	0	0	0	0	0	0	0	0	0	0	0	0	0	0	0	0	0	0
K10659	E3 ubiquitin-protein ligase MARCH4	0	0	0	0	0	0	0	0	0	0	0	0	0	0	0	0.0372809	0	0	0	0	0	0	0	0	0	0	0	0	0	0	0	0	0	0	0	0	0	0	0	0	0	0
K10665	E3 ubiquitin-protein ligase MARCH10	0	0	0	0	0	0	0	0	0	0	0	0	0	0	0	0.0559045	0	0	0	0	0	0	0	0	0	0	0	0	0	0	0	0	0	0	0	0	0	0	0	0	0	0
K10666	E3 ubiquitin-protein ligase RNF5 [EC:2.3.2.27]	0	0	0	0	0	0	0	0	0	0	0	0	0	0	0	0.0179583	0	0	0	0	0	0	0	0	0	0	0	0	0	0	0	0	0	0	0	0	0	0	0	0	0	0
K10668	E3 ubiquitin-protein ligase RNF138	0	0	0	0	0	0	0	0	0	0	0	0	0	0	0	0.03422639	0	0	0	0	0	0	0	0	0	0	0	0	0	0	0	0	0	0	0	0	0	0	0	0	0	0
K10670	glycine reductase	0	0	0	0.647441	0	0	0.062882	0	0	0	0	0.227128	0	0.479569	0.052197	1.193562	1.19601	0	0	0.243254	0.14715	2.04519	1.34456	0	0	0.095909	0	0.28269	0.633732	0.3453174	0.381366	0.155981	0	0	0.221128	3.4458176	0	0.248148	0.123174	0	0	0
K10671	sarcosine reductase	0	0	0.329321	1.194804	0	0.0516608	0	0.6194746	0	0	0	11.956804	1.8270997	0.0746559	0	1.643495	1.033334	0.756112	0	1.1289117	0.0844389	4.3585826	2.9798123	0.136663	0	0.105067	0.0547759	0.103228	24.1991	4.876393	1.5460026	0	0	0.0594605	1.7832729	0.84792	0.408253	0.695339	0.217913	0.108034	0	0.461515
K10672	betaine reductase	0.0446905	0.168151	0.288029	1.777432	0	0.537896	0	2.0411591	0	0	0	3.584029	7.09931	0	0	1.910436	3.367138	0.779319	0	0.14352	0.125405	5.7388433	8.8345494	0.221348	0	0.113173	0.0446832	0.148255	34.0786	12.393719	2.8535305	0.146044	0	0.108344	2.7521352	2.4145	0	0	0.708099	0.361396	0.0426116	1.19358
K10678	nitroreductase [EC:1.-.-.-]	0	0	0.758025	0	0	0.0516665	0.286973	0	0	0.284519	0.369307	0	0	0	0	0	0.192756	0.0909302	0	0	0	0	0.0075304	0	0	0	0.126896	0	2.21584	0	0	0	1.90459	0.339213	0	0	0	0	0	0	0	0.206789
K10679	nitroreductase / dihydropteridine reductase [EC:1.-.-.- 1.5.1.34]	0	0	2.970423	0	0	0.0232199	0.26632	0	0	0.0172235	0	0	3.58514	2.30789	13.5567	0	0.31529	0	0	0	0	0	0.0488479	0	0	0	0.102399	0	0.15226	0	0	0	0.591613	0.196279	0.0954707	0.447087	0	0	0	0	0	0.218548
K10680	N-ethylmaleimide reductase [EC:1.-.-.-]	0	0	2.4421579	0	0	0.1786515	1.02052	0	0	0.8101541	0.0234884	0	4.14535	2.22955	8.13604	0	0.495815	0	0	0	0	0	0.0519396	0	0	0	0.160174	0.0133387	0	0	0	0	4.2024888	0.173626	0	0.62505	0	0	0	0	0	0.8043485
K10681	two-component system, OmpR family, sensor histidine kinase SaeS [EC:2.7.13.3]	0	0	0	0	0	0	0	0	0	0	0	0	0	0	0	0	0	0	0	0	0	0	0	0	0	0	0	0	0	0	0	0	0	0	0	0	0.0677612	0.098924	0	0	0	0
K10682	two-component system, OmpR family, response regulator SaeR	0	0	0	0	0	0	0	0	0	0	0	0	0	0	0	0	0	0	0	0	0	0	0	0	0	0	0	0	0	0	0	0	0	0	0	0	0	0.212659	0	0	0	0
K10708	fructoselysine 6-phosphate deglycase	0	0	2.969725	0	0	0.0132463	0.4708931	0.0526848	0.0413467	0.126475	0.475545	0	2.6131184	2.10994	0	0	0.400636	0.0471641	0.467893	0	0.0566105	0.2937221	0.141004	0	0	0.129114	0.01328	0	0	0	1.04478	0.0924015	4.3459436	0.571133	0.13619	12.69317	0.0373637	0.0954003	0.2010302	0.0943431	0	2.142035
K10709	protein FrlC	0.2407696	0.910801	2.646765	14.7709448	19.3675	17.29394	14.489498	2.5698	5.73041	8.48025	5.7507	0.0856672	7.885386	3.089868	0.117464	0.0457978	0.428285	3.33319	3.45315	40.5613354	31.56155	3.556575	6.2459063	0.0327129	0	2.5235788	0.5844576	1.33574	0	1.50462	0.0292236	0	23.09393	12.271151	3.871454	5.095933	25.1678	37.6857	20.7896	74.496	33.1584	0.384768
K10710	fructoselysine 6-kinase	0.531047	1.699602	4.165922	0.25787	0	1.2351647	1.43423	4.918408	10.178529	0.282302	0.965653	0.495333	8.6918686	2.125734	0	0.5953967	2.865547	3.09952	1.1669759	1.3844613	1.631141	2.6934611	3.3257308	0.195029	0.929059	0.5787236	0.598483	0	0	3.81822	1.459653	2.072792	2.46991	0.7513468	1.34987	2.332642	0	0	2.0237151	2.6670538	2.90569	3.452
K10711	GntR family transcriptional regulator, frlABCD operon	0	0	2.030268	0	0	0	0.254282	0	0	0	0	0	4.80313	1.92522	0	0	0.537696	0	0	0	0	0.0880862	0.0160866	0	0	0	0.133013	0	0	0	0	0	2.31173	0.392049	0	13.58563	0	0	0.182618	0.0727522	0	0.334472
K10716	voltage-gated potassium channel	1.030106	3.2827342	3.6421886	1.6375348	1.2548017	0.7369011	1.6495297	2.8966519	3.0251784	19.7395535	16.5828074	1.5960087	4.389135	3.7376932	9.1144325	8.3439832	1.212227	1.2638383	3.9488803	4.7623852	0.356951	2.481602	2.3285152	2.4409122	1.3048742	1.0195024	2.3402134	3.5387381	3.4678368	2.8571908	1.603601	1.5083007	7.0865537	3.569347	0.9529152	5.2505336	0	2.994481	4.4050953	0.8563756	1.596774	4.5999514
K10725	archaeal cell division control protein 6	0	0	0.582901	0	0	0	0	3.11675	0.1295203	0	0	0	0	0	0	0	0.818564	0	0	0	0	0	0	0	0	0	0	0	0	4.54477	0	0	0	0	0	0	0	0	3.39107	0	0	0
K10726	replicative DNA helicase Mcm [EC:3.6.4.-]	0	0	0.29746	0	0	0	0	1.59951	0.0789483	0	0	0	0	0	0	0	0.498987	0	0	0	0	0	0	0	0	0	0	0	0	2.59042	0	0	0	0	0	0	0	0	1.62548	0	0	0
K10734	GINS complex subunit 3	0	0	0	0	0	0	0	0	0	0	0	0	0	0	0	0.0322086	0	0	0	0	0	0	0	0	0	0	0	0	0	0	0	0	0	0	0	0	0	0	0	0	0	0
K10747	DNA ligase 1 [EC:6.5.1.1 6.5.1.6 6.5.1.7]	0	0	1.934327	0	0	0	0	7.5335413	0.2575705	0	0	0.116274	0	0	0	0.560619	6.1012758	0	0	0	0	0	0	0	0	0	0	0	0	8.49076	0	0	0	0	0	0	0	0	7.9485	3.4833456	1.60625	0
K10748	DNA replication terminus site-binding protein	0	0.150649	3.66913	0	0	0.0964504	2.01693	0	0	0	0	0.0170743	3.15796	1.98062	5.71715	0.373127	0.484919	0	0	0	0	0	0.0265559	0	0	0	0.0702123	0	0.41142	0.0166283	0.3721502	0	1.533306	0.4636212	0.209889	0.545675	0	0	0	0	0	0.2710191
K10752	histone-binding protein RBBP4	0	0	0	0	0	0	0	0	0	0	0	0	0	0	0	0.03066798	0	0	0	0	0	0	0	0	0	0	0	0	0	0	0	0	0	0	0	0	0	0	0	0	0	0
K10762	putative replication protein	0	0	0.297928	0	0	0.0843335	0	0	0	0	0	0.0261848	0.014569	0.0710919	0	0	0	0	0	0	0	0	0	0	0	0	0	0	0	0	0	0	0	0	0	0	0	0	0	0	0	0.0156238
K10763	DnaA-homolog protein	0	0.279514	4.9138	0	0	0.3370167	3.180874	0	0	0.430442	1.00325	0.0279756	3.09989	4.50909	15.99229	0.753075	0.651025	0.105081	0	0	0	0	0.397911	0.027104	0	0	0.2935596	0.1251441	1.98654	0	0.793366	0	7.8194	1.488575	0.405049	0.716675	0	0.0351936	0	0	0	1.819311
K10764	O-succinylhomoserine sulfhydrylase [EC:2.5.1.-]	0	0	0	0	0	0	0	0	0	0	0	0	0	0	0	0	0	0	0	0	0	0	0	0	0	0	0	0	0	0	0	0	10.8677	0	0	0	0	0	0	0	0	0
K10771	AP endonuclease 1 [EC:4.2.99.18]	0	0	0	0	0	0	0	0	0	0	0	0	0	0	0	0.0341799	0	0	0	0	0	0	0	0	0	0	0	0	0	0	0	0	0	0	0	0	0	0	0	0	0	0
K10773	endonuclease III [EC:4.2.99.18]	65.0941589	37.3183424	26.9289194	29.84821	48.0325298	80.7682208	65.0857731	38.9464156	36.2165196	70.682978	40.6288845	45.2457115	37.894353	22.7550369	25.0601119	34.915234	13.383756	25.8727522	30.6606266	85.900641	43.5534228	47.664661	75.7360736	28.2012908	22.2652158	27.723726	33.3667698	33.6032632	65.853747	21.5630013	41.4042892	30.5103731	62.5174384	22.7610332	29.2971516	8.6065969	88.8296101	74.8755837	88.3127164	101.4704217	113.4725273	28.4613007
K10777	DNA ligase 4 [EC:6.5.1.1]	0	0	0	0	0	0	0	0	0	0	0	0	0	0	0	0.0184144	0	0	0	0	0	0	0	0	0	0	0	0	0	0	0	0	0	0	0	0	0	0	0	0	0	0
K10778	AraC family transcriptional regulator, regulatory protein of	0	0.513688	3.1606454	0	0	0	0.279561	0.0121544	0	0.9736138	0	0	2.52939	4.92606	5.98499	0	0.456574	0.0485673	0	0	0	0	0.1538707	0.0903935	0.0719571	0	0.2704136	0.118483	0	0	0.1838043	0.2822295	1.8439548	0.489501	0	1.109479	0	0	0	0	0	1.0874791
K10780	enoyl-[acyl-carrier protein] reductase III [EC:1.3.1.104]	0	0	0	0	0	0	0	0	0	0	0	0	0	0	0	0	0	0	0	0	0	0	0	0.0429481	0	0	0	0	0	0	0	0	0	0.0560585	0	0	0	0	0	0.100059	0	0
K10785	T-cell receptor beta chain V region	0	0	0	0	0	0	0	0	0	0	0	0	0	0	0	0.0531538	0	0	0	0	0	0	0	0	0	0	0	0	0	0	0	0	0	0	0	0	0	0	0	0	0	0
K10787	eosinophil cationic protein [EC:3.1.27.-]	0	0	0	0	0	0	0	0	0	0	0	0	0	0	0	0.0614811	0	0	0	0	0	0	0	0	0	0	0	0	0	0	0	0	0	0	0	0	0	0	0	0	0	0
K10791	three prime repair exonuclease 2	0	0	0	0	0	0	0	0	0	0	0	0	0	0	0	0.0449263	0	0	0	0	0	0	0	0	0	0	0	0	0	0	0	0	0	0	0	0	0	0	0	0	0	0
K10793	D-proline reductase (dithiol) PrdA [EC:1.21.4.1]	0	0	0.249653	0.245539	0	0	0	0.0881703	0	0	0.197241	1.92929	0.0945312	0	0.0773409	0	0	0.17855	0	0.502423	0	0.147153	0	0.187063	0	0	0	0	12.4269	0.164052	0.758881	0	0	0.0704235	0.715999	0.20002	0	0	0.244768	0.165762	0	0.30563
K10794	D-proline reductase (dithiol) PrdB [EC:1.21.4.1]	0	0	0	0	0	0	0	0.314696	0.21284	0	0.0510985	0	0	0	0	0	0	0	0	0	0	0	0	0	0	0	0	0	0	0	0.0942032	0	0	0	0	0	0	0	0	0	0	0
K10796	D-proline reductase (dithiol) PrdE [EC:1.21.4.1]	0	0	0	0	0	0	0	0	0	0	0	0	0	0	0	0.1093	0	0.041107	0	0	0	0	0	0	0	0	0	0	0	0	17.4254	1.28564	0	0	0	0	0	0	0	0	0	0.574688
K10797	2-enoate reductase [EC:1.3.1.31]	0.301176	0.50444	0	1.074925	0.364054	3.08794	14.1576	2.94334	2.11669	0.0751153	1.52612	0.2115366	0.333913	0.256821	0	0.5343579	14.1399	4.2717	3.40372	2.08879	3.26985	0.583569	0.755772	1.8787619	0.9407284	1.52314	1.45827	6.42962	0.218349	0.39471	1.1559337	0.341457	0.455023	1.7878473	0.47828	1.48454	0.457379	0.760002	0.5958	0.993187	2.4339722	1.4756391
K10800	single-strand selective monofunctional uracil DNA glycosylase [EC:3.2.2.-]	0	0	0	0	0	0	0	0	0	0	0	0	0	0	0	0.0756117	0	0	0	0	0	0	0	0	0	0	0	0	0	0	0	0	0	0	0	0	0	0	0	0	0	0
K10802	high mobility group protein B1	0	0	0	0	0	0	0	0	0	0	0	0	0	0	0	0.03018478	0	0	0	0	0	0	0	0	0	0	0	0	0	0	0	0	0	0	0	0	0	0	0	0	0	0
K10804	acyl-CoA thioesterase I [EC:3.1.2.- 3.1.1.5]	0	0.976667	3.56874	0	0	0.0884033	1.1957	0.0554479	0	0.22676	0.792294	0.0726607	9.02784	6.8651	30.9467	0	0.561776	0	0	0.0387892	0	0.4747846	0.7344732	0	0	0	0.0749248	0.298316	2.03939	0.107483	0.419405	0.0536906	23.381879	2.084	0	3.21721	0	0.0280632	0.0620038	0	0	2.17435
K10805	acyl-CoA thioesterase II [EC:3.1.2.-]	10.7551	2.690157	5.2357622	2.9898655	2.52174	19.4602651	9.2439614	4.6595259	0.733831	0.9882812	1.422586	0.175163	4.3606278	3.2877676	16.5038159	1.60437	1.2749448	1.0586975	1.0575026	3.0051955	0	1.0737	2.8333974	0.1584512	0.032569	1.01047	2.767883	3.3040581	3.98675	0.9311661	7.3994898	3.7246403	10.711739	1.6676248	0.2050478	2.5122443	8.9707641	3.687176	0.0226792	0	0.564478	6.2361942
K10806	acyl-CoA thioesterase YciA [EC:3.1.2.-]	0	0	2.4091785	0	0	0	0.231135	0	0	0.0641712	0.616178	0	2.99376	3.6767288	16.4871	0	0.184821	0	0	0	0	0	0.0988729	0	0	0	0.201529	0	0.0801868	0.0222889	0	0.107607	10.6854498	0.441208	0	1.40769	0	0	0	0	0	0.441874
K10814	hydrogen cyanide synthase HcnA [EC:1.4.99.5]	0	0	0	0	0	0	0	0	0	0	0	0	0	0	0	0	0	0	0	0	0	0	0	0	0	0	0	0	0	0	0	0	9.52037	0	0	0	0	0	0	0	0	0
K10815	hydrogen cyanide synthase HcnB [EC:1.4.99.5]	0	0	0	0	0	0	0	0	0	0	0	0	0	0	0	0	0	0	0	0	0	0	0	0	0	0	0	0	0	0	0	0	2.53516	0	0	0	0	0	0	0	0	0
K10816	hydrogen cyanide synthase HcnC [EC:1.4.99.5]	0	0	0	0	0	0	0	0	0	0	0	0	0	0	0	0	0	0	0	0	0	0	0	0	0	0	0	0	0	0	0	0	8.04323	0	0	0	0	0	0	0	0	0
K10819	histidine kinase	0	0	0	0	0	0	0	0	0	0	0	0	0	0	0	0	0	0	0	0	0	0	0	0	0	0	0	0	0.101887	0	0	0	0	0	0	0	0	0	0	0	0	0
K10823	oligopeptide transport system ATP-binding protein	2.8734479	3.8173545	10.4660385	1.3467317	0.2416616	4.7738952	13.8323081	4.5950419	5.5524275	15.46385525	17.8996874	0.8680544	3.7405573	5.3645528	0.6939645	3.5395935	10.6399054	9.2633666	9.6913917	8.5738923	6.2412797	7.10506317	6.0366265	2.2232021	1.5857157	2.750431	2.7044899	2.4717107	3.095225	5.85457932	5.4248218	5.21372741	5.2080283	2.7370111	6.4549943	7.8391415	0.8964867	3.2379406	4.31408511	4.6503487	6.5499264	8.8533923
K10824	nickel transport system ATP-binding protein [EC:3.6.3.24]	2.4173041	1.9290188	6.798045	0.463345	0	0.40138	0.707189	0.5130672	1.23406	0.149865	2.514381	0	1.39365	3.5283854	6.13211	0.6861149	0.377033	3.320311	4.687349	2.55978	0.771095	0.56055	0.124908	0	0	0.222151	0.327303	0.565458	5.191745	0.985364	0.220753	0	10.385574	0.70003	0.2709567	0.5413829	10.4882322	11.4141335	0.2874444	0.0544119	0.0792056	0.8117008
K10830	manganese/zinc transport system ATP-binding protein [EC:3.6.3.35]	0	0	0	0	0	0	2.58024	0	0	0	0	0	0	0	0	0	0	0	0	0	0	0	0	0	0.357761	0	0	0	0	0.147246	0.145338	0	0	0	0	0.03782	0	0	0	0	0	0.0600255
K10831	taurine transport system ATP-binding protein [EC:3.6.3.36]	0	0	3.97462	0	0	0.0543119	0.878055	0.09986	0	0	1.08098	0	3.13356	3.32393	12.256	0	0.2234	0.168618	0	0	0	0	0.119511	0	0	0	0.25053	0.188917	4.04126	0	0.117878	0	22.549	1.21703	0	0	0	0.042643	0	0	0	1.78039
K10843	DNA excision repair protein ERCC-3 [EC:3.6.4.12]	0	0.0367438	0	0	0	0	0.1431036	0	0	0	0	0	0	0	0	0	0	0	0	0	0	0	0	0.0945666	0.0298371	0	0	0	0	0	0.0712524	0	0	0	0	0	0	0	0	0	0	0
K10850	MFS transporter, NNP family, putative nitrate transporter	0	0	0	0	0	0	0	0	0	0	0	0	0	0	0	0	0	0	0	0	0	0	0	0	0	0	0	0	0	0	0	0	0	0	0	0	0.0927019	0	0	0	0	0
K10851	nitrogen regulatory protein A	0	0	0	0	0.0438716	0	0	0	0	0	0	0	0	0	0	0	0	0	0	0	0	0	0	0	0	0	0	0	0	0.0640794	0	0	0	0	0	0	0	0	0	0	0	0
K10857	exodeoxyribonuclease X [EC:3.1.11.-]	0	0	3.08222	0	0	0.149151	0.144242	0	0	0.0172316	0	0	4.95953	3.54096	12.6474	0	0.322951	0	0	0	0	0	0.0279451	0	0	0	0.184438	0.0662982	0	0	0	0	3.1315908	0.358383	0	1.59429	0	0	0.0172718	0	0	0.5116474
K10861	uracil-DNA glycosylase 2	0	0	0	0	0	0	0	0	0	0	0	0	0	0	0	0.0795383	0	0	0	0	0	0	0	0	0	0	0	0	0	0	0	0	0	0	0	0	0	0	0	0	0	0
K10884	ATP-dependent DNA helicase 2 subunit 1	0	0	0	0	0	0	0	0	0	0	0	0	0	0	0	0.0133231	0	0	0	0	0	0	0	0	0	0	0	0	0	0	0	0	0	0	0	0	0	0	0	0	0	0
K10896	fanconi anemia group M protein	0	0	0.308925	0	0	0	0	1.91039	0.102558	0	0	0	0	0	0	0	0.641539	0	0	0	0	0	0	0	0	0	0	0	0	2.55516	0	0	0	0	0	0	0	0	1.82313	0	0	0
K10906	exodeoxyribonuclease VIII	0	0	0.303104	0	0	0.0142166	0.2124187	0	0	0	0	0.0249141	0	0.0239617	0	0	0	0	0	0	0	0	0	0	0	0	0	0	0	0	0	0	0	0	0	0.119231	0	0	0	0	0	0.0460341
K10907	aminotransferase	1.132914	2.0926586	2.0351731	0.4597075	0.0667519	2.37669	2.518383	5.2854341	3.375754	1.138989	2.6791961	1.2718972	3.429617	0.629868	0	11.612155	5.667795	5.2544811	6.138133	2.939843	2.8772256	3.9155287	2.7058527	1.1044965	1.0425832	2.6070123	1.703724	4.402483	3.8918	7.9763009	2.535114	2.2110919	0.427122	0.398726	2.4256566	1.814754	0.1810113	0.5238455	2.498817	3.3798934	4.09013	1.5500641
K10908	DNA-directed RNA polymerase, mitochondrial	0	0	0	0	0	0	0	0	0	0	0	0	0	0	0	0.0451787	0	0	0	0	0	0	0	0	0	0	0	0	0	0	0	0	0	0	0	0	0	0	0	0	0	0
K10911	two-component system, phosphorelay protein LuxU	0	0	0	0	0	0	0	0	0	0	0	0	0	0	0	0	0	0	0	0	0	0	0	0	0	0	0	0	0	0	0	0	0.430095	0	0	0	0	0	0	0	0	0
K10914	CRP/FNR family transcriptional regulator, cyclic AMP receptor protein	0.2668	2.535948	4.788436	0.0388988	0.0625615	0.0700983	2.78741	0.0634256	0	0.2712291	0.47299	0.5145804	6.307225	2.608575	23.2911058	0.199154	0.440255	0.0769844	0.132133	0.814616	0.215507	0.856529	1.507683	0.0188352	0.21434	0.105347	0.8659392	0.712303	2.811628	0.0654428	0.7730049	0.8462452	12.81098	0.8159	0.141508	0.9202587	0.304822	0.918941	0.1632636	0.0777829	0	3.3040746
K10926	MSHA pilin protein MshC	0	0	0	0	0	0	0	0	0	0	0	0	0	0	0	0	0	0	0	0	0	0	0	0	0	0	0	0	0	0	0	0	0.62444	0	0	0	0	0	0	0	0	0
K10939	accessory colonization factor AcfD	0	0	0.366547	0	0	0	0.0226384	0	0	0	0.52165	0	3.26824	1.60997	19.8045	0	0	0	0	0	0	0	0	0	0	0	0.0198101	0	0.774087	0	0	0	1.34645	0	0	0	0	0	0	0	0	0.302819
K10941	sigma-54 specific transcriptional regulator, flagellar regulatory protein A	0	0	0	0	0	0	0	0	0	0	0	0	0	0	0	0	0	0	0	0	0	0	0	0	0	0	0	0	0	0	0	0	9.35037	0	0	0	0	0	0	0	0	0
K10947	PadR family transcriptional regulator, regulatory protein PadR	9.2586163	23.701213	34.0979629	20.7472613	37.1529549	73.7912355	75.9623224	25.899313	41.3107029	72.280128	61.485182	38.6501014	44.1989139	18.2618499	6.4898203	28.2900652	32.163872	42.361831	40.605137	73.3974993	49.9133815	74.9101199	119.8254379	81.2566918	62.6639358	39.1973826	85.184405	47.4431777	64.518642	28.855234	36.3886063	35.695223	32.6950216	28.1341504	42.37833	47.5243186	37.4075938	32.508803	33.0928933	79.510649	34.7805513	43.883753
K10948	hemolysin	0	0	0	0	0	0	0	0	0	0	0	0	0	0	0	0	0	0	0	0	0	0	0	0	0	0	0	0	0	0	0	0	0.440758	0	0	0	0	0	0	0	0	0
K10972	LysR family transcriptional regulator, transcriptional activator of	0	0.277056	0.0934959	0.0129323	0	0	0.137559	0	0	0.0114669	0.149697	0.0111279	5.62411	1.45297	14.5759	0	0.0473827	0.0106621	0	0	0	0.0120412	0.0821279	0	0	0	0.0668126	0.0444657	0.143655	0.0136711	0.0703171	0.00971166	1.43204	0.2607425	0	0.0487886	0	0.0187344	0	0	0	0
K10973	IclR family transcriptional regulator, negative regulator of	0	0	4.430287	0.0225065	0	0.100795	0.320971	0.0529502	0	0	0.680244	0.0631203	8.51634	4.0785	19.5915	0	0.118357	0.0164662	0	0	0	0.0208563	0.247358	0	0	0	0.167898	0.150259	1.4979	0	0.0915913	0.01854	6.5839053	0.948836	0	1.416	0	0.0199198	0	0	0	0.584573
K10974	cytosine permease	15.94995	2.074004	3.8218394	7.324999	2.197948	5.1261551	11.97216	2.659263	2.4148175	0.15559819	1.3197394	1.0134654	2.100728	13.417144	7.8900201	3.761645	22.001119	1.8674134	2.0378511	11.046279	37.056975	1.4586266	2.8895543	1.7500416	0.674139	1.695018	3.164761	0.191984	2.583059	4.4982044	13.530477	28.3043403	10.06963	29.1450447	5.02897	3.136504	1.208184	0.775423	6.5849487	5.6957	0.604577	0.901351
K10975	allantoin permease	0	0	2.8004	0	0	0.125875	0.0230147	0.0161919	0	0.0270217	0.444774	0	5.86745	0.552519	0	0	0	0.0198054	0	0	0	0.0139001	0.0257283	0	0	0	0.128106	0.153367	0.974396	0	0	0	4.40216	0.757311	0	0.0228227	0	0.0224418	0	0	0	0.12553
K10978	methanogen homoisocitrate dehydrogenase [EC:1.1.1.87 1.1.1.-]	0	0	0.173098	0	0	0	0	1.40502	0	0	0	0	0	0	0	0	0.537465	0	0	0	0	0	0	0	0	0	0	0	0	2.35737	0	0	0	0	0	0	0	0	1.93132	0	0	0
K10979	DNA end-binding protein Ku	2.8097613	0.696333	0	4.88102	0.643043	0.323216	0.328872	0.0455913	0	0.29903	0.182013	0.361217	0.1999457	0	0	0.1786699	0	0.0514598	0.0490688	1.604986	0.8197052	0.6442701	0.826724	0.140679	2.0084	0.394189	1.520844	0.420056	0.320391	0.205054	0.242828	0.138534	13.167738	1.710049	0	0	0.725884	0.5799147	0.1299467	0.298963	0.836825	0.19373
K10984	PTS system, galactosamine-specific IIB component [EC:2.7.1.-]	0	0.0178308	4.37997	0	0	0	0.277783	0.027577	0	0.0153036	0.0105252	0.0514228	6.88851	5.24359	44.5697	0	0	0.0194724	0	0	0	0	0.0268367	0.010156	0	0	0.105217	0.0765078	0.896033	0	0.0107539	0	1.73473	0	0	0	0	0.0805913	0	0	0	0
K10985	PTS system, galactosamine-specific IIC component	0	0.0112153	1.45424	0	0	0.0120762	0.352849	0	0	0.0148521	0.457921	0.011014	7.4795	4.94506	14.7566	0	0.126662	0	0	0	0	0.0136308	0.121635	0	0	0	0.172483	0.0411114	0.306715	0	0	0	1.98739	0.428113	0	1.02089	0	0	0	0	0	1.75311
K10986	PTS system, galactosamine-specific IID component	0	0	0.933637	0	0	0.0259844	0.139331	0	0	0.0199299	0.764592	0	0.75517	1.58954	7.80315	0	0.151785	0	0	0	0	0.0125034	0.10531	0	0	0	0.0120349	0	0.537826	0.0204632	0	0	0.317181	0.380219	0	0.969242	0	0.0118655	0	0.0296176	0	0.294342
K10988	recombination-activating protein 2	0	0	0	0	0	0	0	0	0	0	0	0.0438969	0	0	0	0	0	0	0	0	0	0	0	0	0	0	0	0	0	0	0	0	0	0	0	0	0	0	0	0	0	0
K10989	activation-induced cytidine deaminase [EC:3.5.4.38]	0	0	0	0	0	0	0	0	0	0	0	0	0	0	0	0.0467603	0	0	0	0	0	0	0	0	0	0	0	0	0	0	0	0	0	0	0	0	0	0	0	0	0	0
K10990	RecQ-mediated genome instability protein 1	0	0	0	0	0	0	0	0	0	0	0	0	0	0	0	0.0751418	0	0	0	0	0	0	0	0	0	0	0	0	0	0	0	0	0	0	0	0	0	0	0	0	0	0
K10996	checkpoint protein HUS1B	0	0	0	0	0	0	0	0	0	0	0	0	0	0	0	0.101488	0	0	0	0	0	0	0	0	0	0	0	0	0	0	0	0	0	0	0	0	0	0	0	0	0	0
K11001	phosphatidylinositol glycan anchor biosynthesis, class Y	0	0	0	0	0	0	0	0	0	0	0	0	0	0	0	0.107967	0	0	0	0	0	0	0	0	0	0	0	0	0	0	0	0	0	0	0	0	0	0	0	0	0	0
K11003	hemolysin D	0	0	0	0	0	0	0	0	0	0	0	0.0938996	0	0	0	0	0	0	0	0	0	0	0	0	0	0	0	0	0	0	0	0	0	0	0	0	0	0	0	0	0	0
K11004	ATP-binding cassette, subfamily B, bacterial HlyB/CyaB	0.317889	0.297873	0	0	0	0	0	0.5473946	0.686084	0	0	0	0	0	0	0	0	0	0	0	0	0	0	0	0	2.77796	0.119642	0	0	0	0.162099	0.402965	0	0	0	0	0	0	0	0.0571669	0	0.841465
K11020	exotoxin A	0	0	0	0	0	0	0	0	0	0	0	0	0	0	0	0	0	0	0	0	0	0	0	0	0	0	0	0	0	0	0	0	10.2377	0	0	0	0	0	0	0	0	0
K11031	thiol-activated cytolysin	0	0	0	0	0	0	0	0.146449	0.014475	1.74524	1.79424	0.24208	3.58026	0.9401029	0.12187	5.62767	0.0917351	0	0	0.104898	0.144217	0.350101	0.318079	0	0	0	0	0	0.131336	2.67729	0	0.0658988	0	0	0	0	0.0475968	0.0875527	0	0	0	0
K11038	leukocidin/hemolysin toxin family protein	0	0	0	0	0	0	0	0	0	0	0	0	0	0	0	0	0	0	0	0	0	0	0	0	0	0	0	0	0	0	0	0	0	0	0	0	0.2951119	0	0	0	0	0
K11041	exfoliative toxin A/B	0.107499	0	0.9858449	1.0777383	0.446134	0.278085	2.3360423	0.6909706	0.0566902	16.006935	10.197378	10.1702	0.0844028	0.339421	0.3833009	1.4546669	0.334899	0.75721	2.1556508	4.3140619	0.112605	4.1052937	0.0849486	2.579747	0.0928479	0	0.09693	0.100879	22.3822	0.732908	1.799441	0.239961	0.0586976	0.9916646	2.3296742	5.1665344	0.693947	0.651971	0.215076	0.1160863	0.205979	1.839724
K11048	CylD protein	0	0	0	0	0	0	0	0	0	0	0	0	0	0	0	0	0	0	0	0	0	0	0	0	0	0	0	0	0	0	0	0	0	0	0	0	0	0.163373	0	0	0	0
K11049	CylG protein	0	0	0	0	0	0	0	0	0	0	0	0	0	0	0	0	0	0	0	0	0	0	0	0.0834461	0	0	0	0	0	0	0	0	0	0	0	0	0	0.183968	0	0	0	0
K11050	multidrug/hemolysin transport system ATP-binding protein	37.8261	25.31296	9.484768	42.172999	35.066	25.792855	25.573843	11.686702	18.430268	57.074783	45.5313	0.2636238	5.124715	11.73995	2.75037	6.341694	14.403	18.203569	21.65968	34.536984	46.020558	9.3241747	6.4022814	1.135107	0.7726009	22.858331	35.8441995	3.863769	0	7.0851627	7.171155	16.810422	28.842213	44.85882	21.574407	24.047783	7.561434	6.65893	44.2956	72.694273	61.920521	11.7670974
K11051	multidrug/hemolysin transport system permease protein	1.794202	1.0122517	14.0601203	0.505109	0.186605	0.125958	0.7461573	0.5064078	0.3465044	3.754228	4.153569	0.0567316	0.360848	0	0.2236964	4.83183	0.0496847	2.8199417	4.222434	0.2953161	0.432246	39.6611823	74.3374713	9.430249	1.4174625	0.309277	0.0747958	0	0	1.20791	0.422322	0.1169478	1.17773	2.649354	0.4182291	0.9671378	0.475622	1.1609	0	0.1381915	0.7579675	0.798411
K11052	CylE protein	0	0	0	0	0	0	0	0	0	0	0	0	0	0	0	0	0	0	0	0	0	0	0	0	0	0	0	0	0	0	0	0	0	0	0	0	0	0.132667	0	0	0	0
K11053	CylF protein	0	0	0	0	0	0	0	0	0	0	0	0	0	0	0	0	0	0	0	0	0	0	0	0	0	0	0	0	0	0	0	0	0	0	0	0	0	0.120185	0	0	0	0
K11056	CylK protein	0	0	0	0	0	0	0	0	0	0	0	0	0	0	0	0	0	0	0	0	0	0	0	0	0	0	0	0	0	0	0	0	0	0	0	0	0.0605351	0.0412415	0	0	0	0
K11057	beta2-toxin	0	0	0	0	0	0	0	0	0	0	0	0	0	0.0654967	0	0	0	0	0	0	0	0	0	0	0	0	0	0	0	0	0	0	0	0	0	0	0	0	0	0	0	0
K11065	thiol peroxidase, atypical 2-Cys peroxiredoxin	0.7475898	0.810388	4.6456245	0.529977	0.2029806	1.330816	0.7131134	1.5954137	0.1597324	2.5005272	4.6098634	0.8613624	4.285301	9.6205745	84.6515712	5.105041	0.360945	0.3082669	0.817498	0	0	2.2119469	1.6123029	0.4489893	0.52281	2.3045195	0.572287	1.44258	3.37502	1.0781699	0.7962354	1.6306126	24.5423194	1.04355	3.3793093	1.5869247	0.6101532	6.4628701	5.42759	0.963635	0.0391439	2.6223776
K11066	N-acetylmuramoyl-L-alanine amidase	0	0	1.6605201	0	0	0.0692739	0.507071	0.0647299	0	0.7511739	0.518678	0	3.58136	2.30595	11.881	0	0.400635	0.0278542	0	0	0.0315771	0.0347191	0.0297263	0	0	0	0.0423843	0.236952	1.05515	0	0.0336277	0.0291148	8.773284	0.372283	0.0508056	0.637257	0	0.0225459	0.0169908	0	0	0.733263
K11068	hemolysin III	16.0843287	8.9474053	17.8967398	31.3151832	13.559217	33.1773702	24.4136503	14.9294491	9.3625308	6.8504857	9.049353	21.2753667	14.0772351	2.6208012	3.4538731	16.012744	7.528313	10.3078794	7.5513489	10.0141209	5.3301816	44.3814489	81.59225291	8.9459591	2.829372	20.124233	11.7982231	34.8961685	62.2184374	10.669185	24.8925799	10.87099	5.6940301	5.6356708	3.5320157	5.1059627	12.9780582	6.7639621	9.4710727	8.1637573	10.4902137	14.2211512
K11069	spermidine/putrescine transport system substrate-binding protein	4.9565971	3.9151429	8.9811904	1.690399	3.328602	6.1714341	12.8889757	8.7498745	8.6396954	52.331292	55.8807833	2.7558397	8.0019221	14.6795015	9.1072066	10.8568633	17.0192565	9.791023	12.2840713	22.5789245	25.9156223	6.4809084	5.4995176	25.8806747	3.3884085	5.9241578	7.3516186	13.9321453	3.2382204	9.7704716	14.2591631	20.1926812	32.3470944	25.383399	12.5592435	13.0456918	5.6137984	6.5968846	7.1654945	4.7614226	8.8777139	22.1894799
K11070	spermidine/putrescine transport system permease protein	12.7925248	8.1138835	27.1747422	19.5991437	9.2590312	12.4960819	26.082724	17.6362488	19.6860481	62.4059038	64.7696495	1.9937284	10.4882469	14.1775206	5.3388442	19.9660225	22.114055	16.92189	32.3281731	27.5213861	28.7881707	51.6998873	87.430787	35.49372	12.5518187	13.3884018	10.8616023	17.8120656	5.502367	12.089775	13.9435124	25.869968	20.9810592	28.8411688	19.2834761	13.0436929	13.0133892	11.9442507	17.4854348	9.2155165	16.2716647	23.6809415
K11071	spermidine/putrescine transport system permease protein	27.3472666	19.0655078	12.3384	12.2952113	14.8885446	12.3918716	12.9428137	5.9158503	7.2548876	53.1375844	40.466682	1.2832081	5.0142973	30.8395995	15.0116139	3.3046086	5.5794301	10.7892641	13.9469446	36.2828858	21.7138022	6.4327753	6.8432313	17.5072063	7.1293687	6.2549943	3.9926251	3.562299	10.122801	5.8690595	5.252401	6.479278	35.7898031	11.9524964	11.2295958	9.9272117	15.8152247	23.1932326	37.0969582	54.5388371	49.0897098	12.4286954
K11072	spermidine/putrescine transport system ATP-binding protein [EC:3.6.3.31]	8.2038423	7.0258653	15.9274908	9.2832571	15.4976044	16.9628026	27.686384	26.692327	36.5764183	69.5238135	45.8310437	25.8220014	21.6065542	38.6717409	16.294511	21.1619855	12.7538706	22.6528678	30.7649498	25.7582962	24.3499053	11.9952005	6.5900156	28.3523458	20.0415894	11.5523478	17.8267607	22.4064508	47.98518	16.987199	32.2427814	22.2536725	37.9666577	14.5684321	25.4790321	18.6817721	18.6009152	17.3079213	13.3452048	26.0510422	28.1544345	35.6575244
K11073	putrescine transport system substrate-binding protein	0	0.309745	3.03733	0.0180434	0	0.26997	1.75876	0.0106886	0	0.258975	0.438554	0.00961359	0.77211	1.12826	4.43195	0.459672	0.372751	0.0218979	0	0	0	0.0252328	0.179772	0	0	0	0.0714401	0.0123798	0.709941	0	0.453885	0	22.727986	1.23422	0.197604	0.545975	0	0	0	0	0	1.22466
K11074	putrescine transport system permease protein	0	0	0	0	0	0.0153007	0.3780137	0.0760018	0	0.722177	1.23565	0	0	0.0975676	0	0	0	0.0209942	0	0	0	0.0189362	0.0773364	0	0	0	0.138289	0	3.79885	0.022132	0.117751	0	14.1761933	0.0849939	0	0	0	0.113592	0	0	0	0.243207
K11075	putrescine transport system permease protein	0	0.224849	1.605648	0	0	0.250601	2.6226011	0.00743984	0	0.0180211	0.502254	0	0.745051	3.2971	5.89109	0.467752	0.0266184	0	0	0	0	0.0384157	0.183211	0.00914468	0	0	0	0	3.32579	0.0511221	0.351104	0	15.010255	1.63063	0.042708	0.574314	0	0	0	0	0	1.39367
K11076	putrescine transport system ATP-binding protein	0	0.422552	2.51734	0	0	0.0938039	1.40364	0.0130264	0	0.0136922	1.48267	0	3.83724	2.51028	0	0.258533	0.102891	0.0192498	0	0	0	0.0121088	0.213626	0	0	0	0.148604	0	3.19745	0	0.658919	0.0150562	15.755019	1.28162	0.275907	0.637901	0	0.116055	0	0	0	1.64284
K11081	2-aminoethylphosphonate transport system substrate-binding protein	0	0	0	0	0	0	0	0	0	0	0	0	0	0	0	0	0	0	0	0	0	0	0	0	0	0	0	0	0	0	0	0	0.1537432	0	0	0	0	0	0	0	0	0
K11082	2-aminoethylphosphonate transport system permease protein	0	0	0	0	0	0	0	0	0	0	0	0	0	0	0	0	0	0	0	0	0	0	0	0	0	0	0	0	0	0	0	0	0.0514215	0	0	0	0	0	0	0	0	0
K11083	2-aminoethylphosphonate transport system permease protein	0	0	0	0	0	0	0	0	0	0	0	0	0	0	0	0	0	0	0	0	0	0	0	0	0	0	0	0	0	0	0	0	0.0334298	0	0	0	0	0	0	0	0	0
K11084	2-aminoethylphosphonate transport system ATP-binding protein	0	0	0	0	0	0	0	0	0	0	0	0	0	0	0	0	0	0	0	0	0	0	0	0.0223827	0	0	0	0	0	0	0	0	0.0807528	0	0	0	0	0	0	0	0	0
K11085	ATP-binding cassette, subfamily B, bacterial MsbA [EC:3.6.3.-]	0.8650604	0.880405	4.10266	0.0515207	0	0.201124	2.4870141	1.0857584	0.0669485	2.1179023	5.0348584	1.1749965	1.3791836	3.106814	1.8570192	5.137222	0.697306	0.817333	0.3366	0.352014	0	2.457571	1.9742075	0.0453521	0	2.232679	0.213553	2.9289259	0.0528504	2.1283161	1.0012284	1.609734	16.1347292	1.932907	4.38085	0.751617	0.795171	3.79046	7.3180718	1.21007	0	1.5279054
K11089	60 kDa SS-A/Ro ribonucleoprotein	0	0	0	0	0	0	0.0642571	0	0	0	0	0	0	0	0	0	0	0	0	0	0	0	0	0.112425	0	0	0	0.0488952	0	0	0	0	0	0	0	0.0537145	0	0	0	0	0	0
K11090	lupus La protein	0	0	0	0	0	0	0	0	0	0	0	0	0	0	0	0.0238418	0	0	0	0	0	0	0	0	0	0	0	0	0	0	0	0	0	0	0	0	0	0	0	0	0	0
K11092	U2 small nuclear ribonucleoprotein A'	0	0	0	0	0	0	0	0	0	0	0	0	0	0	0	0.0420005	0	0	0	0	0	0	0	0	0	0	0	0	0	0	0	0	0	0	0	0	0	0	0	0	0	0
K11097	small nuclear ribonucleoprotein E	0	0	0	0	0	0	0	0	0	0	0	0.00917898	0	0	0	0.00870684	0	0	0	0	0	0	0	0	0	0	0	0	0	0	0	0	0	0	0	0	0	0	0	0	0	0
K11099	small nuclear ribonucleoprotein G	0	0.0124847	0	0	0	0	0	0	0	0	0	0	0	0	0	0	0	0	0	0	0	0	0	0	0	0	0	0	0	0	0	0	0	0	0	0	0	0	0	0	0	0
K11102	proton glutamate symport protein	0	0.38827	2.7312883	0.116377	0.0598829	0.0111125	0.640805	0.05633084	0	1.128787	0	0.0121029	4.1836	3.08469	18.0948	0	0.582589	0	0	0	0	0.106441	0.113305	0.326474	0.220238	0	1.329185	0.014357	0.0929441	0.624901	0.7667761	0	3.1394	0.526727	0	1.956472	0	0.0232002	0	0.1133823	0	2.809804
K11103	aerobic C4-dicarboxylate transport protein	0	0.357742	2.8610444	0.393546	0	0.138314	3.72136	0.0930471	0	0.0737998	0.72262	0.0369729	4.23306	3.43417	7.75571	0.4961408	0.241521	0	0	0	0	0.254207	0.169216	0.0141726	0	0	0.2319197	0.224577	1.31303	0.119995	0.609919	0	27.757956	2.09351	0.094651	0.968884	0	0.0695339	0	0	0	1.89984
K11104	melibiose permease	0	0	2.276327	0	0	0	0.501018	1.2336992	0.671504	0	0	0	3.9259386	1.7683593	10.9838	0.0582362	0.2885372	2.85204	2.24598	0	0	0.0101048	0.00848809	0.747592	0.246912	0.804413	0.1002504	0.122638	0	0.0418689	0	0	0.0388517	0.305164	0.2302393	0.632302	0	0	0	0.129028	0.848597	0.0465764
K11105	cell volume regulation protein A	0.378398	1.043937	3.363104	0.436138	0	1.9082921	5.1383762	4.0621415	1.3982973	2.264966	3.177601	0.6759728	6.651595	2.952957	0.184169	8.2525341	3.1264211	1.2565171	0.8857985	1.525111	1.8264178	3.66998309	2.4787641	0.6727191	0.7831254	3.9091664	1.3263418	20.234852	2.608182	5.5542152	1.5912337	2.114902	10.351907	4.42819	4.33867	0.3031538	3.616021	8.9051021	6.8224376	2.3091207	1.2791247	4.229336
K11106	L-tartrate/succinate antiporter	0	0.137579	0.740897	0	0	0.0274953	0.431738	0.114061	0	0.00875571	0	0.0119159	0	0.0904393	0.184861	0	0.119079	0.0793044	0	0	0	0.0308459	0.165964	0	0	0	0.162334	0.0288167	3.72174	0.0842688	0.166321	0.0159513	9.43103	1.36988	0	0	0	0.12702	0	0	0	1.14652
K11107	ferredoxin	0	0	4.3625051	0	0	0.079916	0.94938955	0.0839639	0	0.21693782	1.46261	0.160145	10.2634	7.19491	34.8158	0	0.87658	0	0	0.0848394	0	0.0813748	0.46894	0	0	0	0.163839	0.635379	3.1227	0	0.260173	0.0809613	19.118788	3.13888	0.0823776	3.73566	0	0	0	0	0	2.7540336
K11110	telomeric repeat-binding factor 1	0	0	0	0	0	0	0	0	0	0	0	0	0	0	0	0.0147122	0	0	0	0	0	0	0	0	0	0	0	0	0	0	0	0	0	0	0	0	0	0	0	0	0	0
K11129	H/ACA ribonucleoprotein complex subunit 2	0	0	0	0	0	0	0	0	0	0	0	0	0	0	0	0.00862684	0	0	0	0	0	0	0	0	0	0	0	0	0	0	0	0	0	0	0	0	0	0	0	0	0	0
K11130	H/ACA ribonucleoprotein complex subunit 3	0	0	0.416042	0	0	0	0	21.38746	1.922622	0	0	0	0	0	0	0	16.02195	0	0	0	0	0.0597508	0	0	0	0	0	0	0	22.799527	0	0	0	0	0	0	0	0	24.65388	5.52431	0	0
K11131	H/ACA ribonucleoprotein complex subunit 4 [EC:5.4.99.-]	0	0	0.110129	0	0	0	0	1.40454	0.0848216	0	0	0	0	0	0	0	0.315827	0	0	0	0	0	0	0	0	0	0	0	0	2.44256	0	0	0	0	0	0	0	0	1.70936	0	0	0
K11139	hemolysin E	0	0	3.430848	0	0	0.00894409	0.0817686	0	0	0	0	0	7.9957606	4.7333	37.44628	0	0.0254146	0	0	0.0745558	0	0.0153553	0	0	0	0	0.0650951	0.16416	0	0	0	0	4.554899	0.0532057	0	0.186188	0	0	0	0	0	0.190463
K11144	primosomal protein DnaI	0.2077798	0	1.2652529	0.4408192	0.612782	0.396318	0.8139964	0.2444028	0.1615007	13.9612326	8.2315715	2.30481	0.0231505	0.487366	0.1977768	1.52231	0.1282123	0.613658	2.046968	3.3061251	0	0.1155523	0.1217525	1.150141	0.4595202	0.0485025	1.2677832	0.0778339	0	0.6448536	18.395067	2.778134	0.102957	1.755674	0.7476321	6.954253	0.1280119	4.0257616	0	0.0818898	0.238386	8.4323676
K11145	ribonuclease III family protein	38.2729126	30.6291611	4.5378502	20.1183996	26.8020848	39.1824054	38.6079174	13.0520433	20.692084	9.419531	10.2454041	1.838005	10.098645	7.4174444	1.977728	3.3773381	11.18877	11.3867173	17.655427	42.3116804	38.1878368	11.4334184	11.7987116	17.7657395	24.1863463	30.4053801	42.1323555	4.592875	1.7037465	18.098259	11.213629	18.5827797	28.9162978	17.7028433	17.3806774	5.3663516	35.423301	37.0918459	56.7726316	88.3257196	61.8389572	12.670672
K11149	dehydrogenase/reductase SDR family member 9 [EC:1.1.-.-]	0	0	0	0	0	0	0	0	0	0	0	0	0	0	0	0.0276134	0	0	0	0	0	0	0	0	0	0	0	0	0	0	0	0	0	0	0	0	0	0	0	0	0	0
K11162	retinol dehydrogenase 14	0	0	0	0	0	0	0	0	0	0	0	0	0	0	0	0.0307662	0	0	0	0	0	0	0	0	0	0	0	0	0	0	0	0	0	0	0	0	0	0	0	0	0	0
K11175	phosphoribosylglycinamide formyltransferase 1 [EC:2.1.2.2]	43.4255318	31.9368759	19.5226607	34.5956842	25.5576112	34.4171563	30.1220881	13.0189299	17.7399892	81.069745	61.1628745	7.9009795	10.4544534	14.6788403	3.8485409	13.6851527	11.5349177	21.664613	21.8000409	54.2840532	32.3808253	43.0683637	68.4160198	42.8452282	16.8318687	19.6151231	39.4307891	8.0285908	9.7733857	11.1816847	23.5739742	18.7388814	26.8361567	18.802264	22.5335411	15.6416188	31.8544415	45.8305555	59.360949	83.0767553	56.5095136	21.3838448
K11176	IMP cyclohydrolase [EC:3.5.4.10]	0	0	0.326308	0	0	0	0	7.42422	0.399035	0	0	0	0	0	0	0	5.691922	0	0	0	0	0	0	0	0	0	0	0	0	8.44645	0	0	0	0	0	0	0	0	9.15129	3.14536	0	0
K11177	xanthine dehydrogenase YagR molybdenum-binding subunit [EC:1.17.1.4]	0	0	1.97727	0	0	0.01708566	0.234032	0	0	0	0	0	5.32833	1.0481	12.3569	0	0	0	0	0	0	0	0.012958	0	0	0	0.0443396	0	0	0	0	0	0	0	0	0	0	0	0	0	0	0.466757
K11178	xanthine dehydrogenase YagS FAD-binding subunit [EC:1.17.1.4]	0	0	4.02741	0	0	0.0161729	0.275078	0	0	0	0	0	7.72115	2.13527	24.7596	0	0	0	0	0	0	0	0	0.0270212	0	0	0.118733	0	0	0	0	0.0313006	0	0	0	0	0	0	0	0	0	0.409021
K11179	tRNA 2-thiouridine synthesizing protein E [EC:2.8.1.-]	0	0.351514	4.71774	1.376041	0	0.0932354	1.22885	0	0.262176	0.3528765	0.981165	0.254777	6.7604142	2.49936	12.1219	0.318105	0.255669	0.144731	0	0.417512	0.105235	0.305156	0.391372	0	0	0.205768	0.608189	0	3.64315	0.503777	0.634347	0	10.06954	1.587731	0	1.593355	0	0.199774	0.389309	0.372227	0.464389	1.956222
K11180	sulfite reductase alpha subunit [EC:1.8.99.3 1.8.99.5]	0.130858	0.0868294	0	0.652494	0.0572296	0	0	0	0.0581773	0.0596603	0	0	0.171238	0	0	0.119064	0	0	0	0.32261	0.141779	0.0410392	0.0315329	0	0	0.195688	0.322247	0.0560763	0	0	0	0	0.209582	0.146124	0	0	0	0	0	0	0.310798	0.203256
K11181	sulfite reductase beta subunit [EC:1.8.99.3 1.8.99.5]	3.164458	1.760596	0	1.158893	0.103333	0	0	0	0.143242	0	0	0.0835195	0.1845077	0.1960171	0.0624512	1.3777084	0.822454	0	0	0.361176	0.201235	1.00967	0.241344	0	0	0.140529	0.4298585	0	0	0.3223555	0.502845	0	0.998738	1.163087	0.165003	0	0	0	0	0	0.347693	0.32696
K11182	diamine oxidase [EC:1.4.3.22]	0	0	0	0	0	0	0	0	0	0	0	0	0	0	0	0.0234284	0	0	0	0	0	0	0	0	0	0	0	0	0	0	0	0	0	0	0	0	0	0	0	0	0	0
K11183	phosphocarrier protein FPr	0	0.41463	1.059149	0	0	0.0239701	0.969847	0.0808827	0	0.038744	0.440773	0.0245411	4.42715	2.39682	6.56984	0	0.243941	0.0212673	0	0	0	0.0257299	0.0171085	0	0	0	0.166594	0.0850087	0.803585	0	0.383944	0.0275645	10.33692	1.41012	0	0.6462734	0	0.0217026	0	0	0.0470282	1.288627
K11184	catabolite repression HPr-like protein	52.5691077	37.409999	6.1167402	13.9285	23.4186683	23.482978	18.2655919	7.1521434	15.4166243	13.154363	10.357072	0	10.029265	5.749809	0.377741	2.054473	8.0416606	14.436808	12.3053537	53.5458567	62.7862229	8.972582	8.3040834	2.127017	8.986007	18.168253	26.1257181	6.692996	0	8.231539	3.642505	7.1575505	18.78927	19.415301	5.3124485	7.099006	32.8824372	43.688142	67.85032	104.0450134	106.431141	0.965015
K11189	phosphocarrier protein	29.72933735	26.092894	41.22379925	44.1451201	28.813095	14.8157919	20.207887	39.02634892	46.37067741	26.66256019	32.1596037	5.7619499	55.7855982	31.63047557	47.2841016	21.1496479	37.23900061	39.0464665	46.9943141	44.48827325	41.0244734	58.6430743	57.10841433	44.9170136	6.17942	43.03533811	27.6454465	11.88343739	0.2722587	31.90242533	86.21369585	29.42728053	51.9417522	18.4959682	35.39723143	41.81747926	30.4887492	33.2049209	42.564995	43.9669241	45.14520598	68.5204238
K11191	PTS system, N-acetylmuramic acid-specific IIB component [EC:2.7.1.192]	0	0	2.02969	0	0	0.00888148	0.0932377	0	0	0	0.397485	0.059348	0.165731	0	0.846745	0	0	0	0	0	0	0.0124187	0.0160132	0	0	0	0.0217392	0	2.32542	0.0117035	0	0	3.019974	0.10605	0	0	0	0	0	0	0	0.0862955
K11192	PTS system, N-acetylmuramic acid-specific IIC component	0	0	2.02969	0	0	0.00888148	0.0932377	0	0	0	0.397485	0.059348	0.165731	0	0.846745	0	0	0	0	0	0	0.0124187	0.0160132	0	0	0	0.0217392	0	2.32542	0.0117035	0	0	3.019974	0.10605	0	0	0	0	0	0	0	0.0862955
K11196	PTS system, fructose-specific IIC component	0	0	0	0	0	0	0.673734	0	0	0	0	0	0	0	0	0	0	0	0	0	0	0	0	0	0	0	0	0	0	0	0	0	0	0	0	0	0	0	0	0	0	0
K11198	PTS system, 2-O-A-mannosyl-D-glycerate-specific IIA component [EC:2.7.1.195]	0	0.276232	1.1919311	0	0	0.0123458	0.2642206	0	0	2.2590668	0	0	0	0	0	0	0.171893	0	0	0	0	0.0116857	0.135804	0	0	0	0	0	4.33058	0	0.028377	0	0	0.0813039	0	0.658747	0	0	0	0	0	0.4547945
K11199	PTS system, 2-O-A-mannosyl-D-glycerate-specific IIB component [EC:2.7.1.195]	0	0.276232	1.1919311	0	0	0.0123458	0.2642206	0	0	2.2590668	0	0	0	0	0	0	0.171893	0	0	0	0	0.0116857	0.135804	0	0	0	0	0	4.33058	0	0.028377	0	0	0.0813039	0	0.658747	0	0	0	0	0	0.4547945
K11200	PTS system, 2-O-A-mannosyl-D-glycerate-specific IIC component	0	0.276232	1.1919311	0	0	0.0123458	0.2642206	0	0	2.2590668	0	0	0	0	0	0	0.171893	0	0	0	0	0.0116857	0.135804	0	0	0	0	0	4.33058	0	0.028377	0	0	0.0813039	0	0.658747	0	0	0	0	0	0.4547945
K11201	PTS system, fructose-specific IIA-like component	0	0	8.498921	0.0592607	0	0.1536118	1.1906916	0.0101189	0	0.0102984	0.0418403	0.0280939	20.4706502	12.13492	79.952335	0	1.2449692	0	2.42215	0	0	0.1419422	0.0910707	0	0	0	0.0800406	0.0636435	2.1630146	0.0111379	0.0785533	0.00750143	3.64981	1.0278698	0	2.44191336	0	0.0136012	0	0	0	1.329353
K11202	PTS system, fructose-specific IIB-like component	49.60215	35.942957	16.609012	13.4089	15.5465	22.3203497	27.96729	2.148053	1.082835	10.469829	10.860216	0.0983348	38.712288	28.92098	80.749598	3.84199	15.031361	4.952244	6.29307	0.229632	0	2.2329378	5.3121128	0	0	8.43136	4.5994779	3.139822	7.489772	4.363424	18.104068	36.733119	47.886302	37.429596	3.72076	8.886657	19.4842	31.2141	29.07395	87.1546	81.8459	3.901739
K11203	PTS system, fructose-specific IIC-like component	0	0.700798	5.54211	0	0	0.02356839	1.100053	0	0	0	0	0.00851445	19.15378	7.48439	43.43452	0	0.450578	0	0	0	0	0.0219282	0.1039387	0	0	0	0.0657606	0.1725859	1.8100201	0.00805386	0.232106	0.0138055	8.672902	1.912598	0	1.421924	0	0	0	0	0	1.578798
K11206	trypanothione amidase [EC3.5.1.-]	7.8693768	0.4263226	0.1456223	1.375967	1.126632	0	0.2058659	2.6725638	0.101786	1.3165136	0.435358	0	0.3151656	0	0	1.0302595	0.610807	1.6695934	2.294511	0.235208	0.194606	0.9003307	2.622166	0	0	0.111949	0	5.347225	0	0	0.0427515	0	11.668155	0.0661254	0.205235	0.943653	4.4432731	1.4397094	0	0	0	0.119206
K11208	GST-like protein	0	0	3.76042	0	0	0.107579	1.7567897	0	0	0	0	0	2.77018	1.81376	13.7101	0.245925	0.3437593	0	0	0	0	0	0.0410294	0.0610076	0	0	0.0119476	0.107432	0	0	0.233489	0	1.59361	0.6504756	0.277232	0.465072	0	0	0	0	0	0.4441926
K11209	GST-like protein	0.279801	0.263636	7.896678	0.675993	1.6773242	0.3648368	1.3232937	0.4572209	0.582076	39.0740419	30.0858557	0.1029055	14.24979	13.440641	50.1676629	0.594402	1.122383	2.3983269	1.8522532	8.3355602	0.244559	0.1994137	0.573515	20.371871	0.18893	0	1.0974134	0.545223	2.86586	0	1.2999385	0.557877	10.308536	4.107245	5.531587	7.04454	0.189163	0.2319675	0.030021	0.35283586	1.34394	8.2153561
K11210	metallothiol transferase	0	0	0	0.0646255	0	0	0	0	0	0	0	0	0	0	0	0	0	0	0	0	0	0	0	0.0605795	0	0	0	0	0	0	0	0	0	0	0	0	0	0	0	0.0596865	0	0
K11212	LPPG:FO 2-phospho-L-lactate transferase [EC:2.7.8.28]	0	0	0.310779	0	0	0	0	1.73492	0.0926565	0	0	0	0	0	0	0	0.468214	0	0	0	0	0	0	0	0	0	0	0	0	2.3841	0	0	0	0	0	0	0	0	1.75669	0	0	0
K11216	autoinducer 2 (AI-2) kinase	0	0	4.38492	0	0	0.2904191	2.447956	0	0	0.243618	0	0	3.02193	4.3576112	8.35187	0.486552	0.2568925	0	0	0	0	0	0.102403	0	0	0	0.0187342	0.0238863	0	0	0.390615	0	4.6416767	0.582668	0.29226	0.50887964	0	0	0	0.0666204	0.0711099	0.815337
K11223	signal transducer and activator of transcription 5A	0	0	0	0	0	0	0	0	0	0	0	0	0	0	0	0.0400603	0	0	0	0	0	0	0	0	0	0	0	0	0	0	0	0	0	0	0	0	0	0	0	0	0	0
K11249	cysteine/O-acetylserine efflux protein	0	0	4.778363	0	0	0	0.441351	0.1016485	0	0	0.488371	0.341774	6.76715	4.326748	21.72038	0.301132	1.368251	0	0	0	0	0.0581249	0.600472	0	0	0	0.2253425	0.031117	1.525561	0.383026	0.206487	0	2.6877436	0.4730237	0.313819	2.343118	0	0.0836614	0.0841578	0.225002	0	0.231879
K11250	leucine efflux protein	0	0.314237	3.4003709	0	0	0.188759	1.7651264	0.1081744	0	0.6574609	0.094217	0	5.55909	2.93361	2.72993	0.488832	0.376445	0	0	0	0	0.0698925	0.117475	0	0	0	0.10554	0.127764	0.199729	0	0.407577	0	18.50555	1.001443	0.159196	0.6488501	0	0	0	0	0	1.935775
K11251	histone H2A	0	0	0	0	0	0	0	0	0	0	0	0.09977188	0.0192599	0	0	0.306106018	0	0	0	0	0.0230813	0	0	0	0	0	0	0.02084555	0.060179697	0	0	0	0	0	0	0	0	0	0	0	0	0
K11252	histone H2B	0	0	0	0	0	0	0	0	0	0	0	0.14731561	0.00888508	0	0	0.67175421	0	0	0	0	0	0	0.01308748	0	0	0	0	0	0.029053952	0	0	0	0	0	0	0	0	0	0	0	0	0
K11253	histone H3	0	0	0	0	0	0	0	0	0	0	0	0.043402486	0.061152803	0	0	0.158303807	0	0	0	0	0	0	0	0	0	0	0	0	0.00610285	0	0	0	0	0	0	0	0	0	0	0	0	0
K11254	histone H4	0	0	0	0	0	0	0.00778953	0	0	0	0	0.007180767	0.012744331	0.00789811	0	0.025617223	0	0	0	0	0	0	0	0	0	0	0	0.00698715	0.0056721	0.042685152	0	0	0	0	0	0	0	0	0	0	0	0
K11258	acetolactate synthase II small subunit [EC:2.2.1.6]	0	0.792889	11.376776	0	0	0.220821	3.798374	0.15467	0.0207196	0.145287	1.34714	0.0737511	7.74729	11.66531	32.4857	0.819749	1.04959	0.0967981	0	0	0	0	0.659875	0.0137548	0	0	0.301808	0.512065	3.97769	0	0.5185144	0.149139	14.091128	2.66868	1.0369464	2.78187	0	0.0770566	0	0	0	3.893583
K11260	4Fe-4S ferredoxin	0	0	0.356608	0	0	0	0	2.51892	0.205995	0	0	0	0	0	0	0	0.43829	0	0	0	0	0	0	0	0	0	0	0	0	1.97731	0	0	0	0	0	0	0	0	2.84036	0	0	0
K11261	formylmethanofuran dehydrogenase subunit E [EC:1.2.99.5]	0	0	0	0.993696	0	0	0	0.0466466	0	0	0	0.222424	0.814554	0	0	1.944216	0.316543	0	0	0	0	0.638411	0.716436	0	0	0	0.102399	0	0	1.0290312	0.553931	0.2315504	0	0	0.2775173	0	0	0	0.0567622	0	0	0
K11263	acetyl-CoA/propionyl-CoA carboxylase, biotin carboxylase, biotin carboxyl carrier protein [EC:6.4.1.2 6.4.1.3 6.3.4.14]	0	0	0	0	0	0	0	0.039867	0	0.088272	0	0	0	0	0	0.143051	0.0929706	0.0519679	0.0464603	0.128833	0.0435707	0	0.0589332	0.1786563	0	0	0	0.0449157	0	0	3.78193	0.49906	0	0	0	0	0.144038	0	0	0	0	0.2565971
K11264	methylmalonyl-CoA decarboxylase [EC:4.1.1.41]	0	0	1.66026	0	0	0.0791621	0.258547	0	0	0	0	0	6.84145	2.97627	26.4363	0	0.173662	0	0	0	0	0	0.0903226	0.0137132	0	0.0154134	0	0	0	0	0	0	3.85351	0.358761	0	0.918543	0	0	0	0	0	0.851682
K11275	histone H1/5	0	0	0	0	0	0	0	0	0	0	0	0	0	0	0	0.1960287	0	0	0	0	0	0	0	0	0	0	0	0	0	0	0	0	0	0	0	0	0	0	0	0	0	0
K11280	nucleosome assembly protein 1-like 2	0	0	0	0	0	0	0	0	0	0	0	0	0	0	0	0.0465462	0	0	0	0	0	0	0	0	0	0	0	0	0	0	0	0	0	0	0	0	0	0	0	0	0	0
K11287	TSPY-like 4	0	0	0	0	0	0	0	0	0	0	0	0	0	0	0	0.0704935	0	0	0	0	0	0	0	0	0	0	0	0	0	0	0	0	0	0	0	0	0	0	0	0	0	0
K11288	TSPY-like 5	0	0	0	0	0	0	0	0	0	0	0	0	0	0	0	0.0846569	0	0	0	0	0	0	0	0	0	0	0	0	0	0	0	0	0	0	0	0	0	0	0	0	0	0
K11289	TSPY-like 6	0	0	0	0	0	0	0	0	0	0	0	0	0	0	0	0.0749453	0	0	0	0	0	0	0	0	0	0	0	0	0	0	0	0	0	0	0	0	0	0	0	0	0	0
K11290	template-activating factor I	0	0	0	0	0	0	0	0	0	0	0	0	0	0	0	0.0235661	0	0	0	0	0	0	0	0	0	0	0	0	0	0	0	0	0	0	0	0	0	0	0	0	0	0
K11296	high mobility group protein B3	0	0	0	0	0	0	0	0	0	0	0	0	0	0	0	0.0697236	0	0	0	0	0	0	0	0	0	0	0	0	0	0	0	0	0	0	0	0	0	0	0	0	0	0
K11310	general transcription factor 3C polypeptide 4	0	0	0	0	0	0	0	0	0	0	0	0	0	0	0	0.0305527	0	0	0	0	0	0	0	0	0	0	0	0	0	0	0	0	0	0	0	0	0	0	0	0	0	0
K11312	cupin 2 domain-containing protein	0	0.0494608	0	0	0	0	0	0	0	0	0	0	0	0	0	0	0	0	0	0	0	0	0	0	0	0	0	0	0	0	0	0	0.715329	0	0	0	0	0	0	0	0	0
K11316	STAGA complex 65 subunit gamma	0	0	0	0	0	0	0	0	0	0	0	0	0	0	0	0.0335287	0	0	0	0	0	0	0	0	0	0	0	0	0	0	0	0	0	0	0	0	0	0	0	0	0	0
K11339	mortality factor 4-like protein 1	0	0	0	0	0	0	0	0	0	0	0	0	0	0	0	0.012539	0	0	0	0	0	0	0	0	0	0	0	0	0	0	0	0	0	0	0	0	0	0	0	0	0	0
K11343	MRG-binding protein	0	0	0	0	0	0	0	0	0	0	0	0	0	0	0	0.0122962	0	0	0	0	0	0	0	0	0	0	0	0	0	0	0	0	0	0	0	0	0	0	0	0	0	0
K11349	bromodomain-containing protein 1	0	0	0	0	0	0	0	0	0	0	0	0	0	0	0	0.00832908	0	0	0	0	0	0	0	0	0	0	0	0	0	0	0	0	0	0	0	0	0	0	0	0	0	0
K11358	aspartate aminotransferase [EC:2.6.1.1]	50.6503554	34.7108809	7.0771318	51.140504	34.0223309	60.16366	43.97043	17.9951948	24.384266	10.036445	11.6122748	1.127493	9.7384139	9.0111188	1.9928231	3.996391	12.6654066	16.539187	19.87091	50.5878415	39.1710272	15.7963164	18.4771968	23.0294128	18.481648	24.657645	53.290751	4.737501	0	12.6409613	9.6704386	17.3826425	17.64869	12.183877	15.3942101	4.18739	46.5000833	42.2775327	65.101041	101.6652839	72.8035847	9.136584
K11366	ubiquitin carboxyl-terminal hydrolase 22/27/51	0	0	0	0	0	0	0	0	0	0	0	0	0	0	0	0.0191115	0	0	0	0	0	0	0	0	0	0	0	0	0	0	0	0	0	0	0	0	0	0	0	0	0	0
K11381	2-oxoisovalerate dehydrogenase E1 component [EC:1.2.4.4]	0	0	0	0	0	0	0	0	0	0	0	0	0	0	0	4.6804	0	0	0	0	0	0	0	0.0824466	0.155831	0	0	0	0	0.7713292	0	0.0496339	0	0	0	0.0450466	0	0.0909529	0	0	0	0
K11382	MFS transporter, OPA family, phosphoglycerate transporter protein	0	0.298387	1.330519	0	0	0.0945866	0.7757819	0	0	7.21129	2.99776	0	0	0	0	0.589381	0.0815177	0.361827	0.7012	0.634455	0	0	0.225472	0.0564221	0	0	0.0487141	0.0473038	0	0	0.102645	0	2.1533591	1.14406	0.158037	0	0.699733	0.145198	0	0	0	1.945838
K11384	two-component system, NtrC family, response regulator AlgB	0	0	0	0	0	0	0	0	0	0	0	0	0	0	0	0	0	0	0	0	0	0	0	0	0	0	0	0	0	0	0	0	7.29675	0	0	0	0	0	0	0	0	0
K11391	ribosomal RNA large subunit methyltransferase G	0	0.375478	5.942077	0	0	0.248066	4.032781	0.1065285	0	0.534857	0	0.0766653	5.99287	6.26953	24.6411	0.234644	0.1698176	0	0	0	0	0	0.3991823	0	0	0	0.2091553	0.109839	4.73565	0.0560938	0.619666	0	16.231312	2.546679	0.299784	1.276786	0	0	0	0	0	1.9085927
K11392	ribosomal RNA small subunit methyltransferase F	0.962633	0.644461	4.1959316	0.355988	0	0.2156709	1.362565	0.0719261	0	0.5625951	1.00137	0.0389846	1.30406	0	0	1.214814	0.41913	0	0	0	0	0.193093	0.0696535	0.0149841	0	0	0.1972072	0.283934	3.53658	0.1913416	0.79467	0.0891947	4.192092	0.6795553	0.3950397	0.585669	0	0	0.0819155	0.128147	0	0.819224
K11428	histone-lysine N-methyltransferase SETD8 [EC:2.1.1.43]	0	0	0	0	0	0	0	0	0	0	0	0	0	0	0	0.017702	0	0	0	0	0	0	0	0	0	0	0	0	0	0	0	0	0	0	0	0	0	0	0	0	0	0
K11433	histone-lysine N-methyltransferase SETMAR [EC:2.1.1.43]	0	0	0	0	0	0	0	0	0	0	0	0	0	0	0	0.0868282	0	0	0	0	0	0	0	0	0	0	0	0	0	0	0	0	0	0	0	0	0	0	0	0	0	0
K11437	protein arginine N-methyltransferase 6	0	0	0	0	0	0	0	0	0	0	0	0	0	0	0	0.0295041	0	0	0	0	0	0	0	0	0	0	0	0	0	0	0	0	0	0	0	0	0	0	0	0	0	0
K11440	choline dehydrogenase [EC:1.1.1.1]	0	0	0.0517359	0	0	0	0	0	0	0	0	0	0	0	0	0	0	0	0	0	0	0	0	0	0	0	0	0	0	0	0	0	0	0	0	0	0	0	0	0.0758202	0	0
K11442	putative uridylyltransferase	0	0	0	0	0	0	0	0	0	0	0	0	0	0	0	0	0	0	0	0	0	0	0	0	0	0	0	0	0	0	0	0	0	0	0	0	0.0647705	0	0	0	0	0
K11451	chromobox protein 2	0	0	0	0	0	0	0	0	0	0	0	0	0	0	0	0.0801054	0	0	0	0	0	0	0	0	0	0	0	0	0	0	0	0	0	0	0	0	0	0	0	0	0	0
K11456	polyhomeotic-like protein 1	0	0	0	0	0	0	0	0	0	0	0	0	0	0	0	0.0210628	0	0	0	0	0	0	0	0	0	0	0	0	0	0	0	0	0	0	0	0	0	0	0	0	0	0
K11470	polycomb group RING finger protein 6	0	0	0	0	0	0	0	0	0	0	0	0	0	0	0	0.0206883	0	0	0	0	0	0	0	0	0	0	0	0	0	0	0	0	0	0	0	0	0	0	0	0	0	0
K11471	additional sex combs-like protein	0	0	0	0	0	0	0	0	0	0	0	0	0	0	0	0.1149063	0	0	0	0	0	0	0	0	0	0	0	0	0	0	0	0	0	0	0	0	0	0	0	0	0	0
K11472	glycolate oxidase FAD binding subunit	0	0	0.738095	0	0	0	0.0910497	0	0	0	0.935397	0	0	0.601613	0	0	0.316822	0	0	0	0	0.047311	0.0817919	0	0	0	0.205666	0	4.03279	0.0168893	0	0	17.22748	0.252682	0	0	0	0	0	0	0	0.618602
K11473	glycolate oxidase iron-sulfur subunit	0	0	2.24795	1.071826	0	0.014317	0.0612424	0.0789493	0	0.0153378	0	0	0.617784	1.31198	3.36172	1.624697	0.351367	0	0	0	0	0.42979	0.2794168	0	0	0	0	0	3.65701	0.3526563	0.421793	0.118687	5.03795	0.479636	0.1834221	0	0	0.0153624	0.0442481	0.126511	0	0.18125
K11474	GntR family transcriptional regulator, glc operon transcriptional	0	0	4.37149	0	0	0.0409326	0.160425	0	0	0.0381087	0.436998	0.0683547	5.82341	5.16204	25.5187	0	0.778232	0	0	0	0	0.0555731	0.0400315	0	0	0	0.153848	0	1.486	0.038807	0.0382786	0.0630201	16.87972	0.57713	0	0.719216	0	0.0594291	0	0	0	0.522954
K11476	GntR family transcriptional regulator, gluconate operon	0	0	0	0	0	0	0	0	0	0	0	0	0	0	0	0	0	0	0	0	0	0	0	0	0	0	0	0	0	0	0	0	0	0	0	0	0.0971298	0	0	0	0	0
K11477	glc operon protein GlcG	0	0	4.84567	0.0166481	0	0	0.257938	0.20744	0	0.0292713	1.2045	0.0659422	10.3587	8.22208	41.7678	0	0.866268	0	0	0	0	0.0670146	0.321822	0.0203215	0	0	0.337315	0	2.62636	0	0.0714201	0.066674	16.91286	0.629669	0	0.818198	0	0.137795	0	0	0	0.697002
K11518	mitochondrial import receptor subunit TOM40	0	0	0	0	0	0	0	0	0	0	0	0	0.00522901	0	0	0.0263572	0	0	0	0	0	0	0	0	0	0	0	0	0	0	0	0	0	0	0	0	0	0	0	0	0	0
K11527	two-component system, unclassified family, sensor histidine kinase	0.218307	0.176143	0	0	0	0.0604303	0	0.0816316	0	0.0796235	0	14.73127	0.249313	0	0	2.67634	0	0.0485357	0	0	0	1.367132	0.319895	0	0	0.0395524	0	4.43364	31.6228	0.539104	0	0.837016	0.619407	0.0433376	0.0800893	0	0.123811	0.2618645	0.272944	0.0531314	0	0.592112
K11529	glycerate 2-kinase [EC:2.7.1.165]	4.57485	3.143406	4.732229	0.121842	1.11285	0.239527	1.470559	3.4787215	2.37504	3.449062	6.14018	0.27566	1.25632	0.273567	0	3.5119511	0.6562538	3.521657	6.94832	1.60171	0.0799434	0.2602667	1.042437	8.392765	1.399387	2.8703	0.316815	0.4530588	0	2.48865	1.111392	0.814677	7.57022	5.9824513	1.3333335	0	4.606694	6.721823	0.437009	0.832148	3.026084	10.167474
K11530	autoinducer 2-degrading protein	0	0	11.693265	0	0	0.39958	3.09391	0	0	1.13252	0	0	11.2633	4.45489	35.428	1.144302	0.3157292	0	0	0	0	0	0.0558262	0	0	0	0.122007	0.118289	0	0	0.495568	0.0602903	3.81678	0.637267	0.647253	0.94702	0	0	0	0	0	0.835457
K11531	lsr operon transcriptional repressor	0	0	8.233638	0	0	0.3182844	4.3936788	0	0	1.18999	0	0	6.66154	6.40204	24.5128	1.01242	0.2702363	0	0	0	0	0	0.219637	0	0	0	0.1897605	0.145213	0	0	0.790109	0	4.4664633	0.3637555	0.747111	0.685088	0	0	0	0	0	0.8461449
K11533	fatty acid synthase, bacteria type [EC:2.3.1.-]	0	2.23311	0	0.0771268	0	0	0.0449278	0	0	0.072118	0	0	0	0	0	0	0	0	0	0.5871987	0	0.0398763	0	0.2382415	0	0	0.724299	0	0	0.0478502	0.2471409	0.0418079	0	0.0525849	0	0.047606	0	0	0	0	0	0.1191068
K11534	DeoR family transcriptional regulator, deoxyribose operon repressor	0	0	1.34035	0.021324	0	0.0964504	0.256634	0	0	0.3032414	0.525262	0.650827	5.433519	3.7678946	28.9912	0.0559449	0.732537	0.0960298	0.209298	0.353698	0.0822925	0.215971	0.188654	0	0.0954881	0.134091	0.2891071	0.8384274	1.16844	0.2609434	0.172627	1.3111007	4.519738	0.768895	0	1.158591	0.502451	1.6711181	0.0869816	0.0554434	0	3.250441
K11535	nucleoside transport protein	0	0.182869	3.21486	0	0	0.143439	1.87089	0.0418623	0	0	0.175013	0	3.22415	4.26817	10.0511	0.395161	0.122372	0	0	0	0	0.0568001	0.098903	0.0127365	0	0	0.0653487	0.0131399	0.410764	0	0.658977	0	3.921206	1.50972	0.246429	1.06283	0	0	0	0.0850185	0	1.3920946
K11537	MFS transporter, NHS family, xanthosine permease	0	0.122148	0	0	0	0.0454807	0.17825	0	0	0.0147455	1.06822	0.0174365	0	0	0	0	0.232805	0.0862893	0	0	0	0.0389854	0.0894814	0	0	0	0.124322	2.897959	3.09426	0	0.0413647	0	2.93003	0.290092	0	0	0	0.111095	0	0	0	0.244657
K11543	kinetochore-associated protein MIS12	0	0	0	0	0	0	0	0	0	0	0	0.0891006	0	0	0	0.0781265	0	0	0	0	0	0	0	0	0	0	0	0	0	0	0	0	0	0	0	0	0	0	0	0	0	0
K11581	shugoshin-like 2	0	0	0	0	0	0	0	0	0	0	0	0	0	0	0	0.0496301	0	0	0	0	0	0	0	0	0	0	0	0	0	0	0	0	0	0	0	0	0	0	0	0	0	0
K11586	chromobox protein 3	0	0	0	0	0	0	0	0	0	0	0	0	0	0.0127326	0	0.02863711	0	0	0	0	0	0	0	0	0	0	0	0	0	0	0	0	0	0	0	0	0	0	0	0	0	0
K11588	methyl CpG binding protein 2	0	0	0	0	0	0	0	0	0	0	0	0.0266864	0	0	0	0	0	0	0	0	0	0	0	0	0	0	0	0	0	0	0	0	0	0	0	0	0	0	0	0	0	0
K11598	20S proteasome subunit beta 11 [EC:3.4.25.1]	0	0	0	0	0	0	0	0	0	0	0	0	0	0	0	0.0832149	0	0	0	0	0	0	0	0	0	0	0	0	0	0	0	0	0	0	0	0	0	0	0	0	0	0
K11600	exosome complex component RRP41	0	0	0.259174	0	0	0	0	1.28469	0.126074	0	0	0	0	0	0	0	0.469426	0	0	0	0	0	0	0	0	0	0	0	0	2.20181	0	0	0	0	0	0	0	0	2.07267	0	0	0
K11601	manganese transport system substrate-binding protein	0	0	0.110535	0	0	0	0.0606774	0.0376963	0	0.229175	0.236122	0	0	0	0	0	0.113211	0	0	0.1074028	0	0	0	0.0553863	0	0	0.0919851	0	0	0	0.1382744	0.0636143	0	0.103946	0	0.133448	0	0	0	0	0	0.0723674
K11602	manganese transport system permease protein	0	0	0.266696	0	0	0	0.156605	0	0	0.295744	0.814881	0	0	0	0.0520785	0	0.0626129	0	0	0.0914747	0	0	0	0	0	0	0	0	0	0	0.061946	0	0	0	0.0518938	0.295219	0	0	0	0	0	0.0811978
K11603	manganese transport system ATP-binding protein	0	0	0	0	0	0	0	0	0	0	0	0	0	0	0	0	0	0	0	0	0	0	0	0	0	0	0	0	0	0	0.116186	0	0	0	0	0	0	0	0	0	0	0.0539942
K11604	manganese/iron transport system substrate-binding protein	0	0	0	0	0	0	0	0	0	0	0	0	0	0	0	0	0	0	0	0	0	0	0	0	0	0	0	0	2.04904	0	0	0	0	0	0	0	0	0	0	0	0	0
K11605	manganese/iron transport system permease protein	0	0	1.37979	0	0	0	0	0	0	0	0.228975	0	0	0	0	0	0.103562	0	0	0	0	0.0600869	0	0	0	0	0	0	0	0	0	0	0	0	0	0	0	0	0	0	0	0
K11606	manganese/iron transport system permease protein	0	0.0905187	1.94399	0	0	0	0	0	0	0	0	0	0	0	0	0	0	0	0	0	0	0	0	0	0	0	0	0	0	0	0.064582	0	0	0.0839089	0	0	0	0	0	0	0	0
K11607	manganese/iron transport system ATP-binding protein	0	0	1.92791	0	0	0	0	0.0393581	0	0	0	0	0	0	0	0	0.0684828	0	0	0	0	0	0	0	0	0	0	0	0	0	0	0	0	0	0	0	0	0	0	0	0	0
K11614	two-component system, CitB family, sensor histidine kinase MalK [EC:2.7.13.3]	0	0	0	0.166441	0	0	0	0	0	0	0	0	0	0	0	0.315526	0	0.0467816	0	0	0	0.161214	0.0688172	0	0	0	0	0	0	0.0580342	0.0763611	0.356866	0.0489731	0	0	0.157358	0	0	0	0	0	0
K11615	two-component system, CitB family, response regulator MalR	0.0408017	0	0.0342474	0	0	0	0	0	0	0.36758	0	0.382165	0.613839	0	0	0.265301	0.104592	0.04934	0.141142	0.485286	0.1461591	0.12946	0	0	0.245308	0.1746888	0.179198	0.786903	0	0.087381	0.0862316	0.998216	0.454532	0.336112	0	0.819107	0.3168915	1.26443	0	0	0	2.56476
K11617	two-component system, NarL family, sensor histidine kinase LiaS [EC:2.7.13.3]	0.216421	0	0.77239	1.028489	1.995102	0.3458931	4.8484624	0.419819	0.772491	37.59605	27.583072	0.6587991	1.0036424	1.77457	0.8393734	1.485903	0	2.5630721	3.6382036	9.754202	0.26217	0.282792	0.181095	16.95876	0.6640395	0	0.5906653	0.0871709	4.36222	0.2064685	1.8932688	0.803592	0.5652191	1.984668	4.690677	1.498894	0.1788809	0.2026803	0	0.4023697	1.3107619	6.0023311
K11618	two-component system, NarL family, response regulator LiaR	0	0	0.0905606	0.2346653	0	0	5.57244	0	0	0.385754	0	0	0	0	0	0	0	0	1.18749	0.0744656	0	0.0496765	0	0.178728	0.298578	0	0	0	0	0.271257	0.125899	0	0	0.104979	0	0.0808684	0	0	0	0	0	0.3123894
K11621	lia operon protein LiaG	0	0	0.0624064	0	0	0	0	0	0	0	0	0	0	0	0	0	0	0	0	0	0	0	0	0	0	0	0	0	0	0	0	0	0	0	0	0	0	0	0	0	0	0
K11624	two-component system, NarL family, response regulator YdfI	0	0	0	0	0	0	0	0	0	0	0	0	0	0	0	0	0	0	0	0	0	0	0	0	0	0	0	0	0	0	0	0	0	0	0	0	0	0	0	0.0713326	0	0
K11629	two-component system, OmpR family, bacitracin resistance sensor histidine kinase BceS [EC:2.7.13.3]	0	0	0	0	0	0	0	0	0	0	0	0	0	0	0	0	0	0	0	0	0	0	0	0.131256	0	0	0	0	0	0	0	0	0	0	0	0	0	0	0	0	0	0
K11630	two-component system, OmpR family, bacitracin resistance response regulator BceR	0	0	0.0685784	0	0	0	0	0	0	0	0	0	0	0	0	0	0	0	0	0	0	0	0	0	0	0	0	0	0	0	0	0	0	0	0	0	0	0	0	0.112486	0	0
K11632	bacitracin transport system permease protein	0	0	0.050176	0	0	0	0	0	0	0	0	0	0	0	0	0	0	0	0	0	0	0	0	0	0	0	0	0	0	0	0	0	0	0	0	0	0.119182	0	0.0485712	0.0832811	0.0570438	0
K11633	two-component system, OmpR family, sensor histidine kinase YxdK [EC:2.7.13.3]	0	0	0	0	0	0	0	0	0	0	0	0	0	0	0	0	0	0	0	0	0	0	0	0	0	0	0	0	0	0	0	0	0	0	0	0	0	0	0	0.0847721	0	0
K11635	putative ABC transport system ATP-binding protein	0	0	0.0693404	0	0	0	0	0	0	0	0	0	0	0	0	0	0	0	0	0	0	0	0	0	0	0	0	0	0	0	0	0	0	0	0	0	0	0	0	0.0657222	0.0545756	0
K11636	putative ABC transport system permease protein	0	0	0.0479211	0	0	0	0	0	0	0	0	0	0	0	0	0	0	0	0	0	0	0	0	0	0	0	0	0	0	0	0	0	0	0.0478924	0	0	0	0.219091	0	0.0408326	0	0
K11637	two-component system, CitB family, sensor histidine kinase CitS [EC:2.7.13.3]	0	0	0.061763	0	0	0	0	0	0	0	0	0	0	0	0	0	0	0	0	0	0	0	0	0	0	0	0	0	0	0	0	0	0	0	0	0	0	0	0	0	0	0
K11638	two-component system, CitB family, response regulator CitT	0	0	0	0	0	0	0	0	0	0	0	0	0	0	0	0	0	0	0	0	0	0	0	0	0	0	0	0	0	0	0	0	0	0	0	0	0	0	0	0	0	0.0637559
K11639	Mg2+/citrate complex secondary transporter	0	0	0.0456234	0	0	0	0	0	0	0	0	0	0	0	0	0	0	0	0	0	0	0	0	0	0	0	0	0	0	0	0	0.0475944	0	0	0	0	0	0	0	0.0458168	0.0444584	0
K11645	fructose-bisphosphate aldolase, class I [EC:4.1.2.13]	6.2065462	3.54812412	0.9609967	8.176384	1.17577	1.0215809	3.7992587	0.570844	0.6824977	4.1126075	2.9116242	4.363588	9.074195	2.2503954	7.846149	16.925777	1.3341613	2.1037281	0.1284823	2.900352	1.948047	4.0066609	3.8387206	0.781584	5.41625	4.61308	3.1393298	34.7823018	5.5411738	3.7253156	1.3005454	2.9277404	12.562229	8.3433007	0.4060752	0.339761	4.097679	5.0742075	1.3268803	1.4135048	1.71571	0.882108
K11646	3-dehydroquinate synthase II [EC:1.4.1.24]	0	0	0.29794	0.327893	0	0	0	6.54166	0.338699	0	0	0	0	0	0	0.509542	4.608682	0	0	0	0	0.235636	0.0688791	0	0	0	0	0	0	7.3357744	0.174697	0.0407719	0	0	0.103713	0	0	0	8.08532	3.1355	0	0
K11685	DNA-binding protein StpA	0	0	3.46539	0	0	0.0658132	0.193454	0	0	0.0201234	0	0	9.43723	3.02919	0.487853	0	0.433134	0	0	0	0.0245598	0.134029	0.0309751	0	0	0.0520299	0.505972	0	0	0	0	0	4.9339	0.66281	0	1.34184	0	0	0	0	0	0.896145
K11686	chromosome-anchoring protein RacA	0	0	0	0	0	0	0	0	0	0	0	0	0	0	0	0	0.0365243	0	0	0	0	0	0	0	0	0	0	0	0	0	0	0	0	0	0	0	0	0	0	0	0	0
K11688	C4-dicarboxylate-binding protein DctP	0	0	0	0	0	0	0	0	0	0	0	0	0	0	0	0	0	0	0	0	0	0	0	0	0	0	0	0	0	0	0	0	10.1867	0	0	0	0	0	0	0	0	0
K11689	C4-dicarboxylate transporter, DctQ subunit	0	0	0	0.610607	0	0	0	0.0740858	0	0	0	0.5770032	0.476628	0	0	0.0536563	0.360945	0	0	0	0	0	0.91949	0	0.317864	0	0	0	0	0	0	0	12.915627	0.0512171	0	0	0	0	0	0	0	0.0769418
K11690	C4-dicarboxylate transporter, DctM subunit	0	0	0	0	0	0	0	0	0	0	0	0	0	0	0	0	0	0	0.060457	0	0	0	0	0	0	0	0	0	0	0	0	0	6.91337	0	0	0	0	0	0	0	0	0
K11692	two-component system, CitB family, response regulator DctR	0	0	0	0	0	0	0	0	0	0	0	0	0	0	0	0	0	0	0	0	0	0	0	0	0	0	0	0	0	0	0	0	0	0	0	0	0	0	0	0.067233	0	0
K11693	peptidoglycan pentaglycine glycine transferase (the first glycine) [EC:2.3.2.16]	0	0	0	0	0	0	0	0	0	0	0	0	0	0	0	0	0	0	0	0	0	0	0	0	0	0	0	0	0	0	0	0	0	0	0	0	0.0693225	0	0	0	0	0
K11704	iron/zinc/manganese/copper transport system substrate-binding protein	0	0	0	0	0	0	0	0	0	0	0	0	0	0	0	0	0	0	0	0	0	0	0	0	0	0	0	0	0	0	0	0	0	0	0.254077	0	0	0	0	0	0	0
K11705	iron/zinc/manganese/copper transport system permease protein	0	0	0	0	0	0	0	0	0	0	0	0	0	0	0	0	0	0	0	0	0	0	0	0	0	0	0	0	0	0	0	0	0	0	0	0	0	0.218327	0	0	0	0
K11706	iron/zinc/manganese/copper transport system ATP-binding protein	0	0	0	0	0	0	0	0	0	0	0	0	0	0	0	0	0	0	0	0	0	0	0	0	0	0	0	0	0	0	0	0	0	0	0.435486	0	0.106123	0.356336	0	0	0	0
K11707	manganese/zinc/iron transport system substrate-binding protein	0	0	0.0372575	0	0	0	0.0806448	0	0	0	0	0	0	0	0	0.2457139	0	0	0	0.0753509	0	0	0.0425756	0	0	0	0	0	3.51455	0	0.0613777	0	0	0	0.215165	0	0	0	0.0482875	0.0571218	0.0627049	0.254558
K11708	manganese/zinc/iron transport system permease protein	0	0	0.447289	0	0	0	0.0988903	0	0	8.12598	3.01318	0	0	0	0	0.575877	0	0.462244	1.45335	0.435685	0	0	0.0480022	0.0801381	0	0	0	0.234098	0.995241	0	0.0660126	0	0	0	0.4178287	0.0683382	0.977293	0.038423	0.0519889	0.054017	0.0344632	1.70421
K11709	manganese/zinc/iron transport system permease protein	0	0	0.0719316	0	0	0.0307495	0	0	0	0	0	0	0.0698261	0	0	0.3165163	0	0	0	0	0	0	0.0404134	0.0743665	0	0	0	0	3.19152	0.0573133	0	0	0	0	0.134311	0	0	0	0	0.0839035	0.0922812	0.2266765
K11710	manganese/zinc/iron transport system ATP- binding protein	0	0	0	0	0	0	0	0	0	0	0	0	0	0	0.0503654	0.3726688	0	0	0	0	0	0	0.1027374	0.0388662	0	0	0	0	2.01914	0.0824697	0	0	0	0	0.2765554	0.062674	0	0	0	0	0	0.192667
K11716	cyclin-dependent kinase 5 activator 1	0	0	0	0	0	0	0	0	0	0	0	0	0	0	0	0.111646	0	0	0	0	0	0	0	0	0	0	0	0	0	0	0	0	0	0	0	0	0	0	0	0	0	0
K11717	cysteine desulfurase / selenocysteine lyase [EC:2.8.1.7 4.4.1.16]	4.845328	4.1611324	7.6256544	4.6701593	0.9037623	1.8308649	3.9121316	1.4663475	2.0864559	15.5589665	9.8519997	6.5873056	3.589338	4.998975	7.8141582	13.3994714	2.2930553	2.4214432	2.5479567	5.9531116	2.681641	4.1848407	3.2014354	1.0800433	2.9371938	2.4451371	3.2170324	11.5879994	6.060759	3.2278259	20.3037974	5.3952545	8.8154634	5.2786157	2.6672219	8.1136588	1.9120615	1.105245	3.2690834	2.1729646	2.159715	11.2004527
K11719	lipopolysaccharide export system protein LptC	0	0.403145	3.0445919	0.02522	0	0.236371	1.0036	0	0	1.92578	1.505635	0	6.01043	4.42352	13.7758616	0	0.540146	0	0.427926	0	0	0	0.0963198	0	0	0	0.262488	0.371943	2.42368	0.0579792	0.29926	0.0323845	21.7776	2.44003	0.1076602	1.54766	0	0.165357	0	0	0	1.774534
K11720	lipopolysaccharide export system permease protein	1.3062091	2.456719	5.6427035	0.0901398	0	0.9902443	5.181419	2.3563521	0.1758768	8.035082	6.18458	29.7987441	20.209635	8.000666	31.3302827	23.0046214	0.9847155	1.209624	0.3530558	1.738822	0.744396	5.857243	1.926805	0.1746415	1.788735	4.007833	1.359672	27.0628233	54.4330447	3.3165283	2.14262	3.7975032	8.2844932	6.015809	4.0769417	1.14495	2.0991697	7.273298	6.3254051	1.0297853	0	3.810726
K11732	phenylalanine-specific permease	0	0.246846	2.26335	0.0243988	0	0	1.286439	0.0790369	0	0.344617	0.644584	0	5.17726	3.47283	18.2849	0	0.322556	0.0393107	0	0	0	0.124332	0.11357	0	0	0	0.196286	0.299048	1.51807	0	0.542136	0	6.35809	1.51741	0	2.28489	0	0.0237492	0	0	0	1.719799
K11733	lysine-specific permease	0	0.390318	16.468702	0.0872739	0	1.106968	2.7390651	0	0	11.591012	3.833821	0.00923388	1.97656	3.94195	7.03572	1.3297344	0.236911	2.9059598	3.100961	0.8749985	0.0105618	41.6383288	76.073968	0.412662	0.261054	0.0489175	0.1027873	0.242246	0.396378	0.0129276	1.0501184	0	3.8830335	1.41495	0.4218365	0.8664932	0.993831	0.0155046	0	0	0.033453	4.8872106
K11734	aromatic amino acid transport protein AroP	0	0.480009	4.15863	0.394452	0	0.172068	2.968073	0.00951097	0	0.366937	0.157149	0.0169571	7.11079	6.39243	25.2558	0.887186	0.608398	0	0	0	0	0.1851351	0.2380242	0	0	0	0.192025	0.152793	0.821814	0.0519463	0.96527038	0.041468	17.3469517	2.0019206	0.3506658	2.99518	0	0	0	0	0	2.0025588
K11735	GABA permease	0	0	1.2531221	0.00871772	0	0.0143707	0.0856853	0	0	0.0150546	0.0761147	0.0137681	2.53897	1.67596	6.81565	0	0.294296	0	0	0	0	0.0157308	0.0579532	0	0	0	0.0151752	0.266646	0	0.0156613	0	0	13.71428	0.0327459	0	0.920619	0	0	0	0	0	0.290915
K11736	proline-specific permease ProY	0	0.132926	1.24201	0	0	0.205666	2.99766	0.115245	0	0.0951384	1.53072	0	1.21143	2.60754	0	0.130195	0	0.0993249	0	0	0	0	0.200726	0	0	0	0.252986	0.211209	4.00109	0.128159	0.528211	0	7.03088	1.45058	0.155485	0.0477282	0	0	0	0	0	1.58347
K11737	D-serine/D-alanine/glycine transporter	0	0.193691	5.04021	2.8594505	0	0.175741	3.4299311	0.060017	0	0.5131246	0.352624	0	0.9506717	3.7227	5.39086	1.1844	0.517083	0.0462456	0.1137524	0	0.897125	0.120911	0.2717642	0.1954492	0	0.0349778	0.2502026	0.161245	0.867199	0.112353	1.389445	0.1517319	4.77528	2.084654	0.3705554	1.744318	0.0780164	0	0.0401747	0	4.29237	2.0934187
K11738	L-asparagine permease	0	0.167388	1.7981977	0	0	0.1744534	2.0172088	0	0	0.68258164	0.278708	0	1.3359	2.8014	4.4400778	0.0678413	0.123632	0	0	0	0	0.00840426	0.0331099	0.123499	0.0403358	0	0.1501697	0.0291325	0.8615303	0.00895331	0.449809	0	3.7803964	1.2743586	0.079537	0.355965	0	0	0	0	0	1.374587
K11739	bacteriophage N4 adsorption protein A	0	0	1.98892	0	0	0.0614238	0.197839	0.0124475	0	0.0137473	0.917282	0	0	0.533915	0.55707	0	0.156767	0	0	0	0	0	0.00774795	0	0	0	0.0357662	0	3.04454	0	0.0304393	0	2.61481	0.330735	0	0.0166847	0	0	0	0	0	0.177048
K11740	bacteriophage N4 adsorption protein B	3.14236	0.764623	0.0272126	4.95259	0.625673	0.33442244	0.5164306	0.00701283	0	0.24444095	0.983308	0.57158795	0.2468525	0.0376437	0	0.115904	0.0110648	0.1360761	0.100065	0.836838	0.83059	0.9102449	1.0010364	0.130401	2.3348	0.196599	1.193158	0.5135498	3.228132	0.181203	0.29406873	0.184059	7.58983	1.9452242	0	0.0187888	0.8873	0.71933643	0.226411	0.477131	0.943119	0.108357
K11741	quaternary ammonium compound-resistance protein SugE	0.796627	1.226146	5.52742	2.139458	0.298627	1.379255	0.685149	0	0	1.134984	0.9676952	0.983348	6.503456	22.96838	11.9892616	1.00629	0.533934	0.152348	0.242116	0	0.609253	1.131101	1.7910904	0	0.302977	0.496371	0.661168	0.5939263	2.20084	0.438509	0.43376	1.404621	44.454958	1.25756	0.307175	7.314452	0	0	0	0	3.0822393	1.7959514
K11742	spermidine export protein MdtI	0	0.552379	6.15742	0.23337	0	0.466177	3.151685	0.0979579	0	0	0.383934	0	4.2314	7.49807	20.4681	1.395915	0.767008	0	0	0	0	0.7278523	0.3647308	0	0	0	0.477863	0.231649	1.51152	0.244112	0.741976	0	11.359574	1.9718591	0.375275	1.205474	0	0	0.0638371	0	0	2.44504
K11743	spermidine export protein MdtJ	0	0.297054	5.92323	0.464283	0	0.354557	0.7893998	0.0816316	0	0.055191	0.959836	0	0.600198	3.099007	0	2.07561	0.2142584	0	0	0	0	0.389743	0.151971	0	0	0	0.159287	0	4.48935	0.291393	0.3951133	0.0894836	5.490899	0.119026	0.7813969	0.27046	0	0	0	0	0	0.592164
K11744	AI-2 transport protein TqsA	0	0.332663	1.301937	0	0	0.0568894	0.0966927	0.020175	0	0	0.321978	0	0.208492	0.75772	0.696638	0.0514688	0	0.00870429	0	0	0	0	0	0	0	0	0.0874731	0.122499	3.6655	0	0.1218167	0	2.31734	0	0.0331854	0	0	0.0241575	0	0	0	0.196763
K11745	glutathione-regulated potassium-efflux system ancillary protein KefC	0	0.1583	4.6642825	0	0	0.29294967	3.4087143	0.03564463	0	0.01279755	0.3587973	0	3.80301	4.87581	9.403573	0.32169	0.1433463	0.01268289	0	0	0	0.07255058	0.2156916	0	0	0	0.05748127	0.0592731	2.59014	0.00891714	0.47124	0	7.8168786	2.189426	0.141957	0.8865327	0	0.01427444	0	0	0	2.064562
K11746	glutathione-regulated potassium-efflux system ancillary protein KefF	0	0.332139	6.815566	0	0	0.1101205	2.664336	0.0701911	0	0.226632	1.1418286	0	7.23073	4.79003	26.4525	0.632377	0.280764	0	0.0454965	0	0	0.0118919	0.086157	0	0	0	0.0903046	0.299404	0.8422771	0.01541116	0.6982338	0	7.76879	1.5061433	1.13269	1.379979	0	0.0461126	0.0158717	0	0	2.1411238
K11747	glutathione-regulated potassium-efflux system protein KefB	0	0.278373	9.78356	0	0	0.71504604	3.64332	0.0185236	0	0.00751102	3.1523714	0.164855	16.533	15.80625	61.526883	0.368887	0.8007343	0.177932	0	0	0	0.35335992	0.5032309	0	0	0	1.5698616	1.6618402	1.9274436	0.19991479	0.950485	0	21.07209	3.175642	0.141027	6.3715929	0	0.545711	0	0	0	3.61515987
K11748	glutathione-regulated potassium-efflux system ancillary protein KefG	0	0.446367	0.389824	0	0	0	2.082485	0.1315852	0	0.69007	1.73821	0	0	1.47276	0	0	0.365654	0.12961	0	0	0	0	0.204141	0	0	0	0.299239	0.0911146	4.02563	0	0.52049	0.0419799	12.383295	2.5173378	0	0.88659	0	0.131111	0	0	0	2.478724
K11749	regulator of sigma E protease [EC:3.4.24.-]	7.21191	3.6218557	11.7654288	8.6363251	7.174881	2.9720727	21.9836308	19.4897818	24.5705776	15.7715271	5.7126558	21.1481736	14.7483087	12.4156012	14.1600498	13.6832229	3.3591861	12.6014378	21.3951387	5.6165272	7.1286306	6.6168418	3.8426704	8.6069233	6.2145042	10.2328573	3.908316	32.5185493	58.5660262	8.0977818	5.1799326	10.2817993	25.0274011	11.1663793	15.5059414	3.657139	20.4670318	18.9129663	7.4575488	14.113905	10.8167512	16.663779
K11750	esterase FrsA	0	0.239387	6.975838	0	0	0.2988636	3.003404	0.1610267	0	0	0.792412	0.0221966	0.0891551	3.302339	0	0.557878	0.327817	0	0	0	0	0.0172969	0.1542964	0.0143185	0	0	0.102119	0.0542662	4.01374	0	0.790024	0	8.2621156	2.245834	0.339667	0.129567	0	0.0161036	0	0	0	2.303334
K11751	5'-nucleotidase / UDP-sugar diphosphatase [EC:3.1.3.5 3.6.1.45]	0.691597	0.5729496	4.446679	0.765639	0.13743	1.2224185	1.002694	2.8467044	2.168238	0.8681689	5.847905	2.9186824	1.359646	0.792999	5.26861	4.552724	1.967068	0.8188668	0.7355628	0.9782186	1.05904	2.6944455	1.8542471	0	0	1.761065	0.472947	1.122179	2.9149	2.1992399	1.0374167	1.544435	4.349917	0.4229078	8.087306	1.662973	0.576922	3.3815572	7.8818403	2.29618	0.97828	0.6488092
K11752	diaminohydroxyphosphoribosylaminopyrimidine deaminase / 5-amino-6-(5-phosphoribosylamino)uracil reductase [EC:3.5.4.26 1.1.1.193]	7.061673	35.940034	21.0266843	9.7731027	88.8354736	21.49986	22.288531	30.0844936	39.764265	14.8011362	5.306509	5.0538954	27.7570096	5.0240244	0.6633852	7.508074	8.860768	16.30596	21.984831	22.003978	20.8539263	24.5280216	51.8497573	0.957163	1.0770774	30.8257947	28.5481725	7.0537066	6.2185586	7.0798559	18.9932188	18.3871421	29.2341937	3.626295	27.119869	5.3363204	48.5233144	24.1117951	18.5967565	24.9297851	39.0301258	12.1667191
K11753	riboflavin kinase / FMN adenylyltransferase [EC:2.7.1.26 2.7.7.2]	1.87821	2.2355198	4.9398575	5.7424949	2.194164	4.1379279	4.1802409	5.7367105	5.1269779	5.4434412	5.5144331	2.7420941	13.6912113	5.9794526	22.5377008	7.8748569	4.6954484	5.2816397	6.7821919	4.371249	4.2781322	4.9570718	4.2128387	4.561201	1.9180948	5.8179018	4.1899274	23.6502431	2.2698293	6.1737173	5.8895674	4.0523604	17.404811	5.1518251	2.2890443	3.5812946	3.645096	2.8751431	3.6009415	6.2828139	2.4636488	4.8689958
K11754	dihydrofolate synthase / folylpolyglutamate synthase [EC:6.3.2.12 6.3.2.17]	24.4250971	15.7633116	24.0931295	14.3747859	12.1693008	19.1228097	27.8229202	22.3075995	22.999854	49.6721378	59.4910304	5.8335716	29.2316015	18.565156	10.4377623	19.2783661	29.6205955	16.4052744	15.8731951	36.4998569	59.0746539	41.767733	70.8763452	35.5044145	7.835704	15.693102	11.8416071	27.2142749	8.7264157	15.8704653	19.1229723	32.543624	30.7923942	41.366209	20.4349984	14.2504448	14.9698149	21.6670192	31.3046531	41.38885	46.6520981	24.2013947
K11755	phosphoribosyl-ATP pyrophosphohydrolase / phosphoribosyl-AMP cyclohydrolase [EC:3.6.1.31 3.5.4.19]	5.126246	4.4751809	2.426843	4.7206267	1.66052	4.2809968	12.4047879	5.6351401	5.353748	13.075048	4.1782287	36.955949	17.5544031	5.0711702	25.7597056	26.9458136	4.2269333	6.5563978	4.5952744	4.613452	3.47645	11.2581443	4.8235902	3.0514146	7.539243	10.157466	5.1956312	45.7245265	59.4007519	11.6450357	1.2659717	4.468454	13.326567	7.788639	1.3782832	3.6172551	2.9876233	5.9370021	3.8317221	7.0002876	2.815775	4.0451978
K11780	FO synthase subunit 1 [EC:2.5.1.77]	0	0	0.321844	0	0	0	0	7.21039	0.498318	0	0	0	0	0	0	0	5.95598	0	0	0	0	0	0	0	0	0	0	0	0	8.73503	0	0	0	0	0	0	0	0	8.09589	3.66755	0	0
K11781	FO synthase subunit 2 [EC:2.5.1.77]	0	0	0.316192	0	0	0	0	1.51835	0	0	0	0	0	0	0	0	0.705659	0	0	0	0	0	0	0	0	0	0	0	0	2.56318	0	0	0	0	0	0	0	0	1.79453	0	0	0
K11782	chorismate dehydratase [EC:4.2.1.151]	0	0	0	0.5679	0	0	0	0	0	0	0	0.0796177	0	0	0	0.965803	0	0	0	0	0	0.195579	0	0	0	0	0.0492219	0	0.0528504	0.0660046	0.351736	0.0364847	0	0	0.0329023	0	0	0	0	0	0	0
K11783	futalosine hydrolase [EC:3.2.2.26]	0	0	0	0.68939	0	0	0	0	0	0	0	0	0	0	0	0.804844	0	0	0	0	0	0.177156	0	0	0	0	0	0	0	0.147168	0.159755	0.0813487	0	0	0.096567	0	0	0	0	0	0	0
K11784	cyclic dehypoxanthinyl futalosine synthase [EC:1.21.98.1]	0	0	0	0.239134	0	0	0	0.19468	0.0641172	0.74286	0.226081	10.2855	6.25564	0	0	5.568531	0.144927	0	0	0.561403	0.164325	0.2924327	0.181215	0	0	0	0	0	0	0.0463225	1.24319	0.9606654	0.600496	0	0	0	0	0.341844	0.0419021	0	0	0
K11785	1,4-dihydroxy-6-naphthoate synthase [EC:1.14.-.-]	0	0	0	0.124596	0	0	0	0	0	0	0	0	0	0	0	0.51269	0	0	0	0	0	0.120683	0	0	0	0	0	0	0.077514	0.0781986	0.38585	0.0480279	0	0	0.12217	0	0	0	0	0	0	0
K11806	WD repeat and SOF domain-containing protein 1	0	0	0	0	0	0	0	0	0	0	0	0	0	0	0	0.0332584	0	0	0	0	0	0	0	0	0	0	0	0	0	0	0	0	0	0	0	0	0	0	0	0	0	0
K11811	arsenical resistance protein ArsH	0	0	0	0	0	0	0.305989	0	0	0	0	0	0	0	0	0	0	0	0	0	0	0	0	0	0	0	0	0	0	0	0	0	0	0	0	0	0	0	0	0	0	0
K11814	multidrug resistance protein EbrA	0	0	0	0	0	0	0	0	0	0	0	0	0	0	0	0	0	0	0	0	0	0	0	0	0	0	0	0	0	0	0	0	0	0	0	0	0	0	0	0.313821	0.13957	0
K11815	multidrug resistance protein EbrB	0	0	0	0	0	0	0	0	0	0	0	0	0	0	0	0	0	0	0	0	0	0	0	0	0	0	0	0	0	0	0	0	0	0	0	0	0	0	0	0.215047	0	0
K11832	ubiquitin carboxyl-terminal hydrolase 1 [EC:3.4.19.12]	0	0	0	0	0	0	0	0	0	0	0	0	0	0	0	0.0729339	0	0	0	0	0	0	0	0	0	0	0	0	0	0	0	0	0	0	0	0	0	0	0	0	0	0
K11834	ubiquitin carboxyl-terminal hydrolase 44/49	0	0	0	0	0	0	0	0	0	0	0	0	0	0	0	0.0272172	0	0	0	0	0	0	0	0	0	0	0	0	0	0	0	0	0	0	0	0	0	0	0	0	0	0
K11850	ubiquitin carboxyl-terminal hydrolase 26/29/37	0	0	0	0	0	0	0	0	0	0	0	0	0	0	0	0.1342069	0	0	0	0	0	0	0	0	0	0	0	0	0	0	0	0	0	0	0	0	0	0	0	0	0	0
K11863	Ataxin-3 [EC:3.4.22.-]	0	0	0	0	0	0	0	0	0	0	0	0	0	0	0	0.0835801	0	0	0	0	0	0	0	0	0	0	0	0	0	0	0	0	0	0	0	0	0	0	0	0	0	0
K11885	DNA damage-inducible protein 1	0	0	0	0	0	0	0	0	0	0	0	0	0	0	0	0.0388586	0	0	0	0	0	0	0	0	0	0	0	0	0	0	0	0	0	0	0	0	0	0	0	0	0	0
K11890	type VI secretion system protein ImpM	0	0	0	0	0	0	0	0	0	0	0	0	0	0	0	0	0	0	0	0	0	0	0	0	0	0	0	0	0	0	0	0	7.91621	0	0	0	0	0	0	0	0	0
K11891	type VI secretion system protein ImpL	0	0	0.0785828	0.0125412	0	0	1.4332724	0	0	0	0.0807976	0	0	0	0.0312727	0	0	0	0	0	0	0	0	0	0	0	0.027369	0	3.92916	0	0.00990838	0	6.0267	0.0100983	0	0	0	0	0	0	0	0.323993
K11892	type VI secretion system protein ImpK	0	0	0.227345	0	0	0	0	0	0	0	0	0	0	0	0	0	0	0	0	0	0	0	0	0	0	0	0	0	0	0	0	0	9.67279	0	0	0.0477806	0	0	0	0	0	0
K11893	type VI secretion system protein ImpJ	0	0	0	0	0	0	0.138414	0	0	0.0106709	0	0	0.934399	0.264369	3.5241	0	0	0	0	0	0	0	0	0	0	0	0	0	0	0	0	0	9.33367	0	0	0	0	0	0	0	0	0
K11894	type VI secretion system protein ImpI	0	0	0	0	0	0	0	0	0	0	0	0	0	0	0	0	0	0	0	0	0	0	0	0	0	0	0	0	0	0	0	0	8.7911	0	0	0	0	0	0	0	0	0
K11895	type VI secretion system protein ImpH	0	0.0213505	0.0936095	0	0	0	0	0	0	0	0.0719877	0	0	0	0	0	0	0	0	0	0	0	0	0	0	0	0	0	0	0	0	0	19.736041	0	0	0	0	0	0	0	0	0
K11896	type VI secretion system protein ImpG	0	0	2.08444	0	0	0	0	0	0	0	0	0	0	0	0	0	0	0	0	0	0	0	0	0	0	0	0	0	0	0	0.110376	0	13.973224	0	0	0	0	0	0	0	0	0
K11897	type VI secretion system protein ImpF	0	0	0	0	0	0	0	0	0	0	0	0	0	0	0	0	0	0	0	0	0	0	0	0.0505486	0	0	0	0	0	0	0	0	0	0	0	0	0	0	0	0	0	0
K11898	type VI secretion system protein ImpE	0	0	0	0	0	0	0.124009	0	0	0	0	0	0	0	0	0	0	0	0	0	0	0	0	0	0	0	0	0	0	0	0.192285	0	0	0	0	0	0	0	0	0	0	0.0221831
K11900	type VI secretion system protein ImpC	0	0	0.156738	0	0	0	0.82746	0	0	0	0.199446	0	0	2.9567	0	0	0	0	0	0	0	0	0	0	0	0	0.0429769	0	0	0	0	0	0	0	0	0	0	0	0	0	0	0.410795
K11901	type VI secretion system protein ImpB	0	0.0464584	0	0	0	0	0.279354	0.118737	0	0.9466454	0	0	0	0	0	0	0	0	0	0	0	0	0	0	0	0	0	0	0	0.0530312	0.0949636	0	0	0.0799763	0	0	0	0.354927	0	0	0	0.170987
K11902	type VI secretion system protein ImpA	0	0	0	0	0	0	0	0	0	0	0	0	0	0	0	0	0	0	0	0	0	0	0	0	0	0	0	0	0	0	0	0	8.70254	0	0	0	0	0	0	0	0	0
K11903	type VI secretion system secreted protein Hcp	0	0	11.96278	0	0	0	0.297403	0.0529502	0	0.8022	1.55407	0	0	0	0	2.241721	0.443746	0.284716	0.0452479	0	0	0	0.098576	0	0	0	0	0.501272	0	0	0.683638	0	26.3295833	0.1781061	1.123534	0.0505795	0	0	0	0	0	0.0512945
K11904	type VI secretion system secreted protein VgrG	0	0	1.7599105	0	0	0	2.83027706	0	0	0.0701579	0.1161945	0	0.489345	1.1095644	1.18957	0.4365871	0.03048772	0	0	0	0	0	0.05859553	0	0	0	0.00329953	0	0	0	0.3109432	0	10.496958	0.28526603	0.1411478	0.13004	0	0	0	0	0	0.23295778
K11905	type VI secretion system protein	0	0	3.59155	0	0	0	0.429897	0	0	0.102486	0	0	0	0	0	0.782944	0	0	0	0	0	0.0581249	0.0558262	0	0	0	0	0	0	0	0.61946	0	3.43894	0	0	0	0	0	0	0	0	0.201514
K11906	type VI secretion system protein VasD	0	0	3.51906	0	0	0	0.395437	0	0	0.0389723	0.194397	0	1.1966	0.214896	4.62321	0.297397	0.0951327	0	0	0.0352918	0	0	0.0554675	0	0	0	0	0	2.82583	0	0.3188988	0	0.337543	0.1300128	0.315686	0.120081	0	0	0	0	0	0.0861434
K11907	type VI secretion system protein VasG	0	0	0.2240348	0	0	0	0.0214173	0	0	0	0.967867	0	0	0	0	0	0	0	0	0	0	0	0.156127	0	0	0	0	0	0	0	0	0	8.3919	0.0732639	0	0	0	0.0731347	0	0	0	0
K11910	type VI secretion system protein VasJ	0	0	0	0	0	0	0.811043	0	0	0	0.0416189	0	0	0	0	0	0	0	0	0	0	0	0	0	0	0	0	0	0	0	0.0936838	0	10.043	0.0695541	0	0	0	0	0	0	0	0
K11911	type VI secretion system protein VasL	0	0	0.102503	0	0	0	0.6830626	0	0	0.0331765	0	0	0	0	0	0	0	0	0	0	0	0	0	0	0	0	0	0	0	0	0	0	0.0372949	0.411543	0	0	0	0	0	0	0	0
K11912	serine/threonine-protein kinase PpkA [EC:2.7.11.1]	0	0	0	0.307283	0	0	0	0	0	0	0	0	0	0	0	0.464963	0	0	0	0	0	0.13279	0.0483767	0	0	0	0	0	0	0.128571	0.23424	0.0364456	0	0	0.0788017	0	0	0	0	0	0	0
K11913	type VI secretion system protein	0	0	0	0	0	0	0	0	0	0	0	0	0	0	0	0	0	0	0	0	0	0	0	0	0	0	0	0	0	0	0	0	0.534743	0	0	0	0	0	0	0	0	0
K11915	serine/threonine protein phosphatase Stp1 [EC:3.1.3.16]	0	0	0	0	0	0	0	0	0	0	0	0	0	0	0	0	0	0	0	0	0	0	0	0	0	0	0	0	0	0	0	0	8.11406	0	0	0	0	0	0	0	0	0
K11919	type VI secretion system lysozyme-related protein	0	0	0	0	0	0	0	0	0	0	0	0	0	0	0	0	0	0	0	0	0	0	0	0	0	0	0	0	0	0	0	0	10.8824	0	0	0	0	0	0	0	0	0
K11920	AraC family transcriptional regulator	0	0	3.25545	0	0	0	0.194211	0	0	0	0	0	4.64712	3.71713	17.4502	0	0.345905	0	0	0	0	0.0280772	0.0155157	0	0	0	0	0.14333939	0	0	0	0	1.921363	0.3359128	0	0.395462	0	0	0	0	0	0.387223
K11921	LysR family transcriptional regulator	0	0	2.286566	0	0	0	0.120586	0	0	0	0	0	2.197015	2.388093	6.69108	0	0.220898	0	0	0	0	0	0.0483529	0	0	0	0.183499	0.098982	0	0	0.1100624	0.1558029	2.844979	0.157749	0	0.645394	0	0	0	0	0	0.203126
K11922	GntR family transcriptional regulator, mannosyl-D-glycerate	0	0	3.51567	0	0	0.0878658	0.272625	0	0	0	0	0	6.47648	5.1578643	27.6395	0	0.819212	0	0	0	0	0.0596465	0.114575	0	0	0	0	0	3.209658	0	0.050963	0	0	0.516194	0	2.47601	0	0	0	0	0	0.649909
K11923	MerR family transcriptional regulator, copper efflux regulator	0	0	0.108533	0	0	0	0	0	0	0	0	0	0	0	0	0	0	0	0	0	0	0	0	0	0	0	0	0	0	0	0	0	0	0	0	0	0	0	0	0.0953686	0	0
K11924	DtxR family transcriptional regulator, manganese transport regulator	0.254691	0.223184	2.7100098	0.017671	0	0.717503	0.846538	0	0.184868	0.1128921	0.893432	0	0.311641	2.42906	0	0	0.318381	2.8575	0.92004	0	0	0.5529643	0.4218306	0.0252655	0	0	0.2358103	0	3.59782	0.989168	0.3815608	0.6481934	14.2226503	3.503418	0.129798	0.250997	0	0.6084372	0.648708	0.545387	0.853483	1.913076
K11925	SgrR family transcriptional regulator	0	0	5.02713	0	0	0.43994	2.529331	0.0193688	0	0	0.1246175	0	4.05672	3.184	10.3383	0.661565	0.5302316	0	0	0	0	0	0.1028756	0	0	0	0.2209554	0.1323775	0.295999	0	0.290233	0	3.7657442	1.450161	0.0362124	0.360203	0	0	0	0	0	0.5889202
K11926	sigma factor-binding protein Crl	0	0.508213	3.2792336	0	0	0.0665967	2.5359254	0	0	1.215956	0.152355	0	8.48851	8.52842	16.9365	0	0.547863	0	0	0	0	0	0.2616989	0	0	0	0.308431	0.4963903	0.498304	0	0.342221	0.0674678	14.1999705	2.287249	0	1.22535	0	0	0	0	0	2.4106702
K11927	ATP-dependent RNA helicase RhlE [EC:3.6.4.13]	0.8512986	0.916246	2.936933	1.420182	0.2157253	0.0799017	1.4672977	0.124391	0.109115	0.1013535	0.0735122	15.2647949	3.77808	2.41137	9.17444	3.5768464	0.24291	0	0	0.634364	0.0976802	1.4289408	1.014032	0	0	0.328537	0.8122444	3.8156518	28.375219	0.72891	0.4510303	0.836505	5.258851	1.919653	0	0.393995	0.0764137	0.453759	0.3104669	0	0.348451	1.862392
K11928	sodium/proline symporter	47.9129426	73.866341	22.5820792	29.128779	136.2201156	65.090858	35.6579398	23.4928619	21.3335512	8.2843142	5.2678434	3.9859665	31.1872398	6.4525902	13.6619631	2.963746	5.7370264	17.2088455	10.450635	65.413213	24.7462915	32.3758403	79.715313	6.6856307	20.576897	56.5619073	58.3865049	4.8710711	1.067443	10.0943724	37.5845946	18.2821359	45.064331	14.2343919	17.947311	2.583948	59.2924861	45.444766	58.0625317	62.8658709	78.872928	15.0169861
K11929	outer membrane pore protein E	0	0	2.494723	0	0	0.046309	0.725116	0.0263323	0	0.0350601	0.271212	0.036983	5.63432	1.07744	5.41318	0.198208	0.2475504	0	0	0	0	0	0.108695	0	0	0.0338109	0.123421	0.0293471	0.377303	0	0.1722899	0	7.29661	1.4746626	0.0381883	0.469786	0	0	0	0	0	1.149031
K11930	periplasmic protein TorT	0	0	0	0	0	0.0155539	0.160311	0	0	0	0.506671	0	0.877943	0.482843	0	0	0	0.0790338	0	0	0	0	0.0779444	0	0	0	0.105534	0.246543	3.44449	0	0.0828766	0	3.78932	0.211511	0	0	0	0	0	0	0	0.471804
K11931	biofilm PGA synthesis lipoprotein PgaB	0	0	0.789734	0	0	0.0448967	0.309142	0	0	0.891899	1.1134	0	0	0	0	0	0.211758	0	0	0	0	0.0337286	0.0941796	0	0	0	0.0920441	0	3.49746	0	0	0	2.75881	0.235122	0	0	0	0	0	0	0	0.345148
K11932	universal stress protein G	0	0.0971929	3.499825	0	0	0	1.435726	0.0631986	0	1.0049317	0.330266	0.0890876	8.07363	5.53722	31.36661	0	0.593812	0	0	0	0	0.0453282	0.2346163	0.0342903	0	0	0.3391285	0.0896704	1.713008	0.0366532	0.2611054	0.0450978	7.89819	2.170012	0	3.260584	0	0.0350936	0	0	0	2.557762
K11933	NADH oxidoreductase Hcr	0	0	1.21612	0	0	0.0180815	0.719083	0.0430584	0	0	0.234392	0	2.17654	1.65829	6.54694	0	0.28728	0.016522	0	0	0.0148263	0.00885184	0.17116	0	0	0	0.170822	0.0712765	0.81773	0	0	0	4.57308	0.370158	0.0422449	0.57064	0	0.0135082	0	0	0	0.38236
K11934	outer membrane protein X	0	0.0454405	2.84409	0	0	0	0.269567	0	0	0	1.06998	0	4.7819	4.45292	17.7925	0	0.578399	0.0124768	0	0	0.0264937	0.0700357	0.224281	0	0	0	0.282017	0.250636	2.09669	0	0.0497599	0	6.45783	0.438704	0	1.66456	0	0.0480025	0	0.0157577	0	0.439367
K11935	biofilm PGA synthesis protein PgaA	0	0	2.0103396	0.0176004	0	0.0463259	0.4228705	0.0313303	0	1.06156	0.0663332	0	0	0	0	0.232704	0.0590539	0	0	0	0	0.0159546	0.0257493	0	0	0	0.113643	0	3.70594	0	0.191351	0	1.27443	0.1521243	0.0885639	0.190841	0	0	0	0	0	0.3340374
K11936	biofilm PGA synthesis N-glycosyltransferase PgaC	0	0	1.56016	0.0230778	0	0.0188778	0.510366	0.0899613	0	0.0107629	1.20143	0.0643441	0	0.743455	0	0	0.172185	0	0	0	0	0.0334315	0.0488479	0	0	0	0.0804564	0	3.72542	0.0104965	0.108405	0.151234	2.63443	0.359304	0	0.33602	0.0789347	0.0896372	0	0	0	0.424619
K11937	biofilm PGA synthesis protein PgaD	0	0	1.766834	0	0	0	0.342575	0.729913	0	0	1.25069	0.0955412	3.47257	0	0	0	0.557824	0	0	2.46034	0	0	0.710515	43.1629	0.12248	0	1.02399	0	4.54514	0	0	0	3.30569	0.416139	4.94266	0	0	0.0998233	0	0	0.202709	0.609122
K11938	HMP-PP phosphatase	0	0.4203836	7.6860097	0	0	0.3010294	2.156635	0.131782	0	0.321108	1.3730519	0.0521183	4.7525553	2.515157	9.088193	0.291139	0.8749878	0	0	0.015987	0	0.1503549	0.3451757	0	0	0	0.14709609	0.0378575	4.085618	0	0.5538119	0	11.24507	1.0896662	0.219797	1.108405	0	0.0597139	0	0	0	0.9155488
K11939	inner membrane transporter RhtA	1.10275	0.3790248	0.8262162	0.0523956	0.0938483	2.4725538	2.857675	0.2292296	0	0.3703809	1.390863	0	0	2.610919	0	0	0.0223754	0	0.0912751	0	0	0.1297757	0.423855	0.1302947	0	0.1998122	0.0932414	0	2.83589	0.0508749	0.2108161	0	6.359294	1.6767694	0.045065	0.8082402	0	0	0	0	0	1.859174
K11940	heat shock protein HspQ	0	0.107606	7.84537	0	0	0.19979	3.57256	0.157432	0	0.924201	0.63989	0	6.17346	8.48838	8.8859	0.790472	0.602649	0	0	0.0215415	0	0.101719	0.390783	0	0	0	0.102399	0.099278	0	0	1.19246	0	10.649	2.012098	0.463374	0.894173	0	0	0	0	0	2.216656
K11941	glucans biosynthesis protein C	0	0	1.5899	0	0	0	0.145259	0.0134153	0	0.0129735	0.251386	0	0.0812404	0.454735	0	0	0.301324	0.0204798	0	0	0	0	0	0	0	0	0.119466	0.0141443	2.95522	0	0.0542027	0	4.5381	0.329947	0	0	0	0	0	0	0	0.53552
K11959	urea transport system substrate-binding protein	0	0	0	0	0	0	0	0	0	0	0	0	0	0	0	0	0	0	0	0	0	0	0	0	0	0	0	0	0	0	0	0	6.875	0	0	0	0	0	0	0	0	0
K11960	urea transport system permease protein	0	0	0.0472974	0	0	0	0.191682	0	0	0.746366	0	0	0	0	0	0	0	0	0	0	0	0	0	0	0	0	0	0	0	0	0	0	0	0	0	0	0	0	0	0	0	0.118787
K11961	urea transport system permease protein	0	0	0	0	0	0	0	0	0	0	0	0	0	0	0	0	0	0	0	0	0	0	0	0	0	0	0	0	0	0	0	0	11.3545	0	0	0	0	0	0	0	0	0
K11962	urea transport system ATP-binding protein	0	0	0	0	0	0	0.0272397	0	0	0	0	0	0	0	0	0	0	0	0	0	0	0	0	0	0	0	0	0	0	0	0	0	0	0	0	0	0	0	0	0	0	0
K11963	urea transport system ATP-binding protein	0	0	0	0	0	0	0	0	0	0	0	0	0	0	0	0	0	0	0	0	0	0	0	0	0	0	0	0	0	0	0	0	11.4718	0	0	0	0	0	0	0	0	0
K11964	pellino-1	0	0	0	0	0	0	0	0	0	0	0	0	0	0	0	0.05976131	0	0	0	0	0	0	0	0	0	0	0	0	0	0	0	0	0	0	0	0	0	0	0	0	0	0
K11983	RING finger protein 182	0	0	0	0	0	0	0	0	0	0	0	0	0	0	0	0.0511751	0	0	0	0	0	0	0	0	0	0	0	0	0	0	0	0	0	0	0	0	0	0	0	0	0	0
K11990	desert hedgehog	0	0	0	0	0	0	0	0	0	0	0	0	0	0	0	0.030306	0	0	0	0	0	0	0	0	0	0	0	0	0	0	0	0	0	0	0	0	0	0	0	0	0	0
K11991	tRNA-specific adenosine deaminase	10.2447957	10.695068	26.6162843	10.3302683	33.4289919	55.3897088	40.3472819	26.6467268	37.1576799	28.893063	17.530531	19.6789974	52.7153427	9.2709389	22.6046308	24.6115263	9.6598117	19.873873	22.839445	45.1822963	3.486545	60.2761524	97.782858	14.280988	13.3554578	16.118926	7.4812161	31.769807	0.1439603	11.724082	42.2361652	24.8041446	51.49944925	17.0791528	14.0660352	4.7191588	53.7609096	30.7293662	27.4530647	11.7839183	54.962946	29.3381365
K11996	adenylyltransferase and sulfurtransferase [EC:2.7.7.80]	0	0	0	0	0	0	0	0	0	0	0	0	0	0	0	0.0797943	0	0	0	0	0	0	0	0	0	0	0	0	0	0	0	0	0	0	0	0	0	0	0	0	0	0
K11999	tripartite motif-containing protein 6/22/34	0	0	0	0	0	0	0	0	0	0	0	0	0	0	0	0.0844483	0	0	0	0	0	0	0	0	0	0	0	0	0	0	0	0	0	0	0	0	0	0	0	0	0	0
K12001	tripartite motif-containing protein 8	0	0	0	0	0	0	0	0	0	0	0	0	0	0	0	0.0194948	0	0	0	0	0	0	0	0	0	0	0	0	0	0	0	0	0	0	0	0	0	0	0	0	0	0
K12003	tripartite motif-containing protein 13	0	0	0	0	0	0	0	0	0	0	0	0	0	0	0	0.0642058	0	0	0	0	0	0	0	0	0	0	0	0	0	0	0	0	0	0	0	0	0	0	0	0	0	0
K12006	tripartite motif-containing protein 16	0	0	0	0	0	0	0	0	0	0	0	0	0	0	0	0.0965336	0	0	0	0	0	0	0	0	0	0	0	0	0	0	0	0	0	0	0	0	0	0	0	0	0	0
K12008	tripartite motif-containing protein 26	0	0	0	0	0	0	0	0	0	0	0	0	0	0	0	0.0178773	0	0	0	0	0	0	0	0	0	0	0	0	0	0	0	0	0	0	0	0	0	0	0	0	0	0
K12014	tripartite motif-containing protein 38	0	0	0	0	0	0	0	0	0	0	0	0	0	0	0	0.0591704	0	0	0	0	0	0	0	0	0	0	0	0	0	0	0	0	0	0	0	0	0	0	0	0	0	0
K12018	tripartite motif-containing protein 42	0	0	0	0	0	0	0	0	0	0	0	0	0	0	0	0.0417559	0	0	0	0	0	0	0	0	0	0	0	0	0	0	0	0	0	0	0	0	0	0	0	0	0	0
K12019	tripartite motif-containing protein 43/48/49/64/77	0	0	0	0	0	0	0	0	0	0	0	0.0424602	0	0	0	0.4608575	0	0	0	0	0	0	0	0	0	0	0	0	0	0	0	0	0	0	0	0	0	0	0	0	0	0
K12021	tripartite motif-containing protein 45	0	0	0	0	0	0	0	0	0	0	0	0	0	0	0	0.0471028	0	0	0	0	0	0	0	0	0	0	0	0	0	0	0	0	0	0	0	0	0	0	0	0	0	0
K12024	tripartite motif-containing protein 50/73/74	0	0	0	0	0	0	0	0	0	0	0	0	0	0	0	0.1260978	0	0	0	0	0	0	0	0	0	0	0	0	0	0	0	0	0	0	0	0	0	0	0	0	0	0
K12026	tripartite motif-containing protein 56	0	0	0	0	0	0	0	0	0	0	0	0	0	0	0	0.0998611	0	0	0	0	0	0	0	0	0	0	0	0	0	0	0	0	0	0	0	0	0	0	0	0	0	0
K12027	tripartite motif-containing protein 58	0	0	0	0	0	0	0	0	0	0	0	0	0	0	0	0.0628294	0	0	0	0	0	0	0	0	0	0	0	0	0	0	0	0	0	0	0	0	0	0	0	0	0	0
K12028	tripartite motif-containing protein 59	0	0	0	0	0	0	0	0	0	0	0	0.0289793	0	0	0	0	0	0	0	0	0	0	0	0	0	0	0	0	0	0	0	0	0	0	0	0	0	0	0	0	0	0
K12029	tripartite motif-containing protein 60/61	0	0	0	0	0	0	0	0	0	0	0	0	0	0	0	0.1534087	0	0	0	0	0	0	0	0	0	0	0	0	0	0	0	0	0	0	0	0	0	0	0	0	0	0
K12030	tripartite motif-containing protein 62	0	0	0	0	0	0	0	0	0	0	0	0	0	0	0	0.0139983	0	0	0	0	0	0	0	0	0	0	0	0	0	0	0	0	0	0	0	0	0	0	0	0	0	0
K12055	chromosome partitioning related protein ParA	0	0	0	0	0	0	0	0	0	0	0.0165718	0	0	0	0	0	0	0	0	0	0	0	0	0	0	0	0	0	0	0	0	0	0	0	0	0	0	0	0	0	0	0.0575755
K12056	conjugal transfer mating pair stabilization protein TraG	0	0	0	0	0	0	0	0	0	0	0	0	0	0.181115	0	0	0	0	0	0	0	0	0	0	0	0	0	0	0	0.0103058	0	0	0	0	0	0	0	0	0	0	0	0
K12057	conjugal transfer pilus assembly protein TraF	0	0	0	0	0	0	0.302415	0	0	0	0	0	0	0	0	0	0	0	0	0	0	0	0	0	0	0	0	0	0	0	0	0	0	0	0	0	0	0	0	0	0	0
K12059	conjugal transfer pilus assembly protein TrbC	0	0	0	0	0	0	0.451783	0	0	0	0	0	0	0	0	0	0	0	0	0	0	0	0	0	0	0	0	0	0	0	0.134817	0	0	0	0	0	0	0	0	0	0	0
K12060	conjugal transfer pilus assembly protein TraU	0	0	0.149952	0	0	0	0.773885	0	0	0	0	0	0	0	0	0	0	0	0	0	0	0	0	0	0	0	0	0.043744	0	0	0.128708	0	0	0.2588	0	0	0	0	0	0	0	0.0435549
K12061	conjugal transfer pilus assembly protein TraW	0	0	0	0	0	0	0	0	0	0	0	0	0	0	0	0	0	0	0	0	0	0	0	0	0	0	0	0	0	0	0	0	0	0	0	0	0	0	0	0	0	0.20718
K12062	conjugal transfer pilin signal peptidase TrbI	0	0	0	0	0	0	0	0	0	0	0	0	0	0	0	0	0	0	0	0	0	0	0	0	0	0	0	0	0	0	0	0	0	0	0	0	0	0	0	0	0	0.21159
K12063	conjugal transfer ATP-binding protein TraC	0	0	0	0	0	0	0	0	0	0	0	0	0	0	0.76127	0	0	0	0	0	0	0	0	0	0	0	0	0	0	0	0	0	0	0	0	0	0	0	0	0	0	0
K12065	conjugal transfer pilus assembly protein TraB	0	0	0.1071789	0	0	0	0	0	0	0	0	0.017493	0	0.17547	0.187433	0	0	0.00662947	0	0	0	0	0	0	0	0	0	0	0.0854115	0	0	0	0	0	0	0	0	0	0	0	0	0.119768
K12066	conjugal transfer pilus assembly protein TraK	0	0	0.0476031	0	0	0.00716344	0.361281	0	0	0	0	0	0	0.0737874	3.61017	0	0.0152505	0.0247924	0	0	0	0	0	0	0	0	0	0.04348744	2.77949	0.0141802	0	0.0132763	1.01625	0.0616849	0	0.00525185	0	0.00761444	0	0	0	0.0578707
K12067	conjugal transfer pilus assembly protein TraE	0	0	0	0	0	0	0	0	0	0	0	0	0	0	0	0	0	0.0335933	0	0	0	0	0.0393595	0	0	0	0	0	0	0	0	0	0	0	0	0	0	0	0	0	0	0
K12068	conjugal transfer pilus assembly protein TraL	0	0	0	0	0	0	1.07545	0	0	0	0	0	0	0	0	0	0	0	0	0	0	0	0	0	0	0	0	0	0	0	0.119033	0	0	0	0	0.16364	0	0	0	0	0	0.165953
K12096	cag pathogenicity island protein 11	0	0	0	0	0	0	0	0	0	0	0	0	0	0	0	0	0	0	0	0	0	0	0	0	0	0	0	0	0	0	0.109712	0	0	0	0	0	0	0	0	0	0	0
K12109	cag pathogenicity island protein 24	0	0	0	0	0	0	0	0	0	0	0	0	0	0	0	0	0	0	0	0	0	0	0	0	0	0	0	0	0	0	0.0421577	0	0	0	0	0	0	0	0	0	0	0.2351
K12111	evolved beta-galactosidase subunit alpha [EC:3.2.1.23]	0	0	3.269643	0.924563	0.335918	0.0148964	1.4074192	0.731031	0.218089	0.583968	0.0477627	0.17276772	1.1037612	0.0548363	0.482703	1.44178	0.2732198	0.12961	0.0631669	1.07961	0	0.0144599	0.013624	0	0	1.42451	2.0305402	0	0.0856706	0.00837413	1.2723356	0.775376	5.675876	0.1363413	0.0774595	0.8447506	0.151107	0.09717232	0	0	0	4.7839694
K12112	evolved beta-galactosidase subunit beta	0	0.0158976	0.299551	0	0	0	0	0.0881621	0	0.0486992	0	0.0176039	0	0.254651	0.398448	0	0.644287	0.0868384	0	0	0	0	0.0547097	0	0	0	0.114687	0	3.99972	0.0162292	0.0171597	0	4.591165	0.140847	0	0.612012	0	0.058563	0	0	0	0.197484
K12113	LacI family transcriptional regulator, ebg operon repressor	0	0.1734089	2.37952	0	0	0	0.4041891	0.126852	0	0.0499426	0.524802	0	8.04438	3.02284	31.3015	0	0.286938	0	0	0	0	0.0465734	0.0885588	0	0	0	0.134076	0.0339635	0	0	0	0	5.01403	0.496511	0	0.640431	0	0.0461097	0	0	0	0.50741
K12132	serine/threonine-protein kinase WNK1	24.3001964	41.3370841	20.7017068	43.8522652	97.4571039	101.807413	59.4580129	23.7972296	23.419343	3.4119381	6.9060635	4.5065549	28.768525	5.8124609	1.5633978	9.2451501	16.0483593	15.539357	13.3008548	40.1254053	19.0673124	33.3968083	62.5173773	22.3950141	6.915017	37.327174	45.1153026	11.016854	2.22361	15.0064137	38.2397037	26.7716147	30.54738	4.0680487	19.4836382	22.6054109	59.3517356	25.3119619	28.082928	37.5236768	43.7521767	21.8713323
K12136	hydrogenase-4 component A	0.0718477	0	0.2225456	0.707199	0.161599	0	0.229524	0	0.20078	0	0	0	7.511607	4.35301	26.4285	0.130745	0.0235651	0	0	0.381509	0.0732646	0.0596726	0.0733332	0	0	0.268606	0.436916	0.249468	0	0.0584015	0	0	6.959394	0.196116	0	0.231823	0	0.184128	0	0	0.377193	0.535184
K12137	hydrogenase-4 component B	0.375235	0.546436	0.758185	0.288007	0	0.913934	0.8129533	0.504919	0.91693	0.298891	0.640932	0.323819	0.5485847	0.795855	0	1.1538374	1.6348627	0.788329	0.671995	0.715418	0.998374	1.5778114	0.9419589	0	0	0.315367	0.5289135	0.1178	0	0.7594822	1.265531	0.834506	5.161913	0.104956	0.809537	0.7886503	0	0.233859	1.1001142	1.139371	0.957478	0.0860397
K12138	hydrogenase-4 component C	0	0	0.835213	18.8965	10.9849	0.0138896	0.0927269	0	0	0	0	0.528999	0.533897	0	2.57224	0	15.5483768	0	0	0	0	0.0225517	0.00976788	0	0	0	0	0.229907	0	0	6.7766	0.60242	4.59316	0	3.21849	0.327238	0	0	0	0	0	0.307574
K12139	hydrogenase-4 component D	0	0	0	18.7286	11.3023	0	0.0218215	0	0	0	0	0.611728	0.703482	0.776472	0.648313	0	13.7629809	0	0	0	0	0	0.00991744	0	0	0	0.0172731	0.254569	0	0	5.2701	0.884615	2.35293	0.0123489	3.29983	0.174676	0	0	0	0	0	0.310763
K12140	hydrogenase-4 component E	0.9802877	0.5632007	3.46953	0.37221	0	0.0669955	0.318267	0.0551013	0	1.926619	3.374252	0.8035281	0.641462	0.711601	3.97814	1.539752	0.459286	0.625538	0.287865	0.307842	0	0.999368	0.940322	0	0	0.60123	0.3321434	0.9056787	0.0261949	0	0.4214438	0.6858048	4.1280407	0.387962	0.285087	0.333158	0	0	0	0	0	0.371655
K12141	hydrogenase-4 component F	0.864326	0.57803	1.47598	0.452888	0	0.0335433	0.0976082	0	0.0553273	0.999113	0.227107	0.705676	3.943931	1.13076	9.95739	1.407426	0	0.124947	0	0	0	0.8977545	0.67226	0	0	0.4953	0.0654209	0.007589	0	0.0617909	0.37695	0.749583	3.336534	0.297302	0.122279	0.0294384	0	0	0	0	0	0.143273
K12142	hydrogenase-4 component G	0	0	0.905612	0	0	0.0193147	0.0972052	0	0	0	0	0	0	0.699234	0	0	0.193282	0	0	0	0	0.0492481	0.0533169	0	0	0	0.0121729	0.106505	0	0	0	0	4.22604	0.218973	0	0	0	0	0	0	0	0.227399
K12143	hydrogenase-4 component H	0	0.120519	0.860686	0.729234	0.272348	0	0	0	0	0.0828084	0	0.1297662	1.3622485	0.750895	2.81525	0.0708263	0.116213	0	0	0	0	0.159495	0.131303	0	0	0.158442	0.573435	0.4867145	0	0.098426	0	0	7.75014	0.591729	0	0	0	0	0	0	0	0.2814358
K12144	hydrogenase-4 component I	0	0	3.40622	0	0	0	0.0810028	0	0	0	0	0	0.0242681	3.49849	18.974	0	0	0	0	0	0	0.098211	0.0539011	0	0	0	0.0988681	0	0	0	0.0574801	0.100102	5.79173	0.693851	0	1.50744	0	0	0	0	0	0.430823
K12145	hydrogenase-4 component J	0.0645544	0	4.70844	0	0	0	0	0	0	0.745807	3.62629	0.0955412	4.69587	1.47904	5.96277	0	0.209184	0.370241	0.545605	0.239585	0	0	0	0.0655087	0	0	0.162908	0.581815	0	0	0	0	5.1974091	0.211518	0	0.853529	0	0	0	0	0	0.128236
K12146	hydrogenase-4 transcriptional activator	0	0	0.993425	0	0	0.0123312	0.0766601	0	0	0	0	0	4.37971	1.36689	9.60283	0	0.186231	0	0	0	0	0.0101283	0.017404	0	0	0	0.0103976	0.0298494	0	0	0.00834353	0.0113657	3.87649	0.0939925	0	0.340455	0	0	0	0	0	0.179659
K12147	acidic protein MsyB	0	0	4.02759	0	0	0	0.401954	0	0	0	0	0.0302883	9.00297	7.13024	33.1743	0	0.654513	0	0	0	0	0.0759498	0.182366	0	0	0	0.267603	0.407702	0	0	0	0.113346	6.9174977	0.525829	0	3.82044	0	0	0	0	0	1.09086
K12148	biofilm regulator BssS	0	0	4.13665	0	0	0.39958	0.391514	0	0	0.0191214	2.19461	0	12.5784	10.6711	48.1661	0	1.31487	0	0	0	0	0	0.156313	0	0	0	0.491516	0.477298	6.04609	0.175761	0.0867244	0.0809613	13.2983	0.885325	0.0823776	4.92789	0	0	0.0452047	0	0	1.04787
K12149	DNA-damage-inducible protein I	0	0.0154512	4.2083393	0.015157	0	0	1.2268317	0.183671	0	0.4513883	0.7688003	0	11.34995	7.937917	42.18963	0	1.020471	0	0	0	0	0	0.0498872	0	0	0.010771	0.488802	0.386808	1.661061	0.0473202	0.0948548	0.0885515	11.223385	1.134473	0	3.397586	0	0	0	0.0149981	0	1.0301762
K12151	multiple stress resistance protein BhsA	0	0	4.64581	0	0	0.0776962	0.532894	0.0816316	0	0.0188429	1.70637	0.46709	10.7292	9.03855	42.3979	0	0.937454	0	0	0	0	0.237343	0.4197651	0	0	0	0.318575	0.231649	4.78003	0	0.421577	0	10.481335	1.09548	0	3.70916	0	0.0813375	0	0	0	1.682581
K12152	phosphatase NudJ	0	0	3.66424	0	0	0.0537896	0.773633	0.141285	0	0	1.20595	0	7.24566	6.66291	14.3542	0	0.501505	0.0556656	0	0	0	0	0.1627474	0	0	0	0.324238	0.347473	4.19883	0	0.0875583	0	6.537607	1.100585	0	1.89916	0	0.0563106	0	0	0	1.01374
K12159	ubiquitin cross-reactive protein	0	0	0	0	0	0	0	0	0	0	0	0	0.0362942	0	0	0	0	0	0	0	0	0	0	0	0	0	0	0	0	0	0	0	0	0	0	0	0	0	0	0	0	0
K12160	small ubiquitin-related modifier	0	0.01652853	0	0	0	0	0	0	0	0	0	0.03871389	0	0	0	0.07788182	0	0	0	0	0	0	0	0	0	0	0	0	0	0	0	0	0	0	0	0	0	0	0	0	0	0
K12163	AN1-type zinc finger and ubiquitin domain-containing protein 1	0	0	0	0	0	0	0	0	0	0	0	0	0	0	0	0.0947976	0	0	0	0	0	0	0	0	0	0	0	0	0	0	0	0	0	0	0	0	0	0	0	0	0	0
K12172	E3 SUMO-protein ligase RanBP2	0	0	0	0	0	0	0	0	0	0	0	0	0	0	0	0.1277361	0	0	0	0	0	0	0	0	0	0	0	0	0	0	0	0	0	0	0	0	0	0	0	0	0	0
K12179	COP9 signalosome complex subunit 6	0	0	0	0	0	0	0	0	0	0	0	0	0.0184993	0	0	0	0	0	0	0	0	0	0	0	0	0	0	0	0	0	0	0	0	0	0	0	0	0	0	0	0	0
K12181	COP9 signalosome complex subunit 8	0	0	0	0	0	0	0	0	0	0	0	0	0	0	0	0.0116576	0	0	0	0	0	0	0	0	0	0	0	0	0	0	0	0	0	0	0	0	0	0	0	0	0	0
K12196	vacuolar protein-sorting-associated protein 4	0	0	0	0	0	0	0	0	0	0	0	0	0	0	0	0.0646225	0	0	0	0	0	0	0	0	0	0	0	0	0	0	0	0	0	0	0	0	0	0	0	0	0	0
K12203	defect in organelle trafficking protein DotB	0.0497892	0	0	0	0	0	0	0	0	0	0	0.167545	0	0	0	0	0	0	0	0	0	0	0	0	0	0.0830537	0	0	0	0	0	0	0.106323	0	0	0	0	0	0	0.170221	0	0
K12205	defect in organelle trafficking protein DotD	0	0	0	0	0	0	0	0	0	0	0	0	0	0	0	0	0	0	0	0	0	0	0	0	0	0	0	0	0	0	0	0	0	0	0	0	0	0	0	0.0957154	0	0
K12206	intracellular multiplication protein IcmB	0	0	0	0	0	0	0	0	0	0	0	0	0	0	0	0	0	0	0	0	0	0	0	0	0	0	0	0	0	0	0	0	0.0591261	0	0	0	0	0	0	0	0	0
K12209	intracellular multiplication protein IcmE	0.0421483	0.0894944	0	0	0	0	0	0	0	0	0	0	0	0	0	0	0	0	0	0	0	0	0	0	0	0.0241049	0	0	0	0	0	0	0.0840059	0	0	0	0	0	0	0	0	0
K12213	intracellular multiplication protein IcmK	0	0	0	0	0	0	0	0	0	0	0	0	0	0	0	0	0	0	0	0	0	0	0	0	0	0.0318033	0	0	0	0	0	0	0.0310791	0	0	0	0	0	0	0	0	0
K12214	intracellular multiplication protein IcmL	0	0	0	0	0	0	0	0	0	0	0	0	0	0	0	0	0	0	0	0	0	0	0	0	0	0	0.0391374	0	0	0	0	0	0.0907443	0	0	0	0	0	0	0	0	0
K12217	intracellular multiplication protein IcmO	0	0	0	0	0	0	0	0	0	0	0	0	0	0	0	0.123124	0	0	0	0	0	0	0	0	0	0	0	0	0	0	0	0.0458615	0.049199	0	0	0	0	0	0	0.134419	0	0
K12218	intracellular multiplication protein IcmP	0	0	0	0	0	0	0	0	0	0	0	0	0	0	0	0	0	0	0	0	0	0	0	0	0	0	0	0	0	0	0	0	0.0994531	0	0	0	0	0	0	0	0	0
K12234	coenzyme F420-0:L-glutamate ligase / coenzyme F420-1:gamma-L-glutamate ligase [EC:6.3.2.31 6.3.2.34]	0	0	0.242355	0	0	0	0	1.82601	0.0979977	0	0	0	0	0	0	0	0.491481	0	0	0	0	0	0	0	0	0	0	0	0	2.55322	0	0	0	0	0	0	0	0	1.64822	0	0	0
K12240	pyochelin synthetase	1.73072	0.3916203	0	0	0	0	0	0	0.0775428	0	0	0.101007	0	0	0	0	0	0	0	1.42535	1.31122	0.353518	0.280141	0	0	0.286492	0.63314	0.0588398	0	0.858694	0.0816142	0.0761907	3.1605854	0	0	0	0	0	0	0	2.61875	0
K12243	AraC family transcriptional regulator, transcriptional activator of	0	0	0	0	0	0	0	0	0	0	0	0	0	0	0	0	0	0	0	0	0	0	0	0	0	0	0	0	0	0	0	0	6.49717	0	0	0	0	0	0	0	0	0
K12251	N-carbamoylputrescine amidase [EC:3.5.1.53]	0.457361	1.041337	0.567388	0	0	1.0749	1.00791	5.352498	1.726843	0.267331	0.750946	0.1725723	1.773759	0.187072	0	8.520127	1.987817	3.654318	2.849883	1.10309	1.00451	2.353343	0.825166	1.14171	0.4315387	2.6732195	0.568032	0.764703	0.0667128	4.279927	1.117051	0.9842324	0	0	5.058677	0.281471	0.750727	3.84649	7.89467	2.46564	1.7969128	0.578114
K12252	arginine:pyruvate transaminase [EC:2.6.1.84]	0	0	0	0	0	0	0	0	0	0	0	0	0	0	0	0	0	0	0	0	0	0	0	0	0	0	0	0	0	0	0	0	11.3105	0	0	0	0	0	0	0	0	0
K12253	5-guanidino-2-oxopentanoate decarboxylase [EC:4.1.1.75]	0	0	0	0	0	0	0	0	0	0	0	0	0	0	0	0	0	0	0	0	0	0	0	0	0	0	0	0	0	0	0	0	3.97226	0	0	0	0	0	0	0	0	0
K12255	guanidinobutyrase [EC:3.5.3.7]	0	0	0	0	0	0	0	0	0	0	0	0	0	0	0	0	0	0	0	0	0	0	0	0	0	0	0	0	0	0	0	0	10.4598	0	0	0	0	0	0	0	0	0
K12256	putrescine aminotransferase [EC:2.6.1.-]	0	0	0	0	0	0	0	0	0	0	0	0	0	0	0	0	0	0	0	0	0	0	0	0	0	0	0	0	0	0	0	0	11.231741	0	0	0	0	0	0	0	0	0
K12257	SecD/SecF fusion protein	8.6692892	9.735109	9.5066066	16.922682	13.3382122	21.492961	27.5911246	28.956034	36.8640937	19.5861355	7.517317	12.0824681	17.5242629	6.35576	1.5994887	10.620604	13.431788	22.015552	32.563119	11.8931033	14.472418	9.7724244	8.1455314	21.5802117	9.0500379	15.9668635	24.1001704	5.5898487	0	7.3480149	7.624419	19.4032786	11.1058642	9.5469737	24.165313	3.895129	26.524261	22.428543	21.4087599	36.4676641	20.3075332	17.66899
K12262	cytochrome b561	0	0	1.611759	0	0	0.0787768	0.3633311	0.0925586	0	0.9370325	0.564313	0.019006	3.4027	4.5004	24.1999	0	0.641758	0	0	0	0	0.0356387	0.0646177	0	0	0	0.0903047	0.153216	1.73949	0	0.028496	0	2.4571081	0.199626	0	1.33617	0	0.0578648	0	0	0	0.4220693
K12263	cytochrome c551	0	0	0	0	0	0	0	0	0	0	0	0	0	0	0	0	0	0	0	0	0	0	0	0	0	0	0	0	0	0	0	0	0	0	0	0	0	0	0	0	0.0886853	0
K12264	anaerobic nitric oxide reductase flavorubredoxin	0	0.334002	3.135486	0	0	0.258614	2.7344188	0.0234276	0	0.3557211	0.219189	0	5.6279	5.96832	18.444851	0.211279	0.454842	0	0	0	0	0.0134654	0.146081	0	0	0	0.2855987	0.1696019	1.896669	0	0.6004114	0	8.348951	2.2950135	0	1.43773	0	0.0216313	0	0	0	1.853707
K12265	nitric oxide reductase FlRd-NAD(+) reductase [EC:1.18.1.-]	0	0.24802	4.4141153	0	0	0.2984674	3.3087663	0.0176504	0	1.14398	0	0.029648	6.35698	2.55341	16.702739	0.332898	0.477041	0.0280777	0	0	0	0	0.2782476	0	0	0	0.19231	0.0918228	1.240696	0.0227397	0.4256899	0	12.114075	2.301647	0.492256	0.441028	0	0.0493851	0	0	0	1.986885
K12266	anaerobic nitric oxide reductase transcription regulator	0	0.1694519	2.950922	0	0	0.227598	2.382657	0	0	0.2603334	0	0.0109296	0	1.85427	0	0.0413321	0.1346539	0.0273173	0	0	0	0.0548888	0.2691293	0	0	0	0.14878	0.0402487	3.20448	0	0.5604059	0	5.9429568	1.8413131	0.0520151	0.0461896	0	0	0	0	0	2.132755
K12267	peptide methionine sulfoxide reductase msrA/msrB [EC:1.8.4.11	4.793614	4.0493054	2.1356941	5.9422919	1.0761003	0.8230632	3.7000265	4.1741733	0.5749487	23.4642221	15.3496548	31.4002492	28.5265621	1.6240766	0.9649662	15.4888705	2.1509737	2.0561994	1.4944263	7.859919	2.1604233	9.0133288	10.977414	22.41092	4.3787364	5.526794	3.3986956	23.848626	12.541322	9.7702505	2.1668226	3.3740268	11.8939717	16.2786932	7.9407067	6.619636	5.6823496	30.2123099	10.7284761	1.8028075	2.6109334	3.8173141
K12268	accessory secretory protein Asp1	0.0557817	0	0.6915743	0.3638517	0.9262766	0.8397448	0.145159	0.1735487	0.171081	14.2321697	12.8753515	0	0	0.2224671	0.3774965	0.26885	0	0.5389581	1.0117897	4.79211	0.073575	2.31588	1.519624	0.2079945	0.342807	0	0.285967	0	0	0.2167983	1.226358	0.514098	5.45438	0.2600602	0.4517298	1.2796516	0.043134	0.2728956	0	0	0	4.0806129
K12269	accessory secretory protein Asp2	0	0	0.277146	0.3859741	0.4152777	1.100518	0.280756	0.057497	0	1.3276127	1.2450697	0	0	0.0767912	0.0608713	0	0.0600267	0	0.349413	0.1276091	0	1.2259898	1.217945	0.4203959	0.802367	0	0.6878077	0.0605617	0	0.6969325	0.840438	0.516713	5.9333627	0.5312449	0	1.6484975	0.1158028	0.1815811	0	0.0528746	0	3.10179
K12270	accessory secretory protein Asp3	0	0	0	0.4076608	0.1945052	0.0383225	0.0950075	0	0	0.61574	0.681043	0	0	0.1362348	0.055818	0	0	0.0971346	0.391152	0.0433595	0	0	0.0383032	0.0806313	0	0	0.040194	0	0	0	0	0.384701	6.20833	0.305167	0.0421934	1.411046	0.13796	0.2999137	0	0	0	0.674335
K12279	MSHA biogenesis protein MshI	0	0	0	0	0	0	0	0	0	0	0	0	0	0	0	0	0	0	0	0	0	0	0	0	0	0	0	0	0	0	0	0	0.621321	0	0	0	0	0	0	0	0	0
K12280	MSHA biogenesis protein MshJ	0	0	0	0	0	0	0	0	0	0	0	0	0	0	0	0	0	0	0	0	0	0	0	0	0	0	0	0	0	0	0	0	0.773982	0	0	0	0	0	0	0	0	0
K12281	MSHA biogenesis protein MshK	0	0	0	0	0	0	0	0	0	0	0	0	0	0	0	0	0	0	0	0	0	0	0	0	0	0	0	0	0	0	0	0	0.986103	0	0	0	0	0	0	0	0	0
K12283	MSHA biogenesis protein MshM	0	0	0	0	0	0	0	0	0	0	0	0	0	0	0	0	0	0	0	0	0	0	0	0	0	0	0	0	0	0	0	0	0.647754	0	0	0	0	0	0	0	0	0
K12285	MSHA biogenesis protein MshO	0	0	0	0	0	0	0	0	0	0	0	0	0	0	0	0	0	0	0	0	0	0	0	0	0	0	0	0	0	0	0	0	0.313843	0	0	0	0	0	0	0	0	0
K12287	MSHA biogenesis protein MshQ	0	0	0	0	0	0	0	0	0	0	0	0	0	0	0	0	0	0	0	0	0	0	0	0	0	0	0	0	0	0	0	0	0.295134	0	0	0	0	0	0	0	0	0
K12288	pilus assembly protein HofM	0	0	1.18869	0	0	0	1.0349617	0	0	0.0866715	0	0.0173155	2.14785	1.83241	13.5036	0	0.204535	0	0	0	0	0.0949373	0.2471741	0	0	0	0	0	0	0	0.167854	0	3.05909	0.3063795	0.068648	0.463645	0	0	0	0	0	0.107474
K12289	pilus assembly protein HofN	0	0	0	0	0	0.0343549	1.893765	0	0	0.112511	0	0	0	0.239416	0	0	0	0	0	0	0	0	0.1582737	0	0	0	0	0	0	0	0.0155182	0	0	0.0144133	0.0443572	0.0683367	0	0	0	0	0	0.0735965
K12290	pilus assembly protein HofO	0	0	3.290905	0	0	0.0865071	2.9353463	0	0	0	0	0	16.38424	5.8198	19.93292	0	0.79073	0	0	0	0	0.414538	0.1382395	0.0194427	0	0	0.1622241	0.114108	1.845827	0	0	0	3.294881	0.9190273	0	2.863309	0	0	0	0	0	1.27972
K12291	pilus assembly protein HofP	0	0	0.0881031	0	0	0.0198092	0.407787	0	0	1.03511	2.01789	0.0753328	0	0	0	0	0.0247555	0.136217	0	0	0	0.0342106	0.128729	0	0	0	0	0.29433	4.10368	0	0.0343585	0	9.95335	0.165702	0	0.196367	0	0.103346	0	0	0	0.451697
K12292	ATP-binding cassette, subfamily C, bacterial, competence factor transporting protein [EC:3.4.22.-]	0	0.0215472	0.143649	0	0	0	0	0.0747882	0	0.69557	0.5481548	0	0	0	0.0787902	0	0.119414	0	0.0413192	0.0773461	0	0	0	0.360917	0	0	0	0.0374522	0.0800668	0.0285041	0.0454394	0.0805977	0	0.2108487	0.1337991	0.0541382	0	0	0.0259202	0	0	0
K12293	competence factor transport accessory protein ComB	0	0	0.2252082	0	0	0	0	0.0587747	0	0.277352	0.3067676	0	0	0	0.0595721	0	0.0779571	0	0.0414018	0.0574139	0	0	0	0.31654	0.0575657	0	0	0	0	0	0	0	0	0	0	0.0556374	0	0	0.0918961	0	0	0
K12294	two-component system, AgrA family, sensor histidine kinase ComD [EC:2.7.13.3]	0.3674072	0	0.3838969	0.456278	0.6634629	0.1877348	0.28351	0.0388345	0.0745845	6.677131	4.887922	0	0	0.1658302	0.1993309	0.153849	0	0.1946841	0.4103235	1.7858692	0	0.0712729	0	0.561858	0	0	0	0.0856331	0	0.0509264	0.107897	0	0.0768243	1.035704	0.505759	3.731544	0	0.0484891	0	0.063031	0.2016744	0.260732
K12295	two-component system, AgrA family, response regulator ComE	0	0	0.5288362	0.518634	0.195652	0	0.162006	0.0579061	0.142066	14.043955	9.205515	0.784712	0.0463839	0.139382	0.3754963	0.968653	0	0.6706945	0.6568699	3.738205	0	0.3963059	0.0667191	0.158264	0.1855997	0	0	0.0684676	5.30197	0.123032	1.314996	0.408575	0.0931382	0.4862376	1.0937926	6.007171	0.0607577	0	0	0.1366509	0.4188532	1.7205997
K12296	competence protein ComX	0.220188	0	0.455751	0.7132234	0.3844658	0.0665967	8.4078343	0.339014	0	4.268149	7.0616317	0	1.3416988	0.2348003	0.3363527	0.0508809	0	0.206758	0.111312	0.841324	0	0.0762889	0.2066996	19.584834	0.7845274	0	0.794413	0	0	0.496271	0.213007	0.0385098	0.0711104	0.2298082	3.431492	0.5893775	0	0.0924679	0	0.378186	0.146789	0.927599
K12297	ribosomal RNA large subunit methyltransferase L	2.711717	0.970726	5.395946	4.24478304	0.639202	0.4926677	2.819141	0.0121204	0	1.2029215	5.241919	0.307929	0.2773768	2.571357	0	0.3267	0.1970962	0.371665	0.4251478	1.071242	0.668145	0.7643312	0.7454769	0.112059	1.52521	0.114117	0.7161094	0.999016	3.238588	0.1639003	0.767791	0.141881	16.4601559	3.0273247	0.1330248	0.4131302	0.868765	0.342093	0.2638858	0.357953	0.931504	1.689745
K12299	MFS transporter, ACS family, probable galactarate transporter	0	0	0.0945969	0	0	0.0199097	1.05135493	0	0	0.0120678	0	0.0167085	0.077374	0	0	0	0.0334364	0	0	0	0	0.0156104	0.0623275	0.00827362	0	0	0.0192893	0.053548	2.82583	0	0.169365	0	5.5526	1.38625	0	0.0451356	0	0	0	0	0	1.20026
K12308	beta-galactosidase [EC:3.2.1.23]	5.030549	47.2412209	5.160766	16.315541	28.7398358	42.79867	18.1978675	9.1321731	6.364938	12.4320069	7.5148375	5.6794779	18.0545059	0.8882078	0.2816999	10.8983817	4.2492583	8.8571491	3.514327	31.8199785	3.2131008	14.8365278	28.6820309	4.2822367	1.5540242	20.3586154	26.339431	3.3151554	3.44353	7.797887	30.781161	12.240453	21.140472	1.503249	3.1728892	7.1303515	38.56508	16.9995097	15.7684889	6.7632993	24.9405373	5.5210528
K12314	actin, alpha cardiac muscle	0	0	0	0	0	0	0	0	0	0	0	0	0	0	0	0.00653999	0	0	0	0	0	0	0	0	0	0	0	0	0	0	0	0	0	0	0	0	0	0	0	0	0	0
K12334	natriuretic peptide A	0	0	0	0	0	0	0	0	0	0	0	0	0	0	0	0.0862684	0	0	0	0	0	0	0	0	0	0	0	0	0	0	0	0	0	0	0	0	0	0	0	0	0	0
K12339	cysteine synthase B [EC:2.5.1.47]	0.923471	0.644038	2.98767	0	0	0.419333	2.8086899	0.337361	0.0572209	1.9397741	1.464206	9.79778	5.8948	1.82689	0	5.74995	0.18745	0.126352	0	0.546742	0.0803875	0.915467	0.737463	0	0	0.606282	0.2321848	0	2.7374	0	1.3201193	1.19193	16.824997	1.7124934	0.45405	0.17525	0	0.0691689	0	0	0	1.26759
K12340	outer membrane protein	0.119915	0.3306279	3.15405	0	0	0.1362517	0.5999609	1.303012	0	0.0985069	0	1.2874706	4.112131	2.42798	13.9087	10.40785	0.3715055	0.401437	0.0547127	0.195709	0.109619	2.1043217	0.393288	0	0.428835	1.50005	0.30247	3.084212	6.76058	4.3897175	0.382784	0.4365005	12.522001	0.692234	4.02773	0.726795	0.6478482	3.719483	6.6213314	1.0629281	0	0.938865
K12342	adhesin YadB/C	0	0	0	0	0	0	0.0753061	0	0	0	0	0	0	0	0	0	0	0	0	0	0	0	0	0	0	0	0	0	0	0	0	0	0	0	0	0	0	0	0	0	0	0
K12343	3-oxo-5-alpha-steroid 4-dehydrogenase 1 [EC:1.3.1.22]	1.182497	1.048635	0	0	0	0	0.0537372	0.144056	0	0.900643	0.138016	1.099036	0.542826	0	0	2.15546	0.0751968	0.227028	0	0	0	1.451982	1.394562	0	0	0.6795902	0.0983834	0.0817806	0	2.60841	0.0743959	0.777864	0.808056	0.151894	0	0	0	0.143537	0.0516626	0	0	0
K12345	3-oxo-5-alpha-steroid 4-dehydrogenase 3 [EC:1.3.1.22 1.3.1.94]	0	0	0	0	0	0	0	0	0	0	0	0	0	0	0	0.0634794	0	0	0	0	0	0	0	0	0	0	0	0	0	0	0	0	0	0	0	0	0	0	0	0	0	0
K12349	neutral ceramidase [EC:3.5.1.23]	0	0	0.0552269	0	0	0	0.0808435	0	0	0.167937	0.632596	0	0	0	0.0291677	0	0.0633517	0	0	0	0	0	0	0	0	0	0	0	0	0	0	0	4.82492	0.0872504	0	0.180534	0	0	0	0	0	0
K12352	sphingomyelin phosphodiesterase 3 [EC:3.1.4.12]	0	0	0	0	0	0	0	0	0	0	0	0	0	0	0	0.0250179	0	0	0	0	0	0	0	0	0	0	0	0	0	0	0	0	0	0	0	0	0	0	0	0	0	0
K12354	ectonucleotide pyrophosphatase/phosphodiesterase family member 7 [EC:3.1.4.12]	0	0	0	0	0	0	0	0	0	0	0	0	0	0	0	0.0211571	0	0	0	0	0	0	0	0	0	0	0	0	0	0	0	0	0	0	0	0	0	0	0	0	0	0
K12357	sialidase-2/3/4 [EC:3.2.1.18]	0	0	0	0	0	0	0	0	0	0	0	0	0	0	0	0.0441493	0	0	0	0	0	0	0	0	0	0	0	0	0	0	0	0	0	0	0	0	0	0	0	0	0	0
K12358	forkhead box protein O4	0	0	0	0	0	0	0	0	0	0	0	0	0	0	0	0.087544	0	0	0	0	0	0	0	0	0	0	0	0	0	0	0	0	0	0	0	0	0	0	0	0	0	0
K12368	dipeptide transport system substrate-binding protein	0.0855472	0.650691	6.33283	0	0	0.286795	2.7615	0	0	0.9555137	2.435003	0	6.8087	5.46848	28.1898	0.309683	0.126256	0.585883	0.542068	0.131412	0	0	0.163228	0	0	0	0.0705057	1.008344	0	0.0270683	0.517116	0	2.7411294	1.36801	0.154246	0.263305	0	0	0	0	0	1.4202
K12369	dipeptide transport system permease protein	0	0.3235348	7.53635	0	0	0.0771603	3.69695	0.0269945	0	0.687442	2.074189	0	8.07474	6.41019	31.6304	0.620748	0.0423177	0.3542649	0.16465	0.0634175	0	0	0.17271	0	0	0	0.0692077	1.15693	2.14901	0.0246623	0.586137	0.0307588	5.59559	2.2	0.268437	0.412484	0	0	0	0	0	1.93085
K12370	dipeptide transport system permease protein	0	0.360117	13.98561	0	0	0.33431	4.8642741	0.1770341	0	1.329458	0.367108	0	5.17581	6.70728	21.8522	2.149997	0.744189	0	0	0	0	0.124818	0.359965	0.0398017	0	0	0.171345	0.066449	0.833815	0	1.5556078	0	6.17536	2.2465001	1.327299	1.8398	0.0846896	0	0	0	0	2.436213
K12371	dipeptide transport system ATP-binding protein	0	0.422684	4.90331	0	0	0.244197	4.45252	0.101766	0	0.250643	1.55599	0.0604865	0	3.07379	0	0.627748	0.2924316	0	0	0	0	0	0.327823	0	0	0	0.14439	0.292594	3.23718	0.0663844	0.920661	0	9.1822	1.65166	0.508872	0.350236	0	0.0737304	0	0	0	2.03266
K12372	dipeptide transport system ATP-binding protein	0	0.105719	2.47321	0	0	0.233088	3.817031	0.081739	0	0.509415	2.4618	0.00830533	0.461262	2.86877	0.772934	0.366388	0.224832	0.100507	0	0	0	0.0593358	0.292075	0.0235498	0	0	0.139377	0.263753	4.27942	0.192238	0.841326	0	7.3388935	1.96331	0.128924	0.538656	0	0.152508	0	0	0	1.827342
K12373	hexosaminidase [EC:3.2.1.52]	4.6636847	3.4691498	0.208289	2.5451371	4.796304	1.3933821	7.4817688	2.8070425	0.7678443	11.8364555	8.2172704	123.0798385	52.6718983	2.317061	0.3944152	53.575242	2.7953441	2.8174488	0.1582258	3.0324423	2.0004657	30.7730109	25.7622519	2.6619403	6.4413495	11.211909	4.4961755	86.9125002	232.1450872	15.0995437	1.257539	9.0613973	21.5124171	21.9097882	0.4049485	9.836972	9.758358	30.8766203	4.3151098	0.6974712	4.9521522	14.5080499
K12375	arylsulfatase I/J	0	0	0	0	0	0	0	0	0	0	0	0	0	0	0	0.1490318	0	0	0	0	0	0	0	0	0	0	0	0	0	0	0	0	0	0	0	0	0	0	0	0	0	0
K12382	saposin	0	0	0	0	0	0	0	0	0	0	0	0	0	0	0	0.0584491	0	0	0	0	0	0	0	0	0	0	0	0	0	0	0	0	0	0	0	0	0	0	0	0	0	0
K12394	AP-1 complex subunit sigma 1/2	0	0	0	0	0	0	0	0	0	0	0	0	0	0	0	0.0083287	0	0	0	0	0	0	0	0	0	0	0	0	0	0	0	0	0	0	0	0	0	0	0	0	0	0
K12399	AP-3 complex subunit sigma	0	0	0	0	0	0	0	0	0	0	0	0	0	0	0	0.01091676	0	0	0	0	0	0	0	0	0	0	0	0	0	0	0	0	0	0	0	0	0	0	0	0	0	0
K12410	NAD-dependent deacetylase	8.3314291	18.8859	26.2501847	13.0053283	71.3661496	27.118503	27.6889262	33.6662241	42.4577842	27.0796236	8.7908784	31.3455759	25.3500672	8.9646438	16.9995266	23.7912518	6.7287608	21.8985046	29.657484	26.98559	10.6081301	60.9002896	114.7281409	10.6761236	3.9360003	22.8351339	17.6147294	25.8269565	67.040088	13.4893162	22.9001615	19.534141	62.4334294	9.2911622	28.5367111	4.127246	42.7624152	30.6587589	22.1756845	18.5659799	37.7473541	23.238749
K12452	CDP-4-dehydro-6-deoxyglucose reductase, E1 [EC:1.17.1.1]	2.8932545	2.846149	1.307617	25.4724	9.43339	7.03138	4.09541	8.103121	7.1409066	1.23484	4.69335	0.8395241	2.84408	0.6992543	0.0919369	1.3416453	3.2373355	4.11985	4.93948	6.3528378	4.905358	5.175094	7.2646094	4.0334449	0.463592	4.2937937	7.0447078	0.4368625	0	7.3721812	0.6992018	3.4947897	0.4545471	1.22131	2.3517855	2.968337	1.741037	2.51032	12.20764	6.4581	6.68984	4.161861
K12453	CDP-paratose synthetase [EC:1.1.1.342]	0	0	0	0	0	0	0	0	0	1.16556	0.222111	0	0	0	0	0	0	0	0	0	0	0	0	0	0	0	0	0	0	0	0	0	0	0	0	0	0	0	0	0	0	0
K12457	neurotrophin 4	0	0	0	0	0	0	0	0	0	0	0	0	0	0	0	0.0761377	0	0	0	0	0	0	0	0	0	0	0	0	0	0	0	0	0	0	0	0	0	0	0	0	0	0
K12469	EH domain-containing protein 2	0	0	0	0	0	0	0	0	0	0	0	0	0	0	0	0.0176505	0	0	0	0	0	0	0	0	0	0	0	0	0	0	0	0	0	0	0	0	0	0	0	0	0	0
K12471	epsin	0	0	0	0	0	0	0	0	0	0	0	0	0	0	0	0.0359422	0	0	0	0	0	0	0	0	0	0	0	0	0	0	0	0	0	0	0	0	0	0	0	0	0	0
K12472	epidermal growth factor receptor substrate 15	0	0	0	0.0759982	0.473365	0	0	0	0.0865967	4.97488	2.12762	0	0	0.493623	0.126089	0	0	0.228842	0.15946	0.666597	0	0	0	0.111566	0	0	0	0	0	0	0	0	0	0	0.293692	0	0	0	0	0	0.448727	0
K12475	disabled homolog 2	0	0	0	0	0	0	0	0	0	0	0	0	0	0	0	0.0163126	0	0	0	0	0	0	0	0	0	0	0	0	0	0	0	0	0	0	0	0	0	0	0	0	0	0
K12484	Rab11 family-interacting protein 1/2/5	0	0	0	0	0	0	0	0	0	0	0	0	0	0	0	0.0393901	0	0	0	0	0	0	0	0	0	0	0	0	0	0	0	0	0	0	0	0	0	0	0	0	0	0
K12497	early growth response protein 3	0	0	0	0	0	0	0	0	0	0	0	0	0	0	0	0.0115414	0	0	0	0	0	0	0	0	0	0	0	0	0	0	0	0	0	0	0	0	0	0	0	0	0	0
K12500	thioesterase III	0	0.39931	3.09776	0.0425521	0	0.202197	0.561327	0	0	0.0167794	1.17185	0	8.07013	6.23845	32.1675	0	0.96107	0.104625	0	0	0	0.137259	0.0988729	0	0	0	0.449075	0.242833	3.36205	0	0.109712	0.0171348	9.08333	0.814537	0	3.38517	0	0.0815189	0	0	0	1.08769
K12503	short-chain Z-isoprenyl diphosphate synthase [EC:2.5.1.68]	0	0	0.113466	0	0	0	0.124573	0	0	0.305827	0.418837	0	0	0	0.0289983	0	0	0.0422571	0	0.052405	0	0	0	0	0	0	0	0	0	0	0.0965794	0	0	0.0768257	0	0.290832	0	0	0	0	0	0.0769418
K12506	2-C-methyl-D-erythritol 4-phosphate cytidylyltransferase / 2-C-methyl-D-erythritol 2,4-cyclodiphosphate synthase [EC:2.7.7.60 4.6.1.12]	0	0.7539597	0.0589666	0.6888644	0	0	0	2.284711	0.102692	0	0	0.716402	1.635565	0.0311072	0.1635868	0.6819936	0.6326544	0	0	0.052737	0.0911481	0.2223599	0.483665	0.257654	0	0.1886334	0	0	0.0583177	3.0817489	0.5026467	0.0446244	0	0	0.1227118	0.883635	0	0	0.0378884	0.1251656	0	0.602749
K12507	acyl-CoA synthetase	0	0	2.92647	0	0	0.0240289	0.27542	0	0	0	0.0326579	0	3.68599	1.65572	6.35405	0	0.176316	0.0164372	0	0	0	0.0213948	0.0262124	0	0	0	0.192889	0.0245049	0.366836	0	0	0	2.56506	0.331452	0	0.429271	0	0	0.1567618	0.0735758	0	0.388544
K12509	pilus assembly protein RcpB	0	0	0	0	0	0	0	0	0	0	0	0	0	0	0	0	0	0	0	0	0	0	0	0	0	0	0	0	2.14806	0	0	0	0	0	0	0	0	0	0	0	0	0
K12510	tight adherence protein B	28.051281	22.378886	17.155643	55.6567165	41.2960898	48.673	42.0430668	45.089375	49.5495856	19.5822692	14.0319755	1.93204	26.268933	12.0840341	2.8053568	7.263067	26.3581253	21.721122	33.964472	16.6560321	46.4947855	25.1994081	24.755444	6.1724164	0.775493	23.4351611	35.544061	19.2142787	2.08621	11.7986886	53.2414576	31.5529912	17.470134	10.6770584	43.9426666	17.5215766	39.452728	17.8476612	59.5460126	66.053226	24.6625964	34.1634159
K12511	tight adherence protein C	9.612051	9.652506	0.7815273	37.2283189	20.94197	3.40054	1.0827645	14.30569	11.65951	4.4688634	8.447087	1.925148	8.0010372	5.184108	1.0943234	3.7667463	18.7882831	2.063041	1.698089	9.8775688	24.3281856	17.072445	18.0734745	3.3395863	0.276	13.9576088	28.3803222	9.136	2.1133257	6.5817	41.5008561	7.864719	10.95051	6.07357	23.596749	9.6715054	5.429409	3.17811	49.0486228	24.05521	0.524823	18.4653802
K12513	tight adherence protein E	0	0	0	0	0	0	0	0	0	0	0	0	0	0	0	0	0	0	0	0	0	0	0	0	0	0	0	0	1.9113	0	0	0	0	0	0	0	0	0	0	0	0	0
K12514	tight adherence protein F	0	0	0	0	0	0	0	0	0	0	0	0	0	0	0	0	0	0	0	0	0	0	0	0	0	0	0	0	2.5043	0	0	0	0	0	0	0	0	0	0	0	0	0
K12516	autotransporter serine protease	0	0.273907	0	0	0	0	0	0.159962	0	0	0	0	0	0	0	3.41922	0	0	0	0	0	0	0	0	0	0	0	0	0	0.268534	0	0	0	0	0	0	0	0	6.30513	0.943428	0	0
K12524	bifunctional aspartokinase / homoserine dehydrogenase 1 [EC:2.7.2.4 1.1.1.3]	0.0880883	0.650214	4.20469	0	0	0.3255476	2.895914	0.0779074	0	2.1382429	3.212219	1.3795997	0.262636	3.1311593	0	3.932668	0.483292	0.476835	0.299073	0.6907577	0.342254	0.5954931	0.68758	0	0	1.40165	0.331061	0.8337204	4.1462	0.7267733	0.336336	0.0372358	1.84564	1.46706	0.0822708	0.279931	0.0564783	0.7305265	0.0723513	0	0	0.995773
K12525	bifunctional aspartokinase / homoserine dehydrogenase 2 [EC:2.7.2.4 1.1.1.3]	0	0	0.970949	0	0	0.00796286	0.355711	0.0424784	0	0.0105686	1.63126	0.012595	0.117113	0.0548135	0.457308	0	0.129011	0.0646628	0	0	0	0.00739531	0.109885	0	0	0	0.16431	0.248391	4.08553	0.00817032	0.0797728	0.00622384	4.41448	0.264502	0	0.168157	0	0.107737	0.00873716	0	0	0.27304
K12527	putative selenate reductase [EC:1.97.1.9]	1.1704349	1.101097	2.893576	4.41344	1.97261	4.2983875	2.261806	3.233606	3.25369	0.4452084	1.300929	0.9247191	7.5632178	2.575468	5.3941615	0.894794	3.810793	1.899919	1.414743	2.3655	3.00302	2.1502032	2.4343433	1.93628	0.269002	1.652275	2.7761939	0.0244885	0.14895	3.04391	1.4245616	1.67083	0.288533	0.169558	1.496148	2.052603	0.0642691	0.0124151	3.4289879	6.8856	1.57612	0.228293
K12528	putative selenate reductase molybdopterin-binding subunit	0	0	1.75843	0	0	0.0129154	0.1543718	0	0	0.00913476	0.0948982	0.0127195	2.71013	0.736221	3.52608	0	0.274504	0	0	0	0	0.0136065	0.0183975	0	0	0	0.0220535	0.0146462	0.346173	0	0.0108783	0	0.467472	0.36088	0	0.327242	0	0.0116017	0	0	0	0.148423
K12529	putative selenate reductase FAD-binding subunit	0	0	2.08021	0	0	0.079916	0.365413	0.0419819	0	0.0514653	0.706927	0	5.31175	4.32503	21.1136	0	0.576897	0.0551355	0	0	0	0.1085	0.0781567	0	0	0	0.216302	0.31769	1.66101	0.0585869	0.115633	0	1.99705	0.550017	0	1.25849	0	0	0	0	0	0.725451
K12536	ATP-binding cassette, subfamily C, bacterial exporter for protease/lipase	0	0	0	0	0	0	0	0	0	0	0	0	0	0	0	0	0	0	0	0	0	0	0	0	0	0	0	0	0	0	0	0	7.7731	0	0	0	0	0	0	0	0	0
K12537	protease secretion protein HasE	0	0	0	0	0	0	0	0	0	0	0	0	0	0	0	0	0	0	0	0	0	0	0	0	0	0	0	0	0	0	0	0	10.5638	0	0	0	0	0	0	0	0	0
K12538	outer membrane protein HasF	0	0	0	0	0	0	0	0	0	0	0	0	0	0	0	0	0	0	0	0	0	0	0	0	0	0	0	0	0	0	0	0	6.32977	0	0	0	0	0	0	0	0	0
K12541	ATP-binding cassette, subfamily C, bacterial LapB	0.264828	0.12441	0	0.361251	0	0	0.145733	0.0371083	0	0.0611584	0	0.350318	0.683168	0	0	0.5726	0.257173	0	0	0	0	0.206006	0.7214199	0	0	0	0	0	0	0.903581	0.233489	0	0.5577666	0.153011	0.0529638	0.814171	0	0	0.050329	0.240627	0	0.125016
K12542	membrane fusion protein LapC	0	0	0	0.301108	0	0	0	0.0555789	0	0	0	0.27444	0.543607	0	0	0.708263	0.145061	0	0	0	0	0.209622	0.750156	0	0	0	0.044032	0	0	0.8974791	0.228376	0	4.7993	0	0.110715	0.302572	0	0	0	0.119205	0	0
K12543	outer membrane protein LapE	0	0	0	0.478352	0	0	0	0.0916153	0	0.1685724	0	0.36964	0.524633	0	0	0.550683	0.286938	0	0	0	0	0.183969	0.623192	0	0.0225537	0	0.0390978	0.133514	0	0.921618	0.319511	0.0745696	2.034406	0	0.0758741	0	0	0	0	0	0	0
K12545	heme acquisition protein HasA	0	0	0	0	0	0	0	0	0	0	0	0	0	0	0	0	0	0	0	0	0	0	0	0	0	0	0	0	0	0	0	0	10.3494	0	0	0	0	0	0	0	0	0
K12554	alanine adding enzyme [EC:2.3.2.-]	8.9781	2.970387	1.5009373	2.2433547	1.712961	15.0652	5.39303	3.6951	0.548952	0.659082	0.0343105	0.15027	0.810991	0.114708	0.1228448	0.751626	0.518193	0.760515	0.830156	1.931411	0	0.710121	1.9141	0.2445915	0	1.20606	2.1813098	2.8567894	0	0.759515	1.74961	2.004488	6.2267971	0.0413524	0.3096303	2.0616075	6.11476	2.06462	0	0	0.418462	2.728821
K12555	penicillin-binding protein 2A [EC:2.4.1.129 2.3.2.-]	0	0	0.2477819	0.491788	0.140781	0	7.51362	0	0	0	0	0	0	0.170193	0	1.2256554	0	0.0854297	1.54916	0	0	1.34999	0.856046	0	0.408615	0	0.0467957	0	2.58849	0.4578216	1.2381964	0.302493	5.65761	0.0813964	0.50772	0.6122546	0.0474917	0.173909	0	0	0	1.424628
K12556	penicillin-binding protein 2X [EC:2.3.2.-]	0	0	0.0601934	0	0	0	0	0	0	3.10645	1.50118	0	0	0	0	0	0	0	0.131989	0.777995	0	0	0	0.151668	0	0	0	0	0	0	0.0518864	0.0686211	0	0.3500502	0.720832	0.806001	0	0.150272	0	0	0	0
K12560	low affinity immunoglobulin gamma Fc receptor II-b	0	0	0	0	0	0	0	0	0	0	0	0	0	0	0	0.0259835	0	0	0	0	0	0	0	0	0	0	0	0	0	0	0	0	0	0	0	0	0	0	0	0	0	0
K12573	ribonuclease R [EC:3.1.-.-]	8.4928403	7.9960508	16.4078302	8.5311655	10.61339	17.7082783	37.4595895	22.8422666	33.3256837	39.3928149	28.0264937	4.8839486	16.6641485	12.952293	5.1978822	15.1705208	10.83059	20.149745	33.4892509	11.8030284	11.709686	11.6374457	5.9345172	22.8558299	12.6403932	14.808478	19.2057825	31.1703594	7.83684	9.66060897	23.6747231	18.7791487	22.6922131	11.7381232	22.007848	7.7318663	32.6310409	18.913706	7.2848823	30.1112648	13.6737931	22.5831629
K12574	ribonuclease J [EC:3.1.-.-]	8.211414	3.4724035	12.8859226	5.6220041	3.2000717	15.497697	6.354032	11.8079372	2.0544562	23.540043	12.6126862	13.1062177	2.9436009	3.539488	1.1027643	6.1054526	2.5686987	6.739134	7.1934014	6.668172	0.2128802	32.6155672	57.1113863	3.9246349	1.0010958	1.736697	3.0651182	3.0769637	32.40469	10.4315921	7.3113367	4.0186842	12.0714246	2.3308507	3.9321287	11.1059428	7.0448055	2.8245084	3.3145988	0.4201898	1.8123125	14.6572097
K12579	interferon-stimulated gene 20 kDa protein	0	0	0	0	0	0	0	0	0	0	0	0	0	0	0	0	0	0	0	0	0	0	0	0	0	0	0	0.0225511	0	0	0	0	0	0	0	0	0	0	0	0	0	0
K12582	NO_NAME	0	0.320736	3.90545	0	0	0.0777473	0.760294	0.0278639	0	0.1327529	0	0.030529	4.85289	3.0759	18.9331	0	0.0845782	0	0	0	0	0.0173038	0.0172158	0	0	0	0.167035	0.0896704	0.912884	0.0396879	0.244945	0	3.93341	1.553862	0	2.17165	0	0	0	0	0	1.119378
K12587	exosome complex component MTR3	0	0	0	0	0	0	0	0	0	0	0	0.0328708	0	0	0	0	0	0	0	0	0	0	0	0	0	0	0	0	0	0	0	0	0	0	0	0	0	0	0	0	0	0
K12589	exosome complex component RRP42	0	0	0.161794	0	0	0	0	1.65984	0	0	0	0	0	0	0	0	0.539746	0	0	0	0	0	0	0	0	0	0	0	0	2.56318	0	0	0	0	0	0	0	0	1.55775	0	0	0
K12592	exosome complex protein LRP1	0	0	0	0	0	0	0	0	0	0	0	0	0.01854516	0	0	0.0400784	0	0	0	0	0	0	0	0	0	0	0	0	0	0	0	0	0	0	0	0	0	0	0	0	0	0
K12615	enhancer of mRNA-decapping protein 3	0	0	0	0	0	0	0	0	0	0	0	0	0	0	0	0.045059	0	0	0	0	0	0	0	0	0	0	0	0	0	0	0	0	0	0	0	0	0	0	0	0	0	0
K12621	U6 snRNA-associated Sm-like protein LSm2	0	0	0	0	0	0	0	0	0	0	0	0	0	0	0	0.02775146	0	0	0	0	0	0	0	0	0	0	0	0	0	0	0	0	0	0	0	0	0	0	0	0	0	0
K12622	U6 snRNA-associated Sm-like protein LSm3	0	0	0	0	0	0	0	0	0	0	0	0	0	0	0	0.00648628	0	0	0	0	0	0	0	0	0	0	0	0	0	0	0	0	0	0	0	0	0	0	0	0	0	0
K12654	transmembrane protein 173	0	0	0	0	0	0	0	0	0	0	0	0	0	0	0	0.0216744	0	0	0	0	0	0	0	0	0	0	0	0	0	0	0	0	0	0	0	0	0	0	0	0	0	0
K12658	4-hydroxyproline epimerase [EC:5.1.1.8]	0	0	0	0	0	0	0	0	0	0	0	0	0	2.91456	0	0	0	0	0	0	0	0	0	0	0	0	0.0431154	0	0	0	0	0	11.891615	0.12708	0	0	0	0	0	0	0	0.403028
K12660	2-dehydro-3-deoxy-L-rhamnonate aldolase [EC:4.1.2.53]	0	0	7.99603	0	0	0.282272	1.620468	0.0539218	0	0.0419709	1.91382	0.0385671	0.945312	6.069389	32.5364	0.804444	0.469352	0.0929463	0	0	0.0289661	0.0783886	0.269156	0	0	0	0.2091197	0.19127	2.481429	0	0.4800727	0	9.29593	0.6800068	0.330644	1.697517	0	0.0537275	0	0	0	0.7269767
K12661	L-rhamnonate dehydratase [EC:4.2.1.90]	0	0	4.749487	0	0	0.286063	1.970671	0.0584408	0	0	1.1314886	0.0219131	0	2.921203	0	0.689914	0.3381898	0.0508091	0	0	0	0	0.173197	0	0	0	0.286053	0.2051206	2.97284	0	0.6296875	0	1.4669	0.947627	0.778535	1.624761	0	0	0	0	0	0.553019
K12665	cytochrome P450, family 26, subfamily C	0	0	0	0	0	0	0	0	0	0	0	0	0	0	0	0.0262571	0	0	0	0	0	0	0	0	0	0	0	0	0	0	0	0	0	0	0	0	0	0	0	0	0	0
K12671	C-X-C motif chemokine 10	0	0	0	0	0	0	0	0	0	0	0	0	0.0334821	0	0	0	0	0	0	0	0	0	0	0	0	0	0	0	0	0	0	0	0	0	0	0	0	0	0	0	0	0
K12678	AIDA-I adhesin-like protein	0	0	0.128616	0	0	0.01604181	0.0135514	0	0	0	0.247162	0	0.486491	0.583939	1.588292	0	0.01659574	0	0	0	0.0421322	0	0.01209563	0	0	0	0.0365229	0	0	0	0	0	2.149553	0.0088821	0	0.3134229	0	0	0	0	0	0.1159222
K12684	serine protease autotransporter	0	0	7.46873	0	0	0	0.0549879	0	0	0	0.499176	0	0	0	0	0	0	0	0	0	0	0	0	0	0	0	0.1809181	0.102625	1.22803	0	0	0	0	0	0	0	0	0	0	0	0	0.391707
K12685	subtilase-type serine protease	0	0	0.880335	0	0	0	0	0	0	0.323231	2.307942	0	0	0	0	0	0	0.154086	0.154798	0.130979	0	0	0	0	0	0	0	0.206106	0	0	0	0	0	0	0	0	0	0	0	0	0	0
K12686	outer membrane lipase/esterase	0	0	0	0	0	0	0	0	0	0	0	0	0	0	0	0	0	0	0	0	0	0	0	0	0	0	0	0	0	0	0	0	11.6052	0	0	0	0	0	0	0	0	0
K12687	antigen 43	0	0	1.42463	0	0	0	0	0	0	0	0	0	0	0	0	0	0	0	0	0	0	0	0	0	0	0	0	0	2.12811	0	0	0	0.901655	0	0	0	0	0	0	0	0	0
K12700	NO_NAME	10.0047	0.304815	9.42604	0.110544	0.181309	18.471902	8.752096	0	0	1.155356	0	0.0872387	6.80824	7.44866	9.31586	0.538864	0.716891	0	2.189183	0.1518973	0	0.199479	0.951953	0.016662	0.279237	1.17796	1.6969	2.63917	0	0.0613572	1.9719117	1.329739	9.343819	1.14887	0.3725062	2.340578	0.813888	0.5002205	0	0	0.629424	2.1307771
K12738	NO_NAME	0	0	0	0	0	0	0	0	0	0	0	0.0958607	0	0	0	0.26018	0	0	0	0	0	0	0	0	0	0	0	0	0	0	0	0	0	0	0	0	0	0	0	0	0	0
K12741	heterogeneous nuclear ribonucleoprotein A1/A3	0	0	0	0	0	0	0	0	0	0	0	0	0	0	0	0.0295366	0	0	0	0	0	0	0	0	0	0	0	0	0.0183257	0	0	0	0	0	0	0	0	0	0	0	0	0
K12755	myosin regulatory light chain 9	0	0	0	0	0	0	0	0	0	0	0	0	0	0	0	0.0428067	0	0	0	0	0	0	0	0	0	0	0	0	0	0	0	0	0	0	0	0	0	0	0	0	0	0
K12757	myosin regulatory light chain 12	0	0	0	0	0	0	0	0	0	0	0	0	0	0	0	0.01631676	0	0	0	0	0	0	0	0	0	0	0	0	0	0	0	0	0	0	0	0	0	0	0	0	0	0
K12797	caspase recruitment domain-containing protein 6	0	0	0	0	0	0	0	0	0	0	0	0	0	0	0	0.0467383	0	0	0	0	0	0	0	0	0	0	0	0	0	0	0	0	0	0	0	0	0	0	0	0	0	0
K12802	pyrin domain-containing protein 1	0	0	0	0	0	0	0	0	0	0	0	0.153215	0	0	0	0.0810374	0	0	0	0	0	0	0	0	0	0	0	0	0	0	0	0	0	0	0	0	0	0	0	0	0	0
K12806	caspase recruitment domain-containing protein 18	0	0	0	0	0	0	0	0	0	0	0	0.0760871	0	0	0	0	0	0	0	0	0	0	0	0	0	0	0	0	0	0	0	0	0	0	0	0	0	0	0	0	0	0
K12807	baculoviral IAP repeat-containing protein 1	0	0	0	0	0	0	0	0	0	0	0	0	0	0	0	0.0333374	0	0	0	0	0	0	0	0	0	0	0	0	0	0	0	0	0	0	0	0	0	0	0	0	0	0
K12828	splicing factor 3B subunit 1	0	0	0	0	0	0	0	0	0	0	0	0	0	0	0	0.0245925	0	0	0	0	0	0	0	0	0	0	0	0	0	0	0	0	0	0	0	0	0	0	0	0	0	0
K12832	splicing factor 3B subunit 5	0	0	0	0	0	0	0	0	0	0	0	0	0	0	0	0.0211802	0	0	0	0	0	0	0	0	0	0	0	0	0	0	0	0	0	0	0	0	0	0	0	0	0	0
K12848	U4/U6.U5 tri-snRNP component SNU23	0	0	0	0	0	0	0	0	0	0	0	0	0	0	0	0	0	0	0	0	0	0	0	0	0	0	0	0	0	0	0	0	0	0	0	0	0	0	0	0.0328919	0	0
K12876	RNA-binding protein 8A	0	0	0	0	0	0	0	0	0	0	0	0	0	0	0	0.0155519	0	0	0	0	0	0	0	0	0	0	0	0	0	0	0	0	0	0	0	0	0	0	0	0	0	0
K12884	heterogeneous nuclear ribonucleoprotein C1/C2	0	0	0	0	0	0	0	0	0	0	0	0	0	0	0	0.0105221	0	0	0	0	0	0	0	0	0	0	0	0	0	0	0	0	0	0	0	0	0	0	0	0	0	0
K12889	poly(rC)-binding protein 1	0	0	0	0	0	0	0	0	0	0	0	0	0	0	0	0.0373519	0	0	0	0	0	0	0	0	0	0	0	0	0	0	0	0	0	0	0	0	0	0	0	0	0	0
K12894	NO_NAME	0	0	0	0	0	0	0	0	0	0	0	0	0	0	0	0.0275533	0	0	0	0	0	0	0	0	0	0	0	0	0	0	0	0	0	0	0	0	0	0	0	0	0	0
K12898	NO_NAME	0	0	0	0	0	0	0	0	0	0	0	0	0	0	0	0.0777068	0	0	0	0	0	0	0	0	0	0	0	0	0	0	0	0	0	0	0	0	0	0	0	0	0	0
K12940	NO_NAME	0.132549	0.0563927	2.1291	0	0	0.0650479	0.674621	0.0613835	0	0.242183	2.88122	0.559022	5.5162982	5.89865	16.5528	0	1.01364	0	0	0	0	0.1499747	0.7624224	0	0	0	0.144712	0.0989743	0	1.319789	0	0.0809613	3.053336	0.429456	0.0562865	2.753577	0	0	0	0	0	0.821641
K12941	NO_NAME	28.8616854	19.416786	2.344193	8.86484	12.9759	9.87239	8.7215758	2.9350685	4.05598	6.6563545	6.393424	0	3.802681	2.502297	5.452898	0.1105	0.1900857	4.398109	9.411785	24.4193216	19.3805286	2.078365	1.7656561	0.773817	8.93391	5.4171511	13.1484233	2.494284	0	1.6646573	0.4720065	2.951421	14.121142	7.97905	3.226963	0.972848	16.707008	25.0394367	37.9665445	52.3561403	42.548	0.979319
K12942	NO_NAME	0	0	2.735312	0	0	0.355209	2.5065958	0.2985316	0.0915534	1.53349	2.452793	0.8428551	8.679921	14.065076	10.367672	4.221887	1.0926177	0.413516	0.11683	0.577117	0.505293	1.1482412	2.0790619	0.715575	0.975885	2.18561	0.6526014	17.6145041	0.061519	3.401725	0.337958	0.225376	7.22585	3.5205078	0.3480543	0.272212	2.4792979	0.821121	0.0971065	0.0773714	0.0518739	0.2453519
K12943	NO_NAME	0	0	2.660735	0	0	0.111859	0.670057	0.0292026	0	0.1365778	1.32697	0	5.217083	4.271143	22.89232	0	0.3287304	0	0	0	0	0.0491055	0.2037829	0	0	0	0.417709	0.2147566	3.54569	0.1200192	0.060106	0	5.05913	0.706475	0	1.289785	0	0.0995703	0	0	0	0.5045884
K12944	NO_NAME	0	0	4.21816	0	0	0.1357839	1.513656	0.0138097	0	0	0.890283	0.0149869	5.28435	5.75118	23.85436	0.258379	0.166741	0	0	0.0193298	0	0	0.059467	0	0	0	0.1246598	0.1054055	1.112156	0	0.3598778	0	3.5867951	0.4293379	0.0950511	1.149144	0	0.0196644	0	0	0	0.349966
K12945	NO_NAME	0	0.3653658	5.6511648	0	0	0.2921237	2.435524	0	0	0.733086	0	0	3.70897	3.279495	10.8274	0.812046	0.4814771	0	0	0	0.036671	0	0.115584	0	0	0	0.199498	0	0	0	0.9094572	0	5.97506	1.5641992	0.251556	0.230046	0	0	0	0	0	2.2531426
K12947	signal peptidase complex subunit 2 [EC:3.4.-.-]	0	0	0	0	0	0	0	0	0	0	0	0	0	0	0	0.0128874	0	0	0	0	0	0	0	0	0	0	0	0	0	0	0	0	0	0	0	0	0	0	0	0	0	0
K12950	NO_NAME	0	0	0	0	0	0	0	0	0	0	0	0	0	0	0	0	0	0	0	0	0	0	0	0	0	0	0	0	0.0458732	0	0	0	0	0	0	0	0	0	0	0	0	0
K12952	NO_NAME	0.8326051	3.3516484	2.7934228	3.2841317	6.530803	1.456266	6.1034227	3.0045637	1.9469645	53.1061186	39.373135	1.876809	11.57005	2.338535	1.4546273	2.22995	2.0773381	3.506544	3.6602918	15.1473143	1.4259079	15.8490645	10.9294171	19.9733009	0.9150971	0.3886135	2.130274	0.3871432	0.0637975	3.1204645	18.9905341	4.1061716	2.068642	2.3164334	8.3858023	17.2993987	0.187827	0.1939944	1.598104	2.756371	7.254119	21.2257919
K12957	NO_NAME	0	0.425985	0	0	0	0.0194936	0.409969	0.0308869	0	0.392826	0	0	8.76392	1.23769	4.10428	0	0.283695	0	0	0	0	0.0141726	0.174143	0	0	0	0.157278	0	0.155178	0	0.417717	0	10.415043	0.942218	0	0.446215	0	0	0	0	0	1.37389
K12960	5-methylthioadenosine/S-adenosylhomocysteine deaminase [EC:3.5.4.31 3.5.4.28]	39.2397384	25.9572998	0.7472361	12.454287	15.8796705	13.2588394	11.768661	14.8447892	7.1863741	8.5258728	4.556547	1.4000244	3.087332	2.0048399	0.177212	5.2806661	6.8043971	8.427117	7.65666	34.8214385	28.168898	5.9306947	5.7173296	1.268259	2.860552	9.749402	2.9126788	2.163736	2.22112	15.6838512	2.5057684	5.5680174	14.1614805	11.090201	6.5141016	0.890254	22.183433	34.015469	63.049231	71.1550418	59.459968	1.56856
K12961	NO_NAME	0	0.266454	9.46299	0	0	0.867696	3.580915	0.0599742	0	0.0704153	1.929078	0.0678035	10.63279	12.81587	51.9815	0.301132	1.411001	0.196912	0	0	0	0	0.560363	0	0	0	0.622023	0.40344	3.6178	0	0.578163	0.077106	12.46276	2.839716	0.333433	4.06491	0	0.0796775	0	0	0	3.30795
K12962	undecaprenyl phosphate-alpha-L-ara4N flippase subunit ArnE	0	0	6.6963	0	0	0	1.6104518	0	0	0	1.85775	0	0	0	0	0.890013	0.194796	0	0	0	0	0.180833	0.0868407	0	0	0	0	0	4.20076	0	0.4833566	0	17.309484	0.315157	0.823776	0	0	0.236141	0	0	0	0
K12963	undecaprenyl phosphate-alpha-L-ara4N flippase subunit ArnF	0	0	9.9311221	0	0	0.324171	1.9808429	0.4345235	0	1.3237977	1.34948	0	3.35047	2.65038	11.5883	1.37973	0.650079	0	0	0	0.025916	0.1746539	0.1667324	0	0	0	0.1085048	0.0422302	3.59115	0.0550892	1.416124	0	13.722393	0.633911	1.19822	1.51418	0	0	0	0	0	1.0925884
K12972	glyoxylate/hydroxypyruvate reductase A [EC:1.1.1.79 1.1.1.81]	0	0.320773	4.23033	0	0	0.0850817	1.791935	0.0181163	0	0	0.554734	0	0.1538	0.176457	0	0.7037452	0.2749406	0	0	0	0	0.0563612	0.135214	0.0289894	0	0	0.0763126	0	3.13887	0	0.5180893	0	1.17062	0.6767909	0.296618	0	0	0	0	0	0	0.3539909
K12973	lipid IVA palmitoyltransferase [EC:2.3.1.251]	0	0.371164	4.73848	0	0	0.179811	2.708646	0.1222642	0	0	0.971513	0.0818261	3.84433	5.52205	17.8001	0.573595	0.671898	0.0212923	0	0	0	0.1294677	0.0998352	0.0416309	0	0	0.1271645	0.2508221	3.80214	0.0264144	0.3326336	0	7.142212	1.5593798	0.170448	1.1274542	0	0	0	0	0	2.3974802
K12974	NO_NAME	0	0	2.609418	0	0	0.0264162	0.138629	0	0	1.56233	0.16931	0.0199859	3.20897	2.56523	11.6856	0.303195	0.282448	0	0	0	0	0.123875	0.122965	0	0	0	0.0669379	0.045576	0.763238	0.0258231	0.156856	0.0141742	0.707442	0.372669	0	1.14739	0	0.0361812	0	0	0	0.417142
K12975	KDO II ethanolaminephosphotransferase [EC:2.7.8.42]	0	0	2.0378	0	0	0.0115355	1.325324	0.0596431	0	0.0118998	0.0163775	0	3.66775	4.75063	9.55703	0	0.313661	0	0	0	0	0.0139854	0.2412609	0	0	0	0.139769	0	0	0	0.0102237	0	2.4107828	0.726568	0	0.65266	0	0	0	0	0	0.965604
K12976	NO_NAME	0	0	0	0	0	0	0	0	0	0	0	0	0	0	0	0	0	0	0	0	0	0	0	0	0	0	0	0	0	0	0	0	9.63803	0	0	0	0	0	0	0	0	0
K12978	NO_NAME	3.9231	2.83576	1.56291	9.01908	5.7289	0	0	4.9964	3.33762	0.445791	0.828094	1.31912	18.5606	1.31962	0.294856	1.41355	8.14706	1.30136	0.834994	0	2.95023	6.85703	6.98813	0	0	9.27434	17.7741	4.11128	0.136789	8.45304	26.4964	8.47655	3.13879	1.85823	5.76643	1.97536	6.74197	5.04429	11.6314	0	0	15.2473
K12982	NO_NAME	0	0	0	0	0	0	0	0	0	0	0	0	0	0	0	0	0	0	0	0	0	0	0	0	0	0	0	0	0	0	0	0	0.366354	0	0	0	0	0	0	0	0	0
K12984	NO_NAME	0	0	0	0	0	0	0.33099	0	0	0	0	0	0	0	0	0	0	0	0	0	0	0	0.0455757	0	0	0	0	0	0	0	0.263944	0	0.466624	0.122476	0	0	0	0	0	0	0	0.1908059
K12986	NO_NAME	0	0	0	0	0	0	0	0	0	0	0	0	0	0	0	0	0	0	0	0	0	0	0	0	0	0	0	0	2.60061	0	0.0695119	0	0	0	0	0	0	0	0	0	0	0
K12988	NO_NAME	0	0	0	0	0	0	0	0	0	0	0	0	0	0	0	0	0	0	0	0	0	0	0	0	0	0	0	0	0	0	0	0	10.6762	0	0	0	0	0	0	0	0	0
K12990	NO_NAME	0	0	0	1.96437	0	0	0	0	0	0	0	0	0	0	0	0	0	0	0	0	0	0	0	0	0	0	0	0	0	0	0	0	0	0	0	1.53172	0	0.113105	0	0	0	0
K12991	NO_NAME	0	0	0	0	0	0	0	0	0	0	0	0	0	0	0	0	0	0	0	0	0	0	0	0	0	0	0	0	0	0	0	0	0	0	0	1.71549	0	0	0	0	0	0
K12992	NO_NAME	29.9222843	18.954169	0.9427132	12.43287	14.24811	12.49333	8.967855	6.265601	7.047893	5.2440851	4.400531	0.403479	0.686649	2.216165	0.2809184	0.287071	1.207597	6.747784	8.777722	24.9369683	19.1606033	2.403289	3.3824518	2.396352	1.732713	6.21929	4.328489	1.673765	0	2.71776	0.652925	4.029295	20.61972	7.2508074	2.706573	1.742138	15.2123435	21.079702	35.26893	57.789985	38.193347	0.251258
K12995	NO_NAME	0.90181	1.983088	0.76812	0	0	0	0	0	0	13.759084	3.5997592	0.0783319	0	1.27945	0	0	0	0	0	0	0	1.15705	0.0854839	3.67503	21.12038	0	0	4.1697	0	0.2214239	0	0.345351	0.142276	0	0	0	0	0	0	0	13.4094	0.343834
K12996	NO_NAME	0.0924925	0.591276	0.7823732	0.157633	0	0.937477	7.578758	14.6295	22.3687445	0.349698	0	0	0	0	0	0.0531729	0.0885019	0.164877	1.949539	1.935628	4.656997	0.0424133	0.240245	4.508765	2.688225	0.493613	0	0	0	0.3716091	0.116182	0.0452512	0	0.7130202	0.232379	0.2724683	0	0	0	0	0	0.1740912
K12997	NO_NAME	0	0	0.0666938	0.123454	0	0	0	0.0672993	0	0.760539	0.1074625	0	0	0	0.085224	0	0	0	0.0632088	0.07669	0	0.0543534	0	0	0	0	0.0766039	0	0	0	0	0	0	0	0.298264	0.0783385	0	0.12202	0	0	0	0.301502
K12999	NO_NAME	0	0	0	0.17957	0	0	8.18327	0	0	0	0	0	0	0	0	0	0	0	0	0	0	0	0	0	0.538305	0	0	0	0	0.504839	0.0926826	0	0	0	0	0.4928858	0	0.113056	0	0	0	0.247662
K13004	NO_NAME	0.172274	0.269532	0	1.39038	0	0	0.0957034	0	0	0	0	0	0.0431452	0	0	0.700633	0	0	0	0	0	0.373076	0.428239	0.0907351	0	0	0	0	0	0	12.6636	1.66558	0	0	0	0	0	0	0.0586362	0	0	2.379653
K13007	NO_NAME	0	0	0	0	0	0	0	0	0	0	0	0	0	0	0	0	0	0	0	0	0	0	0	0	0	0	0	0	0	0	0	0	0.175461	0	0	0	0	0	0	0	0	0
K13009	NO_NAME	0	0	0	0	0	0	0	0	0	0	0	0	0	0	0	0	0	0	0	0	0	0	0	0	0	0	0	0	0	0	0.0600229	0	0	0	0	0	0	0	0	0	0	0
K13012	NO_NAME	2.5246749	1.930088	1.42202	0.226226	0.955367	0.672711	0.926702	2.0497342	3.3587	3.87337	2.47894	0.6708439	1.4007038	0.573284	0.0671352	0.102897	0.4706556	6.70197	7.066161	1.48989	0	0.8542814	2.541272	7.226219	1.851826	3.188894	0.4630691	0.749427	0	2.8734673	0.464101	0.53811	9.96848	3.61995	2.6892775	0.6478367	4.2464	5.054584	0.271496	1.0656619	2.914784	10.3434065
K13014	undecaprenyl phosphate-alpha-L-ara4FN deformylase [EC:3.5.1.-]	0	0	9.441532	0	0	0.5066446	2.8155331	0.104721	0	0.0231289	0.569884	0	6.68935	8.43195	23.8816	0.705441	0.733296	0.0310301	0	0	0	0	0.157642	0	0	0	0.232843	0.1423172	1.428122	0	0.382793	0	17.1195234	1.138386	0.318317	1.297744	0	0	0	0	0	1.324161
K13015	UDP-N-acetyl-D-glucosamine dehydrogenase [EC:1.1.1.136]	0	0	0	0	0	0	0	0	0	0	0	0	0	0	0	0	0	0	0	0	0	0.28215	0.14532	0	0	0	0	0	0	0	0.156473	0	5.21793	0	0	0	0	0	0	0	0	0
K13016	UDP-N-acetyl-2-amino-2-deoxyglucuronate dehydrogenase [EC:1.1.1.335]	0.113934	0.142952	0	0	0	0	0	0	0	0	0	4.49021	0.897011	0	0	0	0	0	0	0	0	0.363811	0	0	0	0	0.0418566	0	0	0.168384	0	0.910076	8.765725	0	0	0	0	0	0	0	0	0.0617781
K13017	UDP-2-acetamido-2-deoxy-ribo-hexuluronate aminotransferase [EC:2.6.1.98]	0	0	0	0	0	0	0	0	0	0	0	0	0	0	0	0	0	0	0	0	0	0	0	0	0	0	0	0	0	0	0	0	8.36729	0	0	0	0	0	0	0	0	0
K13018	UDP-2-acetamido-3-amino-2,3-dideoxy-glucuronate N-acetyltransferase [EC:2.3.1.201]	0	0	0	0	0	0	0	1.02469	0	0	0	0	0	0	0	2.29869	0	0	0	0	0	0.708904	0	0	0	0.995024	0	0	0	0.396132	0.328383	0.122647	9.96986	0	2.09024	0	0.495989	2.55046	4.99705	0.870258	0	0
K13019	UDP-GlcNAc3NAcA epimerase [EC:5.1.3.23]	0.258839	0.107957	0	0	0	0	0	0	0	0.042146	0	2.04486	0.281526	0	0	0	0	0	0	0	0	0.324704	0.071283	0	0	0	0	0	0	0.160303	0	0.673799	8.3296	0	0	0	0	0	0	0	0	0
K13037	L-alanine-L-anticapsin ligase [EC:6.3.2.49]	0	0	0	0	0	0	0	0	0	0	0	0	0	0	0	0	0	0	0	0	0	0	0	0	0	0	0	0	0	0	0	0	0	0	0	0	0	0	0	0.0622263	0	0
K13038	phosphopantothenoylcysteine decarboxylase / phosphopantothenate--cysteine ligase [EC:4.1.1.36 6.3.2.5]	0.2445002	0.27287	9.2746629	1.225917	0.136624	0.0277152	0.2882639	2.25253807	0.440117	0.458256	1.2640372	2.7942185	6.831728	3.0822328	15.7135304	2.3727006	1.4848676	2.3286514	3.940609	0.432328	0.2464703	30.6662492	56.3115647	0.3797306	0.0995372	0.0965903	0.7011965	0.4431629	3.8017447	4.854083	0.8561593	0.4568017	20.901927	0.6531874	0.9413766	6.6827656	0.0902927	0.115369	3.7288204	0.6404233	0	4.6856308
K13039	sulfopyruvate decarboxylase subunit beta [EC:4.1.1.79]	0	0	0.314214	0	0	0	0	2.03451	0	0	0	0	0	0	0	0	0.429095	0	0	0	0	0	0	0	0	0	0	0	0	2.40903	0	0	0	0	0	0	0	0	1.86098	0	0	0
K13040	two-component system, LuxR family, sensor histidine kinase TtrS [EC:2.7.13.3]	0	0	0	0	0	0	0	0	0	0	0	0	0	0	0	0	0	0	0	0	0	0	0	0	0	0	0	0	0	0	0	0	0.290105	0	0	0	0	0	0	0	0	0
K13041	two-component system, LuxR family, response regulator TtrR	0	0	0	0	0	0	0	0	0	0	0	0	0	0	0	0	0	0	0	0	0	0	0	0	0	0	0	0	0	0	0	0	0.472241	0	0	0	0	0	0	0	0	0
K13043	NO_NAME	4.7445	4.440826	0	0	0	0.447929	1.935345	1.240525	0.4115595	10.86917	2.212035	45.7923	10.89675	0.0739038	0	29.18234	1.049332	0.678242	0.0548772	2.619534	0.636098	7.808345	2.85125	0.160592	6.50389	6.560459	1.573987	25.0905	59.9509	6.058641	1.466385	2.8772	5.61102	2.808205	0.293137	0	0.39507	5.546965	0.520809	0.523613	0.254143	1.53281
K13049	NO_NAME	0.085059	0.138906	0.138117	0	0	0	0	0.0677545	0	0.250548	0.560472	0	0.0998164	0	0.0639673	0	0	0.186847	1.06261	0	0.0600487	0.15755	0	0	0	0.136932	0	0.256319	0	0.0638114	0.0405816	0.1025895	0	0	0.3300736	0	0	0.12147	0	0	0	0.130064
K13051	NO_NAME	0	0	2.02821	0	0	0.3529495	2.254249	0.358126	0.196397	1.7901	1.99077	0.0803597	6.79508	2.939939	10.8277641	4.97138	0.986347	0.383873	0.0692503	0.720172	0.768766	1.000968	0.6780562	1.058032	0.834428	2.41354	0.928069	20.3069188	0.322086	2.23796	0.083529	0.609386	6.24688	4.982973	0	0.9124188	2.98857	0.881594	0.230236	0	0	0.383766
K13052	NO_NAME	0	0	9.51086	0.881762	0.2667542	0.68221	0	0.3673429	0	0.772188	0.523913	2.92838	0	0.623541	0.0923191	0.2875261	0.247901	2.0351085	4.316588	0.0924872	0	25.7250772	51.5719463	0.351186	0.4845658	0.0610644	0.065163	0.445744	0	0.148837	0.280038	0.3688545	8.265657	0.4559069	0.18646	7.241401	0.0774414	0.1817932	0.316433	0.0635791	0.189899	4.445732
K13053	NO_NAME	0	0.251082	3.80679	0	0	0.279706	2.59526	0.0734684	0	0	0	0.0144461	0	2.7823	0	0.836144	0.153402	0.044762	0	0	0	0.071203	0.0911828	0	0	0	0	0	0	0	0.252946	0	5.84398	0.399067	0.205918	0	0	0	0	0	0	0.3291399
K13057	trehalose synthase [EC:2.4.1.245]	0	0	0.0276452	0	0	0.0207751	0	0	0	0	0.0752812	0	0.0399024	0	0.0201038	0	0.1418	0	0	0.096484	0	0	0.0253682	0.325624	0.053142	0	0	0.0308018	0	0.0342017	0.1733731	0	0	0	0.0321676	0	0	0	0	0.0446301	0.0315565	0
K13059	NO_NAME	9.92379	0.262421	2.9794	2.39049	2.59902	20.59	8.03613	4.02891	0.548878	0.500858	0	0.19889	1.42016	0	0	1.24708	0.969894	0.999108	1.17528	1.66668	0	0.826873	2.68254	0	0	1.1226	1.84055	2.93223	0	0.892978	3.00598	3.37296	0.954257	0.0367028	0.26042	1.22043	9.08587	3.37211	0	0	0.695751	4.72332
K13060	acyl homoserine lactone synthase [EC:2.3.1.184]	0	0	0	0	0	0	0	0	0	0	0	0	0	0	0	0	0	0	0	0	0	0	0	0	0	0	0	0	0	0	0	0	5.59792	0	0	0	0	0	0	0	0	0
K13061	acyl homoserine lactone synthase [EC:2.3.1.184]	0	0	0	0	0	0	0	0	0	0	0	0	0	0	0	0	0	0	0	0	0	0	0	0	0	0	0	0	0	0	0	0	9.88809	0	0	0	0	0	0	0	0	0
K13069	NO_NAME	0	0.268362	3.880127	0	0	0.0944653	0.3786169	0.0759499	0	0.161735	0.254962	0.014375	9.51349	4.636704	29.92616	0	0.3093541	0.0169827	0	0	0	0.01760846	0.0890765	0	0	0	0.2627061	0.2567238	1.325186	0	0.04590425	0.0148905	10.779434	0.565871	0	1.281955	0	0	0	0	0	0.910604
K13073	polymeric immunoglobulin receptor	0	0	0	0	0	0	0	0	0	0	0	0	0	0	0	0.0315654	0	0	0	0	0	0	0	0	0	0	0	0	0	0	0	0	0	0	0	0	0	0	0	0	0	0
K13075	N-acyl homoserine lactone hydrolase [EC:3.1.1.81]	0	0	0.8364252	0	0	0	0	0	0	0.689264	0	0	0	0	0	0.196859	0.0639707	0	0	0	0	0	0	0	0	0	0	0	0	0	0.1574226	0	0	0	0.0841272	0	0	0	0	0	0	0.0378684
K13087	NO_NAME	0	0	0	0	0	0	0	0	0	0	0	0	0	0	0	0.029388	0	0	0	0	0	0	0	0	0	0	0	0	0	0	0	0	0	0	0	0	0	0	0	0	0	0
K13096	NO_NAME	0	0	0	0	0	0	0	0	0	0	0	0	0	0	0	0.03754	0	0	0	0	0	0	0	0	0	0	0	0	0	0	0	0	0	0	0	0	0	0	0	0	0	0
K13097	NO_NAME	0	0	0	0	0	0	0	0	0	0	0	0	0	0	0	0.0234338	0	0	0	0	0	0	0	0	0	0	0	0	0	0	0	0	0	0	0	0	0	0	0	0	0	0
K13099	NO_NAME	0	0	0	0	0	0	0	0	0	0	0	0	0	0	0	0.054454	0	0	0	0	0	0	0	0	0	0	0	0	0	0	0	0	0	0	0	0	0	0	0	0	0	0
K13111	NO_NAME	0	0	0	0	0	0	0	0	0	0	0	0	0	0	0	0.0196974	0	0	0	0	0	0	0	0	0	0	0	0	0	0	0	0	0	0	0	0	0	0	0	0	0	0
K13119	NO_NAME	0	0	0	0	0	0	0	0	0	0	0	0	0	0	0	0.0669152	0	0	0	0	0	0	0	0	0	0	0	0	0	0	0	0	0	0	0	0	0	0	0	0	0	0
K13126	polyadenylate-binding protein	0	0	0	0	0	0	0	0	0	0	0	0.0339319	0	0	0	0.2797783	0	0	0	0	0	0	0	0	0	0	0	0	0	0	0	0	0	0	0	0	0	0	0	0	0	0
K13127	NO_NAME	0	0	0	0	0	0	0	0	0	0	0	0	0	0	0	0.121862	0	0	0	0	0	0	0	0	0	0	0	0	0	0	0	0	0	0	0	0	0	0	0	0	0	0
K13132	gem associated protein 4	0	0	0	0	0	0	0	0	0	0	0	0	0	0	0	0.0651529	0	0	0	0	0	0	0	0	0	0	0	0	0	0	0	0	0	0	0	0	0	0	0	0	0	0
K13136	gem associated protein 8	0	0	0	0	0	0	0	0	0	0	0	0	0	0	0	0.0783478	0	0	0	0	0	0	0	0	0	0	0	0	0	0	0	0	0	0	0	0	0	0	0	0	0	0
K13142	NO_NAME	0	0	0	0	0	0	0	0	0	0	0	0	0	0	0	0.0559119	0	0	0	0	0	0	0	0	0	0	0	0	0	0	0	0	0	0	0	0	0	0	0	0	0	0
K13159	NO_NAME	0	0	0	0	0	0	0	0	0	0	0	0	0	0	0	0.01002024	0	0	0	0	0	0	0	0	0	0	0	0	0	0	0	0	0	0	0	0	0	0	0	0	0	0
K13197	NO_NAME	0	0	0	0	0	0	0	0	0	0	0	0	0	0	0	0.0117957	0	0	0	0	0	0	0	0	0	0	0	0	0	0	0	0	0	0	0	0	0	0	0	0	0	0
K13205	NO_NAME	0	0	0	0	0	0	0	0	0	0	0	0	0	0	0	0.0240796	0	0	0	0	0	0	0	0	0	0	0	0	0	0	0	0	0	0	0	0	0	0	0	0	0	0
K13208	NO_NAME	0	0	0	0	0	0	0	0	0	0	0	0	0	0	0	0.0405222	0	0	0	0	0	0	0	0	0	0	0	0	0	0	0	0	0	0	0	0	0	0	0	0	0	0
K13243	NO_NAME	0	0	0.207348	0	0	0.00433856	0.0599647	0.00792917	0	0	0.730328	0	0.061474	0.0274505	0.168236	0	0.0105838	0.0926276	0	0	0	0.00510556	0.063999	0	0	0	0.0851156	0.0110555	2.98274	0	0	0	3.52894	0.0188711	0	0.0181459	0	0	0	0	0	0.161554
K13244	NO_NAME	0	0	0	0	0	0.0446815	0.15749	0.0469447	0	0.00813866	1.4556	0.0147254	0	0.0878209	0	0	0.0190789	0.110976	0	0	0	0	0.159437	0	0	0	0.155114	0.191163	3.77416	0.0589613	0.0701728	0.0179093	7.45065	0.251995	0	0.0831264	0	0.159037	0	0	0	0.305294
K13252	NO_NAME	18.4575	2.54249	0	28.833637	6.0468485	1.871799	4.639238	0	0.128058	3.679209	0.2506293	6.3722566	0.202925	0	0	0.398091	0.1199336	1.093763	0.149605	8.50076	3.272327	4.502171	3.770523	2.359587	10.6957217	1.5924492	2.910824	5.8869129	2.446621	4.4128962	0.5210267	0.20379	24.65976	16.96181	0	0.1616656	7.724876	4.42931	4.5204899	2.1863291	5.05268	0.387146
K13255	NO_NAME	0	0	4.219026	0	0	0.0656587	0.578999	0.0551875	0	0.850439	0.853187	0.118417	9.90327	6.37625	35.2078	0	0.806618	0.0679486	0	0	0	0.0936002	0.102741	0	0	0	0.255757	0.221861	2.54377	0	0.0855029	0	9.59425	0.7009294	0	2.52066	0	0	0	0	0	1.099341
K13256	NO_NAME	0	0.207792	10.7970456	0.2058907	0.16367	0.192901	11.8390748	0	0	0.9589943	3.060256	0	4.159997	7.48018	50.1393	0.485965	0.716217	0	0.06732	0.0661943	0	0	0.5367669	0.4019578	0.67894	0	1.43295	0.188708	2.432333	0.65359	2.879591	0.5067347	12.4602	2.622672	0.436888	1.140431	0.628975	0.0673138	0	0.0657222	0	5.1644917
K13275	NO_NAME	0	0	0.0369815	0	0	0	0	0	0	0	0	0	0	0	0	0	0	0	0	0	0	0	0	0	0	0	0	0	0	0	0	0	0	0	0	0	0	0	0	0.0758239	0.0525543	0
K13276	NO_NAME	0	0	0	0	0	0	0	0	0	0	0	0	0	0	0	0	0	0	0	0	0	0	0	0	0	0	0	0	0	0	0	0	0	0	0	0	0	0	0	0.0592546	0	0
K13277	minor extracellular protease Epr [EC:3.4.21.-]	0	0	0	0	0	0	0	0	0	0	0	0	0	0	0	0	0	0	0	0	0	0	0	0.0776431	0	0	0	0	0	0	0	0	0	0	0	0	0	0	0	0	0	0
K13280	signal peptidase, endoplasmic reticulum-type [EC:3.4.-.-]	6.3150083	5.5030212	5.88182	9.660268	6.569643	5.39752	12.019427	22.704188	26.765361	11.783335	1.0441382	0.937593	10.718483	5.2500567	0.8305456	1.4025133	8.258823	10.779416	16.9474292	1.4403042	2.1742061	7.617414	8.17613	3.0375009	0.4997443	12.894541	11.2288701	5.05229	0	7.26382	8.284554	10.08568	1.6459991	0.4370786	10.796746	4.27502	23.3566744	13.42315	4.825058	17.905302	6.530647	8.626677
K13281	NO_NAME	0	0	0.0736902	0.350624	0	0	0	0	0	0	0	0	0	0	0	0.751769	0.405698	0	0	0	0	0.223836	0.0667191	0	0	0	0	0	0	0.0416777	0.271454	0.0767926	0	0	0.0859495	0	0	0.0369717	0.1338135	0.0647521	0.0523603	0
K13283	NO_NAME	0	0.456148	5.8204277	0	0	0.2977966	3.264443	0.0743488	0	0.7119086	1.33587	0	2.28124	6.40717	8.9785	0.376235	0.708948	0.0576616	0	0.0151977	0	0.1149726	0.1968707	0.0404618	0	0	0.182768	0.3053894	4.05951	0	0.5813916	0	7.679467	2.618754	0.310147	0.776364	0	0.0583297	0	0	0	2.29767
K13287	invasin D	0	0	0	0	0	0	0.05453	0	0	0	0	0	0	0	0	0	0	0	0	0	0	0	0	0	0	0	0	0	0	0	0	0	0	0	0	0	0	0	0	0	0	0
K13288	oligoribonuclease [EC:3.1.-.-]	11.93	2.8608	11.647125	9.622766	19.59535	60.7993047	27.7077424	5.3404495	0.587148	0.9528908	0.5623281	1.6313083	20.7024792	7.3941543	25.4389607	2.258967	1.4655413	2.339958	1.1570024	23.508271	0.4609923	20.00998	25.610362	0.5520787	0	1.94891	4.491134	4.0629391	3.262558	0.8618808	28.3116122	11.9979859	53.058101	3.9932075	1.9663119	3.4635067	37.19049	16.7857	11.2463	0.735537	27.17281	16.583594
K13292	NO_NAME	7.071034	4.5725633	23.871712	14.0837046	7.107529	10.8407738	22.0551707	15.8692351	14.127801	45.8611035	55.5361241	4.9030146	8.1020519	20.193413	13.9290423	7.4523357	22.5094692	14.4073781	13.9327412	24.0544198	32.3824147	34.7092708	66.2246284	35.8582751	2.3491605	5.7397005	6.4106679	2.0121586	4.5204322	13.3779614	34.3661532	27.7834264	29.6636892	31.4926115	12.5256597	11.2554225	4.2893294	5.9903014	9.9658778	12.5909378	8.6522051	25.8533349
K13300	NO_NAME	0	0	0	0	0	0	0	0	0	0	0	0	0	0	0	0	0	0	0	0	0	0	0	0	0	0	0	0	0	0	0	0.079821	0	0	0	0	0	0	0	0.123576	0	0
K13301	secretion monitor	0	0.430426	10.00093	0	0	0.2595674	1.680536	0	0	0	0	0	8.25892	6.12686	30.3692	1.1159	0.686711	0	0	0	0	0.0835886	0.113037	0.0387111	0	0	0.071087	0	0	0	0.784128	0.0368006	0.0787243	0.308385	0.757455	3.17271	0	0.0117425	0	0	0	0.541003
K13327	dTDP-3,4-didehydro-2,6-dideoxy-alpha-D-glucose 3-reductase [EC:1.1.1.384]	0	0	0	0	0	0	0	0	0	0	0	0.238216	0.0696339	0	0	0.427909	0.0460205	0	0	0	0	0	0	0	0	0	0	0	0	0.707437	0	0	0	0	0	0	0	0	0	0	0	0
K13345	peroxin-12	0	0	0	0	0	0	0	0	0	0	0	0	0	0	0	0.0344402	0	0	0	0	0	0	0	0	0	0	0	0	0	0	0	0	0	0	0	0	0	0	0	0	0	0
K13349	Mpv17-like protein	0	0	0	0	0	0	0	0	0	0	0	0	0	0	0	0.0982495	0	0	0	0	0	0	0	0	0	0	0	0	0	0	0	0	0	0	0	0	0	0	0	0	0	0
K13378	NADH-quinone oxidoreductase subunit C/D [EC:1.6.5.3]	0.462509	1.813555	1.34673	0.0611322	0	0.760017	5.817007	0.7089	0.3044243	7.4813583	2.514217	22.440657	7.788034	3.479167	7.752316	15.663858	0.967506	0.941789	0.1354403	1.316297	0.989604	4.879988	1.4410553	0.74081	2.229518	3.87565	1.425888	38.9966	58.83669	3.139896	0.3536878	2.229076	12.825118	6.162278	0.4371625	0.238732	2.6070525	3.347785	0.372743	0.1419821	0	1.680751
K13381	bifunctional chitinase/lysozyme [EC:3.2.1.14 3.2.1.17]	0	0	0	0	0	0.01605904	0.13459048	0.01238508	0	0	0.39401	0	0	0.5185025	0	0	0.2072861	0	0	0	0	0.026076	0.021296	0	0	0	0	0	1.67233	0	0.0428522	0	0.2536645	0.1581915	0	0.624502	0	0.02122394	0	0	0	0.230258
K13408	membrane fusion protein	0	0	2.56928	0	0	0	0.74346	0	0	0	0	0	0	0	0	0	0	0	0	0	0	0	0	0	0	0	0	0	0	0	0	0	0	0	0	0	0	0	0	0	0	0
K13409	ATP-binding cassette, subfamily B, bacterial RaxB	0	0	0.550022	0	0	0	0	0	0	0	0	0	0	2.00312	0	0	0	0	0	0	0	0	0	0	0	0	0	0	0	0	0	0	0.0630136	0	0	0	0	0	0	0	0	0.245884
K13479	xanthine dehydrogenase FAD-binding subunit [EC:1.17.1.4]	1.105024	1.128073	2.695972	4.55713	1.7293	3.7154918	1.637805	3.925795	3.212091	0.3696414	1.149203	0.535944	3.076552	3.048012	10.289342	1.118095	3.37298	1.396067	1.190706	2.315336	3.14587	1.522031	1.4519918	2.46481	0.229345	1.246125	2.785565	0.160152	0.593317	2.082919	0.9109787	1.015085	2.015184	0.150701	1.221536	2.297224	0	0.0132626	2.89958	6.35637	1.669133	0.417955
K13480	xanthine dehydrogenase iron-sulfur-binding subunit	0	0	1.36159	0	0	0	0.149487	0	0	0	1.00056	0.0509553	5.30357	2.98379	19.0229	0	0.334694	0	0	0	0	0	0.0994721	0	0	0	0.364913	0.303249	1.71235	0	0	0	1.65291	0.204869	0	0.885141	0	0	0	0	0	0.487298
K13481	xanthine dehydrogenase small subunit [EC:1.17.1.4]	0	0	0	0	0	0	0	0.0550583	0	0	0	0.31504	0.740057	0	0	0	0.366439	0	0	0	0	0	0.691879	0	0	0	0	0	0	0.727534	0	0	0	0	0	0	0	0	0	0	0	0
K13483	xanthine dehydrogenase YagT iron-sulfur-binding subunit	0.884187	0.932466	2.71814	0	0	0	0.350187	0	0	0	0	0	5.1617	2.09066	21.9744	0	0	0	0	0	0	0.0474687	0.0759856	0	0	0	0	0	0	0	0	0	0	0	0	0	0	0	0	0	0	0.626933
K13485	2-oxo-4-hydroxy-4-carboxy-5-ureidoimidazoline decarboxylase [EC:4.1.1.97]	0	0	0	0	0	0	0	0	0	0	0	0	0	0	0	0.0941039	0	0	0	0	0	0	0	0	0	0	0	0	0	0	0	0	0	0	0	0	0	0	0	0	0	0
K13486	chemotaxis protein methyltransferase WspC	0	0	0	0	0	0	0	0	0	0	0	0	0	0	0	0	0	0	0	0	0	0	0	0	0	0	0	0	0	0	0	0	9.28073	0	0	0	0	0	0	0	0	0
K13491	two-component system, chemotaxis family, response regulator WspF [EC:3.1.1.61]	0	0	0	0	0	0	0	0	0	0	0	0	0	0	0	0	0	0	0	0	0	0	0	0	0	0	0	0	0	0	0	0	9.5187	0	0	0	0	0	0	0	0	0
K13497	anthranilate synthase/phosphoribosyltransferase [EC:4.1.3.27 2.4.2.18]	0.102991	0.38799	3.6335888	0.593756	0.142992	0.1297463	2.026916	0.361417	0.267462	0.1589203	0.4123674	0.124306	6.34634	4.64923	19.1025	1.192393	0.671017	0	0	0	0	1.5842611	1.6671505	0.174044	0.2628459	7.94606	0.4769554	0.1780555	2.5205536	0.0744148	0.484901	0.011857	5.4001963	1.5422758	0.087194	0.6521817	0	0.045237	0.431693	0	0.150992	1.3793464
K13498	indole-3-glycerol phosphate synthase / phosphoribosylanthranilate isomerase [EC:4.1.1.48 5.3.1.24]	0	0.209338	1.43086	0	0	0.0416436	0.0884063	0	0	0	0.914551	0	0	2.815131	0	0	0.106582	0.0502608	0	0	0	0	0.0543024	0.0108919	0	0	0.049802	0	2.94854	0.0457937	0.0527233	0	4.8814384	0.1677584	0	0	0	0.0435953	0	0	0	0.420012
K13499	chondroitin sulfate synthase [EC:2.4.1.175 2.4.1.226]	0	0	0	0	0	0	0	0	0	0	0	0	0	0	0	0.0857347	0	0	0	0	0	0	0	0	0	0	0	0	0	0	0	0	0	0	0	0	0	0	0	0	0	0
K13525	transitional endoplasmic reticulum ATPase	0	0	0.274918	0	0	0	0	1.60962	0.0508182	0	0	0	0	0	0	0	0.441508	0	0	0	0	0	0	0	0	0	0	0	0	2.26282	0	0	0	0	0	0	0	0	1.99881	0	0	0
K13527	proteasome-associated ATPase	9.5727	35.99274	8.8268991	8.9602402	75.685438	12.8357	5.4464866	11.50986	9.1133583	0.9014689	0.4541558	0.340201	8.867171	0	0.0412106	0.587718	1.6990374	6.431968	2.129695	5.0868479	0.4029048	18.728017	44.426406	0.6988653	0.0258034	24.830403	25.243698	1.7727	0	0.749408	10.0495999	5.6494043	1.7036637	0.060471	8.1224888	1.712156	4.960399	1.9155258	0	0	0.168352	1.7388796
K13528	NO_NAME	0	0	0	0	0	0	0	0	0	0	0	0	0	0	0	0.0109501	0	0	0	0	0	0	0	0	0	0	0	0	0	0	0	0	0	0	0	0	0	0	0	0	0	0
K13529	AraC family transcriptional regulator, regulatory protein of adaptative response / DNA-3-methyladenine glycosylase II [EC:3.2.2.21]	0.0627873	0	0	0.702588	0.138082	0	0	0.0536755	0.0765646	0	0.196144	0.4007268	0.785099	0	0	0.12405	0.322213	0	0	0.58424	0.121648	0.044108	0.0968313	0.110497	0	0.225344	0.405972	0.0491997	0	0.0816587	0	0	0.946336	0.14334	0	0	0	0	0	0	0.351602	0.224697
K13530	NO_NAME	0	0	0.0520053	0.208543	0	0	0	0	0.0536663	0	0	0	0	0	0	0.523244	0	0	0	0	0	0.201994	0	0.499781	0	0	0	0	0	0.0872571	0.215273	0	0	0	0	0	0	0	0	0	0	0
K13531	NO_NAME	0	0	0	0	0	0	0	0	0.0443682	0	0	0	0	0	0	0.627398	0	0	0	0	0	0	0	0	0	0	0	0	0	0	0	0	0	0	0	0	0	0	0	0	0	0
K13542	uroporphyrinogen III methyltransferase / synthase [EC:2.1.1.107 4.2.1.75]	1.9285032	1.123079	3.3383287	6.5392245	5.5087347	4.04304	8.218014	14.3663742	20.2194092	8.6618442	1.2533285	1.588787	9.44042	1.5138794	0.3225946	1.9599703	3.0050012	5.444275	7.0341005	2.025755	4.06642	2.2568267	3.6807232	2.5611207	0.6178622	13.0644338	3.2470873	3.6972379	0.368724	3.588439	1.7199473	6.4371093	2.045451	0.7223396	10.105583	1.4681741	12.7074059	6.2348907	3.2281156	13.392476	5.7211903	5.679645
K13566	omega-amidase [EC:3.5.1.3]	0.1567737	0.3580937	8.8854703	0.0568205	0.0403358	1.923196	2.8970913	0.8957297	0.9766582	14.8936566	6.7449978	20.7279116	8.1796801	3.158265	15.533941	6.2413765	1.0283106	0.3557201	0.313947	3.368406	6.30398	3.9857358	2.6184913	0	0.247891	0.2806097	1.0104285	5.1849775	54.99857	12.9424835	0.8159514	1.946481	17.642141	0.8861031	1.4048721	1.8200997	0.083053	0.4296268	1.509724	16.9147164	0.2364532	4.6309222
K13570	NO_NAME	0	3.97165	1.42643	9.304013	28.407627	44.6144495	19.3816	0.979579	0.0613603	0.398118	0	1.60145	27.50194	0.06151	0.113922	2.833991	2.03037	1.65406	0.197151	39.555147	0.4807232	24.81933	34.4270571	0.442696	0	2.02094	3.0970669	0	0	0	37.446281	10.402562	25.62697	0.40242	1.297005	0.2986525	52.076233	23.3963701	20.101	0.417805	39.19041	18.802861
K13571	NO_NAME	12.24862	35.288356	9.877276	10.18947	79.88766	23.63574	10.4516079	12.66965	9.357308	0.910162	0.5694339	0.9707951	11.17196	0	0.0216994	1.410562	1.7617869	6.537509	2.2602452	16.5671503	0.36916	20.077131	49.58882	0.2002437	0	25.650566	26.204537	3.4857558	0	0.717924	18.8783878	8.0787002	9.263949	0.4038751	9.143069	1.8406257	25.7888959	11.19363	6.271	0.266482	11.483582	5.4593511
K13572	NO_NAME	0	0	0	0	0	0	0	0	0	0	0	0	0	0	0	0	0	0	0	0	0	0	0.0522982	0	0	0	0	0	0	0	0	0	0	0	0	0	0	0	0	0	0	0
K13573	NO_NAME	10.6979	12.0637	0	39.8976984	26.0864886	0	0	10.6079	8.81318	6.14594	9.3584	0.689688	0.833478	6.71997	1.3729416	3.4929	12.7875	0.2591744	0.0970355	0.6363402	15.2611	0	0	0.0981919	0.0357736	16.8654	31.3149	1.87853	0	3.64051	49.8382	6.40891	8.79708	4.06036	3.73917	10.269	0	0	52.8871	23.3628	0	22.9002
K13574	NO_NAME	0	0	1.488394	0	0	0.0182125	0.3411391	0	0	0.0156369	0.820372	0	0	0.44437	0	0.0572155	0.354004	0	0	0	0	0	0.0315444	0	0	0	0.165862	0.106915	2.92913	0	0.0696096	0	2.40864	0.13543	0	0.358022	0	0	0	0	0	0.5064279
K13609	delta1-piperideine-2-carboxylate reductase [EC:1.5.1.21]	0	0	0	0	0	0	0	0	0	0	0	0	0	0	0	0	0	0	0	0	0	0	0	0	0	0	0	0	0	0	0	0	7.5532	0	0	0	0	0	0	0	0	0
K13611	NO_NAME	0	0	0	0	0	0	0	0	0	0	0	0	0	0	0	0	0	0	0	0	0	0	0	0	0	0	0	0	0	0	0	0	0	0	0	0	0	0	0	0.0570677	0	0
K13616	NO_NAME	0	0	0	0	0	0	0	0	0	0	0	0	0	0	0	0.0809416	0	0	0	0	0	0	0	0	0	0	0	0	0	0	0	0	0	0	0	0	0	0	0	0	0	0
K13620	NO_NAME	0	0.29539	0.294266	0	0	0.0146315	0.493174	0	0	0.0145569	0.366175	0.0183963	0.386777	0.977527	1.64957	0	0	0.0192374	0	0	0	0.0242991	0.0259151	0	0	0	0.179198	0.0600097	0	0.10325	0.110962	0	4.20085	1.06199	0	0	0	0.0203358	0	0	0	1.26638
K13625	ferritin light chain	0	0	0	0	0	0	0	0	0	0	0	0	0	0	0	0.0509211	0	0	0	0	0	0	0	0	0	0	0	0	0	0	0	0	0	0	0	0	0	0	0	0	0	0
K13626	NO_NAME	1.02946	1.932762	1.5838875	0.3880701	0	0	0.510503	2.828473	0.210287	0.913328	1.965177	0.6525527	2.2923585	0.0839915	0	4.151717	0.2838685	1.235333	4.3007	0.400757	0.442173	0.709886	0.3885242	0.197477	1.044084	0.473372	0	0.623082	0	3.844184	0.519627	1.5376668	1.639884	1.3303199	0.4966104	0.1806547	0.880592	2.105659	0.0408301	0.1847344	0.7304972	4.190486
K13628	NO_NAME	0	0.311687	6.630253	0	0	0.530477	4.25265	0.152004	0.0823981	0.936949	2.29478	0	6.05372	8.2886	20.4313	0.407048	0.476074	0.0998142	0	0	0	0	0.235818	0	0	0	0.24717	0.335491	4.49046	0	0.732671	0	12.59851	2.23413	0.248553	2.8778	0	0.201941	0	0	0.0799417	3.224228
K13629	NO_NAME	0	0	0	0	0	0	0.283749	0	0	0.196043	0	0	0	0	0	0	0	0.0211109	0	0.0562007	0	0.0127316	0.0134109	0	0	0	0.119693	0.0258977	3.15929	0.0239531	0.10438	0	5.30134	0.175771	0	0	0	0.0240218	0	0	0	0.320591
K13630	NO_NAME	0	0	4.471213	0	0	0.121611	0.238313	0	0	0	0.333856	0	6.22379	7.6161	25.9345	0	1.223507	0.176635	0	0	0	0.247663	0.547097	0	0	0	0.12466	0.12086	0.808841	0	0.1769402	0	13.3856	1.05329	0.0419382	2.05617	0	0	0	0	0	0.961918
K13631	NO_NAME	0	0.467531	6.83734	0	0	0	2.243248	0.101336	0	1.05265	0.529565	0	12.3403	6.04947	45.2628	0	0.211588	0	0	0	0	0.147317	0.1488555	0	0	0	0.0988681	0.0828431	1.36318	0	0.310454	0	10.658	1.5896547	0	4.4129	0	0	0	0	0	1.984403
K13632	AraC family transcriptional regulator, mar-sox-rob regulon activator	0	0	1.60016	0.01991386	0	0.0659573	0.7374826	0	0	0	0	0.0210655	3.11641	3.22849	12.2072	0	0.2503056	0	0	0.0452031	0	0.01490288	0.1893996	0	0	0	0.0735173	0.0333908	0	0	0.083621	0	1.9113789	0.5808098	0	0.534975	0	0	0	0	0	0.361692
K13633	NO_NAME	0	0	0	0	0	0	0.42971	0	0	0	0	0	0	0	0	0	0	0	0	0	0	0	0	0	0	0	0	0	0	0	0.0423046	0	0	0.206118	0	0	0	0	0	0	0	0
K13634	NO_NAME	0	0	0.588739	0	0	0	0	0	0	0	0	0	0	0	0	0.125282	0	0	0	0	0	0	0	0	0	0	0	0	0	0	0.0859062	0	0.56417	0	0	0	0	0	0	0	0	0
K13635	NO_NAME	0	0.102832	3.74438	0	0	0	0.0213907	0.0550325	0	0	0.632701	0	0.696098	0	1.49933	0	0	0	0	0	0	0.0264351	0.122943	0	0	0	0.0966463	0.229046	2.89153	0	0.0795786	0	2.18811	0.867389	0	0.0523169	0	0	0	0	0	0.443784
K13636	NO_NAME	0.895867	0.502277	0.139233	0	0	0	0.556869	0	0	0.245955	0	0	0	0	0	0	0.591707	0.0114416	0	0	0	0	0.0164749	0	0	0	0.0148707	0.0154299	0	0	0.0604652	0	1.561141	0.767381	0	0	0	0	0	0	0	0.500804
K13637	NO_NAME	0	0	4.29144	0	0	0.0790073	0.46006	0.0729975	0	0.0352867	1.05828	0.0943163	5.27193	3.98462	22.5587	0	0.581402	0.069582	0	0	0	0	0.306708	0	0	0	0.129804	0.21383	0.950291	0.0255048	0.155659	0.0681165	10.8932	0.752765	0.060067	1.16357	0	0.010948	0	0	0	1.86837
K13638	NO_NAME	0	0.622246	3.52732	0.0137275	0	0.182417	1.04262	0.287485	0	0.140639	2.05878	0.152312	11.7724	5.19759	25.1545	0	1.33393	0	0	0	0	0.154789	0.327069	0	0	0.0615069	0.560969	0.483441	4.62565	0	0.362923	0	12.5951	2.05147	0	2.05617	0	0.254622	0	0	0	2.36122
K13639	NO_NAME	0	0.497288	2.66636	0	0	0.0842031	1.74648	0.0839639	0	0.159613	2.26704	0.106764	5.40178	3.77261	21.3718	0	0.525948	0.110271	0	0	0	0	0.104715	0.0317374	0	0	0.355514	0.821493	4.42944	0.146467	0.587144	0	26.540599	2.39681	0	2.22601	0	0.223097	0	0	0	2.29087
K13640	NO_NAME	10.5866	16.46308	4.71379	39.7776087	23.9579763	0	0	11.2629	10.06	4.7297476	8.09181	2.51914	27.4945	6.04042	1.551761	3.307889	27.4964804	3.2913634	2.51202	26.661512	17.4938	19.3928	20.0705	0.2114498	0.0469285	16.0567	31.619037	7.97546	0.31354	11.0752	88.4974167	23.8897482	7.8445	4.24124	32.3182	14.4975	22.8883898	16.5549	48.8461833	21.1916829	0	21.0656005
K13641	NO_NAME	0	0.442256	6.09242	0	0	0.0870197	1.275959	0.104488	0	0	1.99077	0	6.55416	8.76276	30.3033	0.416013	0.668029	0.0900546	0	0	0	0.0759498	0.3158855	0	0	0	0.509382	0.333574	4.6095	0.0546811	0.5236912	0.0283873	13.96182	2.590144	0.190521	2.868421	0	0.046363	0	0	0	2.95724
K13643	NO_NAME	0	0.264296	5.215259	0	0	0.245107	4.21131	0.155127	0	0.426735	1.31376	0.0496025	8.22218	9.83765	28.5249	0.207094	0.705919	0.0923391	0	0	0	0.0160512	0.505604	0	0	0	0.329407	0.319798	2.57237	0.136098	0.825874	0.0479305	21.0949	2.12987	0.278205	2.95377	0	0.129564	0	0	0	2.48087
K13650	NO_NAME	0	0	3.64506	0	0	0.0755963	0.4200212	0	0.010349	0.7788109	0	0.151489	8.46766	5.35303	31.295	0	0.331679	0	0.0346459	0	0	0.0769762	0.0701406	0	0	0	0.0774912	0.300517	0	0	0.1598662	0	6.09318	0.640523	0	1.95483	0	0	0	0	0	0.9834118
K13651	NO_NAME	0	0	0	0	0	0	0.559305	0.0599742	0	0	2.29838	0	0	2.71397	0	0	0.250452	0	0	0	0	0.11625	0.111652	0.0176175	0	0.0115482	0.117028	0	0	0	0.061946	0	0	0.977306	0	1.75996	0	0	0	0	0	0.748481
K13652	NO_NAME	0.179619	0.0889909	0	0.07572	0.0487031	0.0621569	1.0808119	0.3047847	0.0640874	0.2361915	0.0329557	26.595916	0.532107	0	0.0479156	5.9770739	0.356525	0.043528	0	0.17247	0.062102	2.16821	0.4670347	0.407547	0	0.21273	0.0431154	9.78791	62.3472	0.782774	0.468982	0.919557	0.2265279	0.1752295	0.128143	0	0.222859	0.5545627	0.116159	0.0541867	0	1.6939262
K13653	NO_NAME	0	0	1.39395	1.315758	0.645853	0	0.2193081	0.455729	0.351975	0.2487558	1.7254069	0	0	0.182792	0.1423616	1.647588	0	0.284716	0	1.433914	0	0.256331	0	0	0.9079682	0	0	0.0428071	0	0.9964623	0.5083333	0	0.692015	0.239979	0.9769245	3.299457	0	0	0	0	0.83367	5.9792762
K13654	NO_NAME	0	0	1.6467124	0	0	0.08396394	0.2737462	0	0	0.473244	0	0	3.171953	2.08799	11.9875	0	0.1616266	0	0	0	0	0	0	0	0	0	0.0832806	0.2107921	0	0	0.0873904	0.0269981	3.508746	0.2910658	0	0.341364	0	0	0	0	0	0.6066314
K13655	NO_NAME	0.0623733	0.0662193	0	0.807819	0.0935259	0	0.283286	0	0.0633832	0.2119416	1.37342	0.123189	0.0890404	2.00132	0	0.0648592	0.561225	0	0	0.0695699	0.127207	0.166795	0.133438	0	0	0.0932741	0.570207	0	0	0.135201	0	0.037068	0.133196	0.828246	0	1.56056	0	0	0	0	0	0.461252
K13663	NO_NAME	0	0	1.48767	3.83151	14.0415	0	0	0	0	0	0	0	0	0	0	0	0.0929706	0.233908	0	0	0	0	0	0	0	0	0	0	0	0	0	0	0	0	0	0	0	0	13.2859	0.443127	0	0
K13668	NO_NAME	0	0	0	0	0	0	0	0	0	0	0	0	0	0	0	0	0	0	0	0	0	0	0	0.158672	0	0	0	0	0	0	0	0	0	0	0	0	0	0	0	0	0	0
K13671	NO_NAME	0	0	0	0	0	0	0.0433296	0	0	0	0	0	0.0329484	0	0	0	0	0	0	0	0	0	0	0	0	0	0	0	0	0	0.114976	0.1512727	0	0	0	0	0	0	0	0	0	0.0712424
K13676	UDP-xylose:glucoside alpha-1,3-xylosyltransferase [EC:2.4.2.-]	0	0	0	0	0	0	0	0	0	0	0	0	0	0	0	0.0180198	0	0	0	0	0	0	0	0	0	0	0	0	0	0	0	0	0	0	0	0	0	0	0	0	0	0
K13677	1,2-diacylglycerol-3-alpha-glucose alpha-1,2-glucosyltransferase [EC:2.4.1.208]	0	0.888036	0.3520873	0	0.100246	0.909534	0.193682	2.2685	0.3343585	11.207133	5.91503	0.118002	1.26042	0.1987139	0.095807	0.19813	0.269126	0.327318	0.409629	2.7994	0	0.103069	0.9022196	0.100853	0.2318975	0	0	0.0785805	0	1.9100529	0.407574	0.567584	0.0423806	0.428016	0.784479	4.098126	0	0	0	0.0820951	0.391093	1.9841056
K13678	NO_NAME	0	0	1.093503	0.5135224	0.116988	0	0.0748286	0	0	0.2519622	0.273218	0	0	0.0680626	0.3447243	0.7957741	0	0	0.180214	0	0.0893747	1.3784027	0.5643944	0.941026	0.4486963	0	1.243167	0.0619697	0	0.31493	19.0043562	2.06354	5.548943	0.0961414	0.0393613	0.6119585	0.0969093	0.149205	0	0	0.16796	6.144959
K13683	NO_NAME	0	0	3.23635	0	0	0	0.220349	0	0	0	1.24763	0	3.99026	2.54509	5.93082	0	0.370014	0	0	0	0	0	0.0549846	0	0	0	0.0864475	0.11175	1.13295	0	0.0610121	0	7.26033	0.608686	0	0.517232	0	0.0326248	0	0	0	0.411129
K13684	NO_NAME	0	0.448561	2.20175	0	0	0	0.286024	0.0185943	0	0.0100628	0.103385	0	0	1.05707	0	0	0.0689445	0	0	0	0	0	0.014438	0	0	0	0.0885925	0.0323972	1.21497	0.013826	0.0201732	0	0.217903	0	0	0.546997	0	0	0	0	0	0.324913
K13694	NO_NAME	0.0737938	0.149404	4.0706746	0.1166203	0	0.576452	2.956958	0.57441	0.190673	3.541495	6.20362	19.3552797	8.82756	4.088833	16.777816	9.81046	1.468735	0.8396155	0.136865	0.284668	0.621841	1.8818548	0.95251	0.3281122	0.999074	2.19805	0.866682	25.908837	65.228988	2.9357453	0.2652478	0.4445692	6.9467034	4.4784097	0	1.68113	3.5751589	1.046534	0	0.0725117	0.0553243	1.9413257
K13695	NO_NAME	0	0	4.10991	0	0	0.106555	1.386437	0.0559759	0	1.33616	4.363766	0	6.25071	3.74567	20.8857	0	0.525948	0.413516	0.0985757	0.163467	0	0	0	0	0	0.0274026	0	1.03911	1.7496	0.0633036	0.1342562	0	8.6692044	0.7110702	0	1.58964	0	0.085028	0	0	0	0.7883629
K13701	NO_NAME	0	0	0	0	0	0	0	0	0	0	0	0	0	0	0	0.0492975	0	0	0	0	0	0	0	0	0	0	0	0	0	0	0	0	0	0	0	0	0	0	0	0	0	0
K13706	NO_NAME	0	0	0	0	0	0	0	0	0	0	0	0	0	0	0	0.0347188	0	0	0	0	0	0	0	0	0	0	0	0	0	0	0	0	0	0	0	0	0	0	0	0	0	0
K13707	NO_NAME	0	0	0	0	0	0	0	0	0	0	0	0	0	0	0	0.0522655	0	0	0	0	0	0	0	0	0	0	0	0	0	0	0	0	0	0	0	0	0	0	0	0	0	0
K13714	NO_NAME	0	0	0	0	0	0	0	0	0	0	0	0	0	0	0	0.0757802	0	0	0	0	0	0	0	0	0	0	0	0	0	0	0	0	0	0	0	0	0	0	0	0	0	0
K13715	NO_NAME	0	0	0	0	0	0	0	0	0	0	0	0	0	0	0	0	0	0	0	0	0	0	0	0	0	0	0	0	0	0	0	0	0	0	0	0	0.108283	0	0	0	0	0
K13718	NO_NAME	0	0	0	0	0	0	0	0	0	0	0	0	0	0	0	0.0618302	0	0	0	0	0	0	0	0	0	0	0	0	0	0	0	0	0	0	0	0	0	0	0	0	0	0
K13719	ubiquitin thioesterase OTU1 [EC:3.1.2.-]	0	0	0	0	0	0	0	0	0	0	0	0	0	0	0	0.0621508	0	0	0	0	0	0	0	0	0	0	0	0	0	0	0	0	0	0	0	0	0	0	0	0	0	0
K13727	NO_NAME	0	0	0	2.81116	0	0	0.303562	0.123016	0	0	0	0	0	21.4539	0	0	0	0	0.0321567	0	1.00038	0	0	0.0901874	0	0	0.150563	0	0	0	0	0	0.0318765	0.3371296	0.148664	2.10762	0	0	0	0	4.21651	0.3955502
K13730	internalin A	0	0	0.309594	0.249824	0	0.597081	0	0.364472	0	0.274347	0	9.03163	0.110779	0	0	0.354477	0	0.619063	0	0.330769	0	1.2099	0.5953699	0.0505815	0.123708	0	0.0616155	0	18.7941	0	1.15012	0	0	0	1.59365	0	0.461699	0.609078	0	0	0	0.323346
K13732	fibronectin-binding protein A	0	0	0	0	0	0	0.0737554	0	0	1.89867	0.57282	0	0	0	0	0.229901	0	0.1025	0.226752	1.11807	0	0	0	0.105971	0	0	0	0	0	0	0	0	0	0.11172	0.061262	1.9741	0	0	0	0	0.0401973	0
K13734	fibronectin-binding protein 1	0	0	0	0	0	0	0	0	0	0	0	0	0	0	0	0	0	0	0	0	0	0	0	0	0	0	0	0	0	0	0	0	0	0	0.1983635	0	0	0	0	0	0	0
K13735	adhesin/invasin	0	0	0.30421532	0	0	0	0.13579564	0	0	0	0.01839796	0.0216523	3.8067255	1.3721735	4.109675	0	0	0	0	0	0	0.01490307	0.01942814	0	0	0	0.0512371	0.08057682	0.0923332	0	0	0	0.2109533	0.0185837	0	0.07008956	0	0	0	0	0	0.1116427
K13747	carboxynorspermidine decarboxylase [EC:4.1.1.96]	12.101517	7.6068252	10.9411466	1.992163	7.909647	4.8182125	23.003804	28.9467078	32.8513272	21.7250337	22.728942	13.030753	17.610951	11.6331146	3.894741	14.5289	17.3632986	16.819338	28.861316	12.0789595	34.0760438	5.669778	3.7970023	8.5955193	6.0196926	17.97364	2.1702219	8.420524	0.0971817	8.730638	13.647288	30.5742494	13.983807	27.3853237	17.2511059	1.5190232	19.598475	14.5399725	6.6034154	16.157061	12.634598	17.6588159
K13748	alpha-1,3-mannosylglycoprotein beta-1,4-N-acetylglucosaminyltransferase C [EC:2.4.1.201 2.4.1.145]	0	0	0	0	0	0	0	0	0	0	0	0	0	0	0	0.023961	0	0	0	0	0	0	0	0	0	0	0	0	0	0	0	0	0	0	0	0	0	0	0	0	0	0
K13767	enoyl-CoA hydratase [EC:4.2.1.17]	0	0	0.0356608	0	0	0	0	0	0	0	0	0	0	0	0	0	0	0	0	0	0	0	0	0	0	0	0	0	0	0	0	0	0	0	0	0	0	0	0	0.125342	0	0
K13770	NO_NAME	0	0	0	0	0	0	0	0	0	0	0	0	0	0	0	0	0	0	0	0	0	0	0	0	0	0	0	0	0	0	0	0	0	0	0	0	0	0	0	0	0	0.0389131
K13771	Rrf2 family transcriptional regulator, nitric oxide-sensitive transcriptional repressor	0	0.523996	8.7467013	0	0	0.1992293	4.488225	0.0638856	0.0153197	1.2399497	2.169703	0	7.4568	10.3579055	41.38141	0.705697	0.703878	0	0	0	0	0.152358	0.743338	0.0593304	0	0	0.0623299	0.537792	2.679282	0	0.7104943	0.0877639	12.6285802	3.6943017	0.344732	3.198496	0	0.0792722	0	0	0	3.141435
K13787	geranylgeranyl diphosphate synthase, type I [EC:2.5.1.1 2.5.1.10 2.5.1.29]	3.046827	35.835376	5.9880187	7.088204	68.816778	0.151285	0.1825103	10.4523983	8.5173919	0.17204	0.5714278	0.317651	7.291135	0	0.0220901	0.108207	1.327279	4.921156	1.92238	3.5827412	0.4015781	16.322995	40.0661676	0.0453868	0.0420571	24.367728	21.6643285	0.0648616	0	2.438776	3.8073749	2.3683872	1.279566	0.270458	7.3560992	1.0739733	0	0.0880962	2.475229	0.233268	0.548666	0.2133532
K13788	phosphate acetyltransferase [EC:2.3.1.8]	0	1.807725	1.93927	1.552789	2.23823	0.210002	2.94601	0	0.0524542	0.4911943	0.277967	0	4.6317	3.82085	7.52365	1.0355208	0.147551	0.0399651	0	0.569467	0	6.356853	4.191777	0	0.0453487	0	0.3883935	0.0585218	0	0.0800747	3.637443	0.2626169	14.589374	1.61833	0.1534164	0.606658	0.0960762	0	0	0	1.5617	4.3563055
K13789	geranylgeranyl diphosphate synthase, type II [EC:2.5.1.1 2.5.1.10 2.5.1.29]	8.3244847	9.6965722	15.1532001	8.5114652	6.7089261	19.6889517	32.5777491	16.3284319	17.7861925	33.9922849	36.9974761	36.611132	16.2145176	17.3331339	6.2432363	30.4831675	24.480921	15.1347009	17.7662179	24.122936	36.0665881	43.967687	58.8307235	19.413047	5.8984362	20.2565855	18.4027762	29.1585161	81.5752443	15.0641348	18.2819645	29.8251492	20.2455596	31.0808426	19.1717677	12.5846861	16.4577454	16.0707743	16.6030284	25.323121	19.088832	22.1375303
K13795	NO_NAME	0	0	0	0	0	0	0.0830484	0	0	0	0	0	0	0	0	0	0	0	0	0	0	0	0	0	0	0	0	0	0	0	0	0	0	0.349984	0	0	0	0	0	0	0	0
K13812	bifunctional enzyme Fae/Hps [EC:4.2.1.147 4.1.2.43]	0	0	0.31734	0	0	0	0	1.76822	0.130347	0	0	0	0	0	0	0	0.745341	0	0	0	0	0	0	0	0	0	0	0	0	2.98893	0	0	0	0	0	0	0	0	1.99604	0	0	0
K13818	NO_NAME	0	0	0	0	0	0	0	0.240716	0	0	0	0	0	0	0	0	0.251306	0	0	0	0	0	0	0	0	0.21244	0	0	0	0	0	0	0	0	0	0	0	0	0	0	0	0
K13819	NO_NAME	0	0	0	0.449415	0	0	0	0	0	0	0	0.107399	0.119317	0	0	0.399493	0	0	0	0	0	0.302177	0.0522571	0	0	0	0	0	0.0671601	0.0671575	0.238587	0	0	0	0.113314	0	0	0	0	0.0390696	0	0
K13821	RHH-type transcriptional regulator, proline utilization regulon repressor / proline dehydrogenase / delta 1-pyrroline-5-carboxylate dehydrogenase [EC:1.5.5.2 1.2.1.88]	0	0.244167	0.9836347	0	0	0.1708767	1.4480072	0.01791497	0	0.34084007	0.0888737	0.0150712	0	0.413009	0	0.1837047	0.0325611	0	0	0	0	0.02427697	0.0785746	0.1582303	0.0319902	0	0.0624468	0.00780318	0.047758	0	0.6589326	0	3.59011	0.9679936	0.1028884	0.3501331	0	0	0	0	0	0.952869
K13825	NO_NAME	0	0	0	0	0	0	0	0	0	0	0	0	0	0	0	0.0901106	0	0	0	0	0	0	0	0	0	0	0	0	0	0	0	0	0	0	0	0	0	0	0	0	0	0
K13829	shikimate kinase / 3-dehydroquinate synthase [EC:2.7.1.71 4.2.3.4]	8.97636	2.313224	2.42508	2.09006	1.75071	17.6369	7.02732	3.50135	0.52275	0.505958	0	0.148403	1.29269	0.0432116	0	0.889536	0.543623	0.713336	0.854457	1.9393	0	0.701879	2.11707	0	0	1.29653	2.007275	2.52502	0	0.689082	2.62116	2.67782	0.651711	0	0.123315	1.00283	7.88404	2.9043	0	0	0.416153	3.88417
K13830	pentafunctional AROM polypeptide [EC:4.2.3.4 4.2.1.10 1.1.1.25 2.7.1.71 2.5.1.19]	0	0	0	0	0	0	0	0	0	0	0	0	0	0	0	0	0	0	0	0	0	0	0	0.0828935	0	0	0	0	0	0	0	0.0660795	0	0	0	0.226356	0	0	0	0	0	0
K13853	3-deoxy-7-phosphoheptulonate synthase / chorismate mutase [EC:2.5.1.54 5.4.99.5]	0	0	0	0	0	0	0	0	0	0	0	0	0	0	0	0	0	0	0	0	0	0	0	0	0	0	0	0	0	0	0	0	0	0	0	0	0	0	0	0	0.0747067	0
K13870	NO_NAME	0	0	0	0	0	0	0	0	0	0	0	0	0	0	0	0.071531	0	0	0	0	0	0	0	0	0	0	0	0	0	0	0	0	0	0	0	0	0	0	0	0	0	0
K13874	L-arabinonolactonase [EC:3.1.1.15]	0	0	0.674663	0	0	0	0	0	0	0	0	0	0	0	0	0.175471	0	0	0	0	0	0	0	0	0	0	0	0	0	0	0	0	0	0	0	0	0	0	0	0	0	0
K13877	2,5-dioxopentanoate dehydrogenase [EC:1.2.1.26]	0	0	0	0	0	0.317193	1.45788	0	0	0	0	0	0	0	0	0	0	0	0	0	0	0	0	0	0	0	0	0	0	0	0	0	0	0.09293	0	0	0	0	0	0	0	0
K13888	NO_NAME	0	0	1.89932	0	0	0	1.006912	0.0456326	0	0.0129221	0	0	4.65927	2.4692	11.5061	0	0.161977	0	0	0	0	0.0145617	0.0836519	0	0	0	0.095358	0	0.5108363	0	0.0124049	0	5.164788	0.720528	0	0.855296	0.0397963	0.061062	0.170598	0	0	0.475135
K13889	glutathione transport system substrate-binding protein	0	0.392642	2.657615	0	0	0	1.334639	0.00918614	0	0.3812318	0.0314583	0.0218572	5.33934	1.39334	5.01209	0	0.335115	0.181326	0.817336	0	0	0.0322946	0.0913341	0	0	0	0.0343291	0.0599547	0.145148	0	0.4003851	0	3.961574	1.583279	0	0.835263	0.130551	0.111171	0	0	0	1.295126
K13890	glutathione transport system permease protein	0	0.281368	3.4384154	0	0	0.293855	2.879226	0.102913	0	1.04719	0.627454	0	0	3.8203174	0.472195	0.597109	0.513329	0.0940741	0.714317	0.0558443	0	0	0.276742	0	0	0.11009	0.111563	0.2379581	0.922929	0	0.6614	0	6.8893	1.8085463	0.381437	1.717017	0.10412	0.151584	0	0	0.0587834	1.66857
K13891	glutathione transport system permease protein	0	0.177932	1.5528	0	0	0.0334698	0.63644	0.0462793	0	0.0264316	0.272079	0	1.99908	3.34188	15.1516	0.085011	0.4900753	0.129692	1.0474	0.0726245	0.0952741	0	0.111231	0	0	0.116433	0.101593	0.241959	0.906364	0	0.0717013	0	8.78047	0.654329	0	1.907983	0.147913	0.100807	0	0	0	2.31027
K13892	glutathione transport system ATP-binding protein	0	0	0.543609	0	0	0	0.110292	0	0	0	0.766979	0	0	0.251398	0	0	0.0179758	0	0	0	0	0.0199618	0.0887481	0	0	0	0.168622	0.125914	3.16808	0	0	0	5.3129	0.18158	0	0	0	0.0561144	0	0	0	0.204223
K13893	microcin C transport system substrate-binding protein	0	0	2.9646766	0	0	0.00901741	0.499934	0.0127359	0	0.7305524	0.0538809	0	4.77766	2.08513	13.9821	0	0.214926	0	0	0	0	0.0310928	0.0796064	0	0	0	0.0841925	0.0952415	0.356145	0.00997753	0.4257256	0	1.90003	0.2216297	0	0.379027	0	0	0	0	0	0.449327
K13894	microcin C transport system permease protein	0	0.30608	1.48983	0	0	0.313565	2.02091	0.0746346	0	0.1524784	1.02302	0.0139416	0.203178	0.583857	0.888486	0.19674	0	0.0109597	0	0.037137	0.0207998	0	0.118335	0	0	0	0.0910214	0.352988	3.48842	0.0159396	0.568979	0	15.49413	1.4257	0	0	0	0	0	0	0	1.33447
K13895	microcin C transport system permease protein	0	0.299234	1.28232	0	0	0.00780836	0.459629	0.0105457	0	0.0507748	0.0365652	0.01814157	2.73789	1.29328	7.6905	0	0.329931	0	0	0	0.00985374	0.0390153	0.0315003	0	0	0	0.1541786	0.0161304	0	0	0.10395	0	3.53663	1.19466	0	0.666887	0	0	0	0	0	1.24635
K13896	microcin C transport system ATP-binding protein	0	0	1.34174	0	0	0.00614586	0.10734	0.0143069	0	0	0	0.0106505	2.16071	1.41474	6.0308	0	0.153402	0	0	0	0	0.0219391	0.0233861	0	0	0	0.0757904	0.0192282	0	0	0	0	1.65147	0.138095	0.060067	0.446259	0	0	0	0	0	0.224117
K13897	cystatin-SN	0	0	0	0	0	0	0	0	0	0	0	0.0449006	0	0	0	0	0	0	0	0	0	0	0	0	0	0	0	0	0	0	0	0	0	0	0	0	0	0	0	0	0	0
K13905	NO_NAME	0	0	0	0	0	0	0	0	0	0	0	0	0	0	0	0.0618642	0	0	0	0	0	0	0	0	0	0	0	0	0	0	0	0	0	0	0	0	0	0	0	0	0	0
K13910	salivary acidic proline-rich phosphoprotein 1/2	0	0	0.0437939	0	0	0	0	0	0	0	0	0	0	0	0	0	0	0	0	0	0	0	0	0	0	0	0	0	0	0	0	0	0	0	0	0	0	0	0	0	0	0
K13918	NO_NAME	0	0.333932	2.04982	0	0	0.14091	1.86109	0.0230387	0	0	0.0419367	0	1.9153641	1.55631	7.15097	0.126369	0.0242247	0	0	0	0	0.0154662	0.170038	0	0	0	0.01705482	0.01858915	0.0835384	0.02099763	0.355969	0	3.1964623	1.37340387	0	0.3162571	0	0	0	0	0	1.36621
K13919	propanediol dehydratase medium subunit [EC:4.2.1.28]	0.0667761	0.401055	4.43781	0	0	0.223765	2.50109	0.0854284	0.0843255	0.378417	0.16465	0.424689	1.418586	0.0416098	0	0.786959	0.348028	0	0	0.235201	0.13539	0.4515675	1.310301	0	0.0504962	0	0.0670684	0.61773	0	1.091782	0.560981	0.149172	3.304644	1.48858	0.5370697	0.130146	0.301614	1.48976	0	0	0.0995765	3.48547
K13920	propanediol dehydratase small subunit [EC:4.2.1.28]	0	0.197572	0	0	0	0.112785	1.23769	0	0.0945552	0.254534	0.12588	0.347471	1.87749	0	0	0	0.382923	0	0	0.164695	0.213488	0.2813196	1.45339	0.0371694	0	0	0	0.865834	0	1.212276	0.0979146	0.882611	0.198702	0.801808	0.0558844	0.0684067	0.211377	1.46414	0	0.0958897	0.116309	2.841711
K13921	1-propanol dehydrogenase	0.250527	0.2742313	0	0	0	0	0	0	0	0	0	0.599206	0.380883	0	0	0	0	0	0	0	0	1.014741	1.101594	0	0	0	0.169181	0	0	0.162447	0	0	0.105399	0	0	0	0	0	0.2878758	0.39964	0	0.0876148
K13922	propionaldehyde dehydrogenase [EC:1.2.1.87]	0.100876	0.121376	0	0	0	0.0397686	0	0	0	0.147171	0.206221	0.45478	1.1669377	0	0	0	0.293075	0.0954921	0.327717	0.292481	0.270772	0.5484883	1.142854	0.0629931	0.0613852	0.0933106	0.054354	0.741074	0	0.773174	0.165434	0.564043	0.3876075	0.240308	0	0.1380028	0.2686548	1.2157182	0.0724847	0	0.0537996	2.41341
K13923	phosphate propanoyltransferase [EC:2.3.1.222]	0	0.355569	4.37232	0	0	0.416953	2.229929	0	0	0	0	0	0	0	0	0.921488	0.114337	0	0	0	0	0.2084225	0.101943	0	0	0	0	0	0	0	0.584447	0	0	0.419917	0.483521	0	0	0	0	0	0	0.1732258
K13926	NO_NAME	0	0	2.4754	0	0	0.0118474	0.630707	0.0109756	0	0.0146879	0.0707334	0.00937201	4.59339	1.78236	10.4556	0	0.308612	0	0	0	0	0.0113522	0.0189711	0	0	0	0.053219	0.344299	0.185075	0	0.170858	0	3.77915	0.973606	0	0.180725	0	0	0	0	0	1.38289
K13927	holo-ACP synthase / triphosphoribosyl-dephospho-CoA synthase [EC:2.7.7.61 2.4.2.52]	0	0.0746438	0.149317	0.145208	0	0	0	0.0909221	0	0.0505243	0.632761	0	0	0	0.114203	0	0	0.131347	0.748724	0.670912	0.0716358	0.188006	0	0.149211	0.173391	0.0477234	0.227992	0.390929	0	0	0	0.4844513	0	0	0.2597691	0.488165	0.106362	0.0543534	0	0	0	0.441874
K13928	NO_NAME	0	0	0.557986	0	0	0	0	0.0249751	0	0	0	0	0	0	0	0	0.072189	0	0	0	0	0	0	0	0	0	0	0	0	0	0	0	0	0	0	0	0	0	0	0	0	0
K13929	NO_NAME	0	0	1.53584	0	0	0	0.240212	0	0	0	0	0	0	0	0	0.357971	0.0611162	0	0	0	0	0	0.00995372	0	0	0	0	0	0	0	0.206383	0	0	0.0269577	0.229738	0	0	0	0	0	0	0
K13930	NO_NAME	0	0.434073	0	0	0	0	0	0	0	0	0	0	0	0	0	0	0	0	0	0	0	0	0.0129047	0	0	0	0	0	0	0	0.0480391	0	2.69242	0	0	0	0	0	0	0	0	0
K13931	NO_NAME	0	0	0	0	0	0	0	0	0	0.124589	0	0	0	2.6031	0	0	0	0	0	0	0	0	0	0	0	0	0.0573435	0	0	0	0	0	6.1573934	0	0	0	0	0	0	0	0	0.394968
K13932	NO_NAME	0	0	0.295609	0	0	0	0.889492	0	0	0	0	0	0	2.2586	0	0	0	0	0	0	0	0.049967	0	0	0	0	0.138329	0	0	0	0.186381	0	8.69849	0.185325	0	0	0	0	0	0	0	0.494947
K13933	NO_NAME	0	0	0.310594	0	0	0	1.03562	0	0	0	0	0	0	0	0	0	0	0	0	0	0	0	0	0	0	0	0	0	0	0	0.0559512	0	0	0.29857	0	0	0	0	0	0	0	0.0520036
K13934	NO_NAME	0	0	0.0480049	0	0	0	0.61264	0	0	1.41	0	0	0	0	0	0	0	0	0	0	0	0	0.0398587	0	0	0	0	0	0	0	0	0	9.71853	0.2903502	0	0	0	0	0	0	0	0.2351
K13935	NO_NAME	0	0	0.0701758	0	0	0	0.0880513	0	0	1.1328	0	0	0	0	0	0	0	0	0	0	0	0	0	0	0	0	0	0	0	0	0	0	0	0.101817	0	0	0	0	0	0	0	0.169952
K13937	hexose-6-phosphate dehydrogenase [EC:1.1.1.47 3.1.1.31]	0	0	0	0	0	0	0	0	0	0	0	0	0	0	0	0.0723658	0	0	0	0	0	0	0	0	0	0	0	0	0	0	0	0	0	0	0	0	0	0	0	0	0	0
K13938	dihydromonapterin reductase / dihydrofolate reductase [EC:1.5.1.- 1.5.1.3]	0	0.157748	6.502673	0	0	0	1.546163	0	0	1.0294633	0	0	7.49464	3.0813	25.0259	0.648932	0.514016	0	0	0	0	0	0	0	0	0	0.150114	0.024186	0.864423	0	0.4289403	0	5.666483	0.575187	0.317003	0.844757	0	0	0	0	0	0.8444053
K13940	dihydroneopterin aldolase / 2-amino-4-hydroxy-6-hydroxymethyldihydropteridine diphosphokinase [EC:4.1.2.25 2.7.6.3]	2.569473	3.213606	3.3618439	2.8161795	7.0373571	5.5426205	8.950645	5.2957468	7.510988	4.297851	12.770035	0.0628373	14.43241	7.68704	3.582263	2.1701193	14.6307415	2.27598	1.3245033	11.5242812	28.7820694	13.480528	8.5678898	2.2003063	9.425444	2.9015	6.917895	1.9112932	0	4.7273729	9.50591	17.3498186	7.987602	24.1009064	6.5802253	4.9614356	3.270654	3.74395	8.393445	5.1093484	14.715906	13.9937697
K13950	para-aminobenzoate synthetase [EC:2.6.1.85]	0	0	0	0	0	0	0	0	0	0.04288	0	0	0	0	0	0	0	0	0	0	0	0	0	0.0417115	0	0	0	0	0	0	0.0611145	0	0	0	0	0	0	0	0	0	0	0.040891
K13953	alcohol dehydrogenase, propanol-preferring [EC:1.1.1.1]	0.125575	0	3.6842295	0.595828	0.7535544	0.8861524	0.356662	0.6743479	0	10.233765	7.32465	5.8560856	5.7118006	4.6949881	12.0830078	0.625603	0.0263884	0.8605266	0.980635	3.289696	0.0584637	3.9211659	1.5866549	19.55576	0.5885575	0	0.684613	0.1058635	14.98918	0.5890017	1.2518823	0.5133509	12.5486134	0.2010153	4.6023477	2.443039	0.4350654	0.8082322	0.0572145	0.100316	0.528124	5.900423
K13954	alcohol dehydrogenase [EC:1.1.1.1]	0.563092	0.5650461	3.786805	4.85422	2.184	3.05124852	1.043241	2.2537416	1.46559	0.0961764	0.89084	0.6336633	6.580458	5.900594	14.687579	0.234338	2.187763	0.643247	0.284774	0.88882	1.439806	0.2649825	0.4076687	1.80459	0.182748	1.25747	2.624762	0.190929	0.710158	2.89814	0.168759	0.81932826	1.83628	0.645789	0.411888	2.78288	0	0	6.12299	6.7992477	0.225233	0.540589
K13955	NO_NAME	0	0	0.0811057	0	0	0	0	0	0	0	0	0	0	0	0	0	0	0	0	0	0	0	0	0	0	0	0	0	0	0	0	0	0	0	0	0	0	0	0	0.0527913	0	0.0604542
K13957	NO_NAME	0	0	0	0	0	0	0	0	0	0	0	0	0	0	0	0.0285443	0	0	0	0	0	0	0	0	0	0	0	0	0	0	0	0	0	0	0	0	0	0	0	0	0	0
K13959	NO_NAME	0	0	0	0	0	0	0	0	0	0	0	0	0	0	0	0.0626936	0	0	0	0	0	0	0	0	0	0	0	0	0	0	0	0	0	0	0	0	0	0	0	0	0	0
K13963	serpin B	0	0.820975	0	0.0601762	0	0	0.0498526	4.3327841	0.813265	0.143765	0.127978	0.701879	2.1141051	0.1188897	0	3.8245713	0.604269	2.46857	2.227117	0.245384	0.217046	1.614381	0.7321588	1.1345693	0.3576048	2.5088139	0.0991926	0.8621427	0	2.9880195	3.7471874	1.524868	0.491568	0.438191	3.949193	0.258919	0.9814772	5.28233	7.30837	1.3388779	0.74296	3.700285
K13979	NO_NAME	0	0	2.99247	0	0	0.0466177	0.210112	0	0	0.00828948	0	0.0121965	5.84293	3.15016	9.10692	0	0.37839	0	0	0	0	0.109687	0.0684191	0	0	0	0.076458	0	0.147277	0.0100882	0.0809428	0	4.81602	0.47888	0	1.53003	0	0	0	0	0	0.413776
K13990	glutamate formiminotransferase / formiminotetrahydrofolate cyclodeaminase [EC:2.1.2.5 4.3.1.4]	0.702634	0.524503	0	0	0	0.0432814	0.0848154	0.0625263	0.0613603	1.06114	0.133672	0.688442	0.397036	0	0	0.582228	0	0.207158	0	0	0	0.528858	0.634928	0	0	0.596509	0.0831869	0	0	0	0.0880664	6.371114	0.614254	0.0599349	0	0	0	0	0	0	0	0
K13993	HSP20 family protein	1.646334	1.447144	16.1098233	0.6803226	0.0376587	0.379996	2.3257779	0.5483894	0.180246	3.2510252	2.778565	4.101677	6.2963798	0.707365	0.454749	8.013661	0.740204	3.1951782	0.7004365	0.5673829	0.6825701	52.3732957	95.9693384	1.072143	0.899464	3.5919318	1.1683111	21.0242624	0.145339	2.610703	1.1247929	2.31727	4.044627	3.530274	0.1695103	0.806441	3.1147	2.750353	0.4764884	0.0371783	0.1682469	3.7639985
K13997	dihydrolipoamide dehydrogenase-binding protein of pyruvate dehydrogenase complex	0	0	0	0	0	0	0	0	0	0	0	0	0	0	0	0.033466	0	0	0	0	0	0	0	0	0	0	0	0	0	0	0	0	0	0	0	0	0	0	0	0	0	0
K14021	Bcl-2 homologous antagonist/killer	0	0	0	0	0	0	0	0	0	0	0	0	0	0	0	0.015888	0	0	0	0	0	0	0	0	0	0	0	0	0	0	0	0	0	0	0	0	0	0	0	0	0	0
K14051	cyclic di-GMP phosphodiesterase Gmr [EC:3.1.4.52]	0	0	1.10154	0	0	0.014462	0.100542	0.00855703	0	0	0	0.0134745	1.05476	1.29915	4.07058	0	0.135338	0	0	0	0	0.0306626	0.0205535	0	0	0	0.0165875	0.0339536	0	0	0.00915457	0	2.175619	0.0828512	0	0.350009	0	0	0	0	0	0.25978804
K14052	NO_NAME	0	0	0	0	0	0.0099937	0.229353	0	0	0	0	0	5.67711	2.49295	20.0602	0	0	0	0	0	0	0	0.013224	0	0	0	0.0904691	0.0326184	0	0	0.011041	0	0.188285	0	0	0.499657	0	0	0	0	0	0.563608
K14053	NO_NAME	0	0	1.5023112	0	0	0	0.0543769	0	0	0	0.192983	0	1.28718	1.15649	8.77831	0	0.0356186	0.01553164	0	0	0	0	0.0434204	0	0	0	0.135826	0	1.3437949	0.022005	0	0.0472382	4.06914	0.13414	0	0.375332	0	0	0	0	0	0.1745392
K14054	NO_NAME	0	0.35906	4.80009	0	0	0.0601519	2.188331	0.00988607	0	0	0.516302	0.0156692	4.82802	4.54772	13.5128	0.618778	0.548259	0	0	0	0	0	0.1433351	0	0	0	0.088208	0.120041	0.819318	0	0.7803581	0	4.52074	1.4188221	0.217016	0.403588	0	0.0142064	0	0	0	1.303157
K14055	NO_NAME	0.0581158	0.191838	4.3423	0	0	0	1.7081	0	0	0.616449	1.885671	0	5.50296	2.76588	17.8189	0.154739	0.321741	0.381461	0.278152	0	0	0.00873911	0.081962	0	0	0	0.150339	0.700333	0.592241	0	0.329683	0	3.017838	1.02338	0	1.2607	0	0	0	0	0	1.36305
K14056	NO_NAME	0	0	5.243811	0	0	0.0822665	0.644846	0.0218274	0	0	0	0	7.90408	4.09855	16.1719	0.579718	0.5737349	0	0	0	0	0	0.1166129	0	0	0.0524238	0.189739	0.183956	0.0206534	0.113081	0.365091	0.0625069	4.360129	0.434969	0.2407915	1.65685	0	0	0	0	0	0.518603
K14057	NO_NAME	0	0	2.06212	0	0	0.0172847	0.205214	0	0	0	0	0	6.99242	1.66636	10.5024	0	0.0286293	0	0	0	0	0.0214391	0	0	0	0	0	0.0778129	0	0	0	0.0239633	0	0.356293	0	1.26449	0	0	0	0	0	0.156114
K14058	NO_NAME	0.0384604	0.426559	4.523627	0	0	0.160137	1.94823	0	0	0.586484	2.4742012	0	3.13386	4.30899	12.4549	0.270329	0.1171	0.2560619	0.541408	0.1487898	0	0.0185129	0.058765	0.0567226	0	0	0.104894	0.855318	1.95122	0.0191368	0.424665	0	6.537985	1.16118	0.0770325	0.944987	0	0	0	0	0	1.11986
K14059	NO_NAME	0	0	0.0659536	0	0	0.03463219	0.2015335	0.0106874	0	0.1361241	0	0.0123539	0.0128359	0.93815	0	0	0.157688	0	0	0	0	0	0.021368	0	0	0	0	0	0	0	0.0505892	0.0148466	1.858314	0.577237	0	0.51263984	0	0	0	0	0	0.0468901
K14060	NO_NAME	0	0	2.479867	0	0	0	0.256348	0	0	0	0	0.0194599	1.76385	2.04029	3.49368	0	0.363445	0	0	0	0	0	0	0	0	0	0.25356	0.208011	0.0729839	0	0	0	5.21114	0.36227	0.0588411	0.941778	0	0	0	0	0	0
K14061	NO_NAME	0	0.444018	3.0241	0	0	0	0.403878	0.123736	0	0.789949	0.161657	0	1.27937	2.59119	13.8338	0	0.0968852	0	0	0	0	0.0334345	0.143973	0	0	0	0.120723	0	0	0	0.127804	0	6.86423	0.889561	0	0.439243	0	0	0	0	0	0.9799955
K14062	NO_NAME	0	0	2.157162	0	0	0.0257858	0.1341829	0	0	0	0.0577292	0.0119123	3.87285	3.489304	18.96771	0	0.303737	0	0	0	0	0	0.035881	0	0	0	0.1607352	0.051219	0	0	0.0555248	0	3.31895	0.293663	0	1.793372	0	0	0	0	0	0.390706
K14063	NO_NAME	0	0	1.24813	0	0	0.0237341	0.139677	0	0	0	0	0	7.12736	3.22716	0	0	0.280019	0	0	0	0	0	0.0127443	0	0	0	0	0	0	0	0	0	0	0.407822	0	1.84034	0	0	0	0	0	0.38122
K14064	NO_NAME	0	0	4.72409	0	0	0	0.442032	0.0947979	0	0	1.32106	0	8.79968	6.20656	31.6752	0	0.494844	0.0933746	0	0	0	0	0.205897	0	0	0	0.277468	0.298901	3.02554	0	0.130553	0	10.0616	1.12072	0	3.02117	0	0.157427	0.016203	0	0	1.03141
K14065	NO_NAME	0	0.023976	5.28776	0	0	0.240607	0.707251	0.0947979	0	0	1.95407	0.0904046	12.43	9.37068	59.1488	0	0.82474	0.124499	0	0	0	0.0918748	0.264724	0	0	0.0225144	0.647426	0.538023	4.27577	0.165366	0	0.243755	11.4692	1.24188	0	4.7263	0	0.188913	0	0	0	1.54711
K14080	[methyl-Co(III) methanol-specific corrinoid protein]:coenzyme M methyltransferase [EC:2.1.1.246]	0	0	1.126387	0	0	0	0	6.26409	0.1707944	0	0	0	0	0	0	0	2.254878	0	0	0	0	0	0	0	0	0	0	0	0	10.16718	0	0	0	0	0	0	0	0	8.09943	0	0	0
K14081	methanol corrinoid protein	0	0	0.645099	0	0	0	0	5.84445	0.162019	0	0	0	0	0	0	0	2.06834	0	0	0	0	0	0	0	0	0	0	0	0	8.53624	0	0	0	0	0	0	0	0	5.98023	0	0	0
K14083	trimethylamine---corrinoid protein Co-methyltransferase [EC:2.1.1.250]	0.146219	0.0705616	0	1.519857	0	0	0	0.0616518	0	0	0	0.530131	1.122065	0	0	0.2184387	0.357579	0	0	0	0	0.620316	1.399751	0.1958593	0.329224	0	0.194726	0.0420572	0	1.119216	0	0	0.4842014	0.1368536	0	0	0	0.1341272	0.494288	0.74657	0.123721	0.3370119
K14085	aldehyde dehydrogenase family 7 member A1 [EC:1.2.1.31 1.2.1.8 1.2.1.3]	0	0	0	0	0	0	0	0	0	0	0	0	0	0	0	0.0112887	0	0	0	0	0	0	0	0	0	0	0	0	0	0	0	0	0	0	0	0	0	0	0	0	0	0
K14086	NO_NAME	10.196726	10.60132	6.40995	39.780116	23.9755	0	0	12.5018	11.315644	5.15281	8.05518	2.08576	26.9735	5.96952	1.19224	3.994277	25.4536	2.96134	2.08751	27.6043	15.499	19.275039	20.3915	0	0	12.7676	25.4049	8.86419	0.32418	12.4592305	69.71654	22.0861	8.25176	4.28262	29.0053747	8.67847	23.5171	14.5636	50.5043694	21.1177	0	21.591
K14087	NO_NAME	0	0	0	0.515209	0	0	0	0	0	0	0	0.142495	0.0863382	0	0	0.857583	0	0	0	0	0	0.22763	0	0	0	0	0	0	0	0.0657225	0.181602	0.0968768	0	0	0.0862501	0	0	0	0.0802092	0	0	0
K14088	NO_NAME	3.61988	1.26053	0.101888	5.535429	0.839507	0.19979	0.279653	0.157375	0.147139	0.18484	0.0783539	0.686337	0.757641	0	0	1.054406	0.469597	0.0886106	0.056329	1.11301	1.03355	1.512524	1.4790665	0.2349	2.73143	0.378531	1.638763	0.453842	0.403389	0.6757766	1.700593	0.4318013	3.38889	2.73071	0.117615	0.433362	0.701713	0.701988	1.846721	1.609901	1.01355	0.172726
K14089	NO_NAME	0	0	0	0.360622	0	0	0	0	0	0	0	0	0	0	0	0.640332	0	0	0	0	0	0.188083	0.0516129	0	0	0	0	0	0	0.145085	0.343625	0	0	0	0.0544003	2.14963	0	0	0.324424	0	0	0
K14090	NO_NAME	0	0	0	0	0	0	0	0	0	0	0	0	0	0	0	0	0	0	0	0	0	0	0	0	0	0	0	0	0	0	0	0	0	0	0	1.44478	0	0	0.10854	0.0566059	0	0
K14105	NO_NAME	0	0	0	0	0	0	0	4.29055	0.201875	0	0	0	0	0	0	0	3.83504	0	0	0	0	0	0	0	0	0	0	0	0	5.41343	0	0	0	0	0	0	0	0	6.82124	3.42183	0	0
K14110	NO_NAME	0	0	0.0924539	0	0	0	0	1.52379	0	0	0	0	0	0	0	0	0.681785	0	0	0	0	0	0	0	0	0	0	0	0	3.07581	0	0	0	0	0	0	0	0	2.60569	0	0	0
K14111	NO_NAME	0	0	0.512052	0	0	0	0	3.08944	0.295788	0	0	0	0	0	0	0	0.94401	0	0	0	0	0	0	0	0	0	0	0	0	3.15468	0	0	0	0	0	0	0	0	3.52945	0	0	0
K14112	NO_NAME	0	0	0.470991	0	0	0	0	2.60605	0.163242	0	0	0	0	0	0	0	0.694649	0	0	0	0	0	0	0	0	0	0	0	0	3.30795	0	0	0	0	0	0	0	0	2.53943	0	0	0
K14113	NO_NAME	0	0	0.443779	0	0	0	0	2.67752	0.25635	0	0	0	0	0	0	0	0.818142	0	0	0	0	0	0	0	0	0	0	0	0	3.48643	0	0	0	0	0	0	0	0	3.12683	0	0	0
K14114	NO_NAME	0	0	0.347714	0	0	0	0	2.52955	0	0	0	0	0	0	0	0	0.621373	0	0	0	0	0	0	0	0	0	0	0	0	2.92008	0	0	0	0	0	0	0	0	2.32318	0	0	0
K14115	NO_NAME	0	0	0.274314	0	0	0	0	1.75678	0.0443682	0	0	0	0	0	0	0	0.60012	0	0	0	0	0	0	0	0	0	0	0	0	2.83921	0	0	0	0	0	0	0	0	1.78153	0	0	0
K14116	NO_NAME	0	0	0.245533	0	0	0	0	2.50515	0.0945552	0	0	0	0	0	0	0	0.704138	0	0	0	0	0	0	0	0	0	0	0	0	3.17666	0	0	0	0	0	0	0	0	3.6606	0	0	0
K14117	NO_NAME	0	0	0.271332	0	0	0	0	2.20947	0.0626942	0	0	0	0	0	0	0	0.867052	0	0	0	0	0	0	0	0	0	0	0	0	2.74148	0	0	0	0	0	0	0	0	3.52433	0	0	0
K14118	NO_NAME	0	0	0.33432	0	0	0	0	1.78423	0.102998	0	0	0	0	0	0	0	0.87658	0	0	0	0	0	0	0	0	0	0	0	0	2.52656	0	0	0	0	0	0	0	0	1.82985	0	0	0
K14119	NO_NAME	0	0	0.499251	0	0	0	0	1.76324	0.209741	0	0	0	0	0	0	0	0.780953	0	0	0	0	0	0	0	0	0	0	0	0	3.13174	0	0	0	0	0	0	0	0	2.33585	0	0	0
K14120	NO_NAME	0	0	0.211131	0	0	0	0	1.87143	0.0645657	0	0	0	0	0	0	0	0.770824	0	0	0	0	0	0	0	0	0	0	0	0	2.63204	0	0	0	0	0	0	0	0	2.01641	0	0	0
K14121	NO_NAME	0	0	0.376419	0	0	0	0	1.93583	0.0457767	0	0	0	0	0	0	0	0.779182	0	0	0	0	0	0	0	0	0	0	0	0	2.70964	0	0	0	0	0	0	0	0	2.33056	0	0	0
K14122	NO_NAME	0	0	0.420162	0	0	0	0	1.94946	0.199877	0	0	0	0	0	0	0	0.516401	0	0	0	0	0	0	0	0	0	0	0	0	2.40583	0	0	0	0	0	0	0	0	1.99885	0	0	0
K14123	NO_NAME	0	0	0.269057	0	0	0	0	1.77732	0.0518072	0	0	0	0	0	0	0	0.532772	0	0	0	0	0	0	0	0	0	0	0	0	2.6522	0	0	0	0	0	0	0	0	1.86828	0	0	0
K14124	NO_NAME	0	0	0.339992	0	0	0	0	1.47463	0.0516834	0	0	0	0	0	0	0	0.483847	0	0	0	0	0	0	0	0	0	0	0	0	2.16079	0	0	0	0	0	0	0	0	1.95153	0	0	0
K14125	NO_NAME	0	0	0.436844	0	0	0	0	2.57139	0.144197	0	0	0	0	0	0	0	0.920409	0	0	0	0	0	0	0	0	0	0	0	0	2.92202	0	0	0	0	0	0	0	0	3.7471	0.0395221	0	0
K14126	NO_NAME	0	0	0.268917	0	0	0	0	1.79628	0.0878013	0	0	0	0	0	0	0	0.689768	0	0	0	0	0	0	0	0	0	0	0	0	2.55717	0	0	0	0	0	0	0	0	2.04879	0	0	0
K14127	NO_NAME	0	0	0.350689	0	0	0	0	9.7216	0.625256	0	0	0	0	0	0	0	6.563488	0	0	0	0	0	0	0	0	0	0	0	0	10.84227	0	0	0	0	0	0	0	0	10.65248	4.67306	0	0
K14128	NO_NAME	0	0	0.175518	0	0	0	0	1.97446	0	0	0	0	0	0	0	0	0.563271	0	0	0	0	0	0	0	0	0	0	0	0	2.30686	0	0	0	0	0	0	0	0	1.95958	0	0	0
K14139	immunity-related GTPase family M protein [EC:3.6.5.-]	0	0	0	0	0	0	0	0	0	0	0	0	0	0	0	0.0716865	0	0	0	0	0	0	0	0	0	0	0	0	0	0	0	0	0	0	0	0	0	0	0	0	0	0
K14153	hydroxymethylpyrimidine kinase / phosphomethylpyrimidine kinase / thiamine-phosphate diphosphorylase [EC:2.7.1.49 2.7.4.7 2.5.1.3]	0	1.84521	0	0	0	0	0	0	0	0	0	0	0	0	0	0	0	0	0	0.331909	0	0	0	0	0	0	0.779724	0	0	0	0	0	0	0	0	0	0	0	0	0	0	0
K14155	cystathione beta-lyase [EC:4.4.1.8]	12.6999357	36.7654521	12.4173114	9.938629	71.6834508	16.5936731	21.8037611	20.5525053	16.6457182	47.4629458	53.2548737	21.2007169	22.1439062	15.1507515	17.788349	14.0503741	22.0811732	15.4550542	17.8481892	24.0832248	34.1515493	29.1259032	47.0939252	17.9287753	1.4568932	23.1119993	23.6569641	9.5321363	57.798006	7.0633464	20.7433491	35.5661365	11.3318522	31.4526946	19.043342	4.7496021	7.448245	6.2643438	6.5071793	2.5263688	9.2570812	21.4867536
K14161	NO_NAME	0	0	0	0.05048	0.121775	0	0	0	0	0	0	0	0	0	0	0	0	0	0	0	0	0	0	0.1745096	0	0	0	0.037607	0	0	0	0	0	0	0	0	0	0	0	0	0	0
K14162	NO_NAME	0	0	0.0316316	0	0.0680869	0	0.05211	0	0	0	0	0	0	0	0	0	0	0	0	0.0457394	0	0	0	0.0624418	0	0	0	0	0	0	0	0	4.18698	0	0	0	0	0	0	0	0	0
K14164	glycyl-tRNA synthetase [EC:6.1.1.14]	0	0	0	0	0	0	0	0	0	0	0	0	0	0	0	0	0	0	0	0	0	0	0	0.0460971	0	0	0	0	0	0	0	0	0	0	0	0	0	0	0	0	0	0
K14165	NO_NAME	0	0	0	0	0	0	0	0	0	0	0	0.0322131	0	0	0	0.1378041	0	0	0	0	0	0	0	0	0	0	0	0	0	0	0	0	0	0	0	0	0	0	0	0	0	0
K14168	cytoplasmic tRNA 2-thiolation protein 1 [EC:2.7.7.-]	0	0	0	0	0	0	0	0	0	0	0	0	0	0	0	0.0533866	0	0	0	0	0	0	0	0	0	0	0	0	0	0	0	0	0	0	0	0	0	0	0	0	0	0
K14170	chorismate mutase / prephenate dehydratase [EC:5.4.99.5 4.2.1.51]	4.8352364	3.2241566	7.367581	3.960064	18.674318	40.0439154	26.942973	12.4085982	15.99675	3.69498	16.427847	2.1605968	15.712141	11.2073834	11.254377	4.0466656	19.721844	9.8893097	6.44248	38.0284043	37.0964086	8.7916846	12.4301992	5.4230274	27.3431809	18.040919	21.445323	4.5183782	3.7628503	10.1950814	35.2386318	34.938187	39.166616	29.993184	14.8738428	7.9648719	36.9608604	21.8829444	26.5308091	9.373031	36.0441731	20.7002326
K14187	chorismate mutase / prephenate dehydrogenase [EC:5.4.99.5 1.3.1.12]	0	0.027437	3.762177	0	0	0.20719	2.802879	0	0	0	0.797888	0	2.756403	5.37073	11.52861	0	0.3503613	0.116142	0	0	0	0.0178266	0.1369836	0	0	0	0.2035343	0.111007	3.12927	0	0.476538	0.0214473	7.234899	0.914474	0	1.571243	0	0.0632625	0	0	0	1.850954
K14188	D-alanine--poly(phosphoribitol) ligase subunit 2 [EC:6.1.1.13]	1.1584472	0.5730321	3.4965542	4.353578	3.3480294	0.413064	9.4379317	0.442609	1.826492	69.8681221	51.2270757	6.6347927	2.662305	2.769343	1.93992	3.622513	0.301441	4.5808356	3.358144	17.4764662	0.3661194	1.3149497	2.7744327	38.10776	1.1017738	0	2.218961	0.5427194	6.278632	8.7968206	5.462578	2.3184113	1.3133318	5.4329934	9.322398	16.3010651	0.5638566	0.9265727	0.2094248	0.6542774	2.633627	14.0692413
K14189	NO_NAME	0	0	0	0	0	0	0	0	0	0	0	0	0	0	0	0	0	0	0	0	0	0	0	0	0	0	0	0	0	0	0	0	0	0	0	0	0	0	0.0387197	0.100355	0	0
K14193	iron-regulated surface determinant protein A	0	0	0	0	0	0	0	0	0	0	0	0	0	0	0	0	0	0	0	0	0	0	0	0	0.0812733	0	0	0	0	0	0	0	0	0	0	0	0.0282466	0	0	0	0	0
K14198	staphylokinase	0	0	0	0	0	0	0	0	0	0	0	0	0	0	0	0	0	0	0	0	0	0	0	0	0	0	0	0	0	0	0	0	0	0	0	0	0.0754034	0	0	0	0	0
K14201	clumping factor A	0	0	0	0	0	0	0	0	0	0	0	0	0	0	0	0	0	0	0	0	0	0	0.18651	0	0	0	0	0	0	0	0	0	0	0	0	0	0	0	0	0	0	0
K14205	phosphatidylglycerol lysyltransferase [EC:2.3.2.3]	0.0547583	0.173277	0.601091	0.1226059	0.0901192	0	0.128846	0.136404	0.220551	0.3107749	0.742245	0.223211	0.522423	0	0.0622696	0.646915	0.364349	0.226266	2.360126	0.6043621	0.166303	0.4021593	0.748317	0.4601804	0.4010382	0.177822	1.272207	0.224658	0	1.153856	0.690379	0.0432068	0	0	0.392889	0.2784067	0.0710972	0.4340842	0	0.0906021	0	2.451948
K14212	NO_NAME	0	0	0	0	0	0	0	0	0	0	0	0	0	0	0	0.0751314	0	0	0	0	0	0	0	0	0	0	0	0	0	0	0	0	0	0	0	0	0	0	0	0	0	0
K14217	interferon-induced protein with tetratricopeptide repeats 1	0	0	0	0	0	0	0	0	0	0	0	0.061231	0	0	0	0.1796815	0	0	0	0	0	0	0	0	0	0	0	0	0	0	0	0	0	0	0	0	0	0	0	0	0	0
K14260	alanine-synthesizing transaminase [EC:2.6.1.66 2.6.1.2]	5.521578	4.647266	8.5267647	12.128537	14.000844	39.73762	32.349333	5.272298	8.475524	1.0775402	2.6785681	0.905316	12.754501	5.274535	10.8706745	0.9793789	8.4350585	5.533416	7.1479021	21.3392922	12.6416723	5.2490169	8.8133766	11.9059632	4.005624	6.148444	18.6871303	2.5855231	0.123965	2.6555574	19.1902848	11.9995469	23.227017	3.1463063	7.6139248	5.9182067	35.1848391	15.928066	13.375804	22.124623	28.47925	3.9711329
K14261	NO_NAME	0	0.166004	2.01893	0.35901	0	0.32068	2.2073	0	0	0.0203969	0	0.0212463	3.3259	3.84277	7.31109	0.85256	0.168307	0	0	0.0169152	0	0.273221	0.1726619	0.0214728	0	0.011986	0.142174	0.0548208	0	0.1688035	0.722484	0.0576614	4.57451	1.72657	0.338185	0.613085	0	0	0	0	0	1.74941
K14268	5-aminovalerate/4-aminobutyrate aminotransferase [EC:2.6.1.48 2.6.1.19]	0	0	0	0	0	0	0	0	0	0	0	0	0	0	0	0	0	0	0	0	0	0	0	0	0	0	0	0	0	0	0	0	6.06364	0	0	0	0	0	0	0	0	0
K14274	D-xylonolactonase	0.493577	0	0	0	0	0	0.0705795	0	0	0.460274	0.556426	1.05234	0.245536	0	0	1.69137	0.2747181	0	0	0	0.2681855	0.51784	0.281117	0.137685	0	1.57681	0.0422031	1.24156	0.073531	0.3613513	0	0.156803	0.0574902	0.0556708	0	0	0	0.115737	0	0	0	0.0446039
K14285	NTF2-related export protein 1/2	0	0	0	0	0	0	0	0	0	0	0	0.0452632	0	0	0	0.095197	0	0	0	0	0	0	0	0	0	0	0	0	0	0	0	0	0	0	0	0	0	0	0	0	0	0
K14287	NO_NAME	0	0.116228	2.31848	0.0219097	0	0.0580992	0.170779	0	0	0.0406455	0.0395809	0.0322915	3.71874	3.66067	18.7082	0	0.048189	0	0	0.0106959	0	0.026966	0.0396164	0	0	0	0.166068	0	0.468991	0	0.0450349	0	2.33785	0.133742	0	1.2903667	0	0.0915047	0	0	0	0.251145
K14288	exportin-T	0	0	0	0	0	0	0	0	0	0	0	0	0	0	0	0.0469367	0	0	0	0	0	0	0	0	0	0	0	0	0	0	0	0	0	0	0	0	0	0	0	0	0	0
K14291	phosphorylated adapter RNA export protein	0	0	0	0	0	0	0	0	0	0	0	0	0	0	0	0.05465	0	0	0	0	0	0	0	0	0	0	0	0	0	0	0	0	0	0	0	0	0	0	0	0	0	0
K14316	nuclear pore complex protein Nup121	0	0	0	0	0	0	0	0	0	0	0	0	0	0	0	0.0955911	0	0	0	0	0	0	0	0	0	0	0	0	0	0	0	0	0	0	0	0	0	0	0	0	0	0
K14322	polyadenylate-binding protein-interacting protein 1	0	0	0	0	0	0	0	0	0	0	0	0	0	0	0	0.0255	0	0	0	0	0	0	0	0	0	0	0	0	0	0	0	0	0	0	0	0	0	0	0	0	0	0
K14337	NO_NAME	0	0	0	0	0	0	0.0568982	0	0	0	0	0	0	0	0	0	0	0	0	0	0	0	0	0	0	0	0	0	0	0	0	0	0	0	0	0	0	0	0	0	0	0
K14338	cytochrome P450 / NADPH-cytochrome P450 reductase [EC:1.14.14.1 1.6.2.4]	0	0	0.0370364	0	0	0	0	0	0	0	0	0	0	0	0	0	0	0	0	0	0	0	0	0.0572642	0	0	0	0	0	0	0	0	0	0	0	0	0	0	0	0.0404994	0.0421058	0
K14343	NO_NAME	0	0	0	0	0	0	0	0	0	0	0	0	0	0	0	0.1142119	0	0	0	0	0	0	0	0	0	0	0	0	0	0	0	0	0	0	0	0	0	0	0	0	0	0
K14347	NO_NAME	0	0.30875	2.717483	0	0.0430386	0.0600511	1.4425692	0	0.0456511	0.8053	0.868423	0	4.58103	3.25939	15.6963414	0	0.714414	0	0	0.184526	0	0.0805122	0.0163923	0.0738517	0	0	0.1617295	0.0188702	0.582051	0	0.5031466	0.0538318	16.1507521	1.696345	0.0365157	1.613689	0	0	0	0	0	1.5450299
K14348	NO_NAME	0	0	2.6993	0.0202567	0	0	0.301597	0.0562438	0	0	0	0	1.73167	1.75995	6.74592	0	0.264232	0	0	0	0	0	0.183238	0.0158705	0	0	0.0960298	0	0	0	0.0251029	0	7.43491	0.701118	0	1.13138	0	0	0	0	0	0.674928
K14363	NO_NAME	0	0	0	0	0	0	0	0	0	0	0	0	0	0	0	0.0500582	0	0	0	0	0	0	0	0	0	0	0	0	0	0	0	0	0	0	0	0	0	0	0	0	0	0
K14376	poly(A) polymerase [EC:2.7.7.19]	0	0	0	0	0	0	0	0	0	0	0	0	0	0	0	0.0571372	0	0	0	0	0	0	0	0	0	0	0	0	0	0	0	0	0	0	0	0	0	0	0	0	0	0
K14379	tartrate-resistant acid phosphatase type 5 [EC:3.1.3.2]	0	0	0	0	0	0	0	0	0	0	0	0	0	0	0	0.0669152	0	0	0	0	0	0	0	0	0	0	0	0	0	0	0	0	0	0	0	0	0	0	0	0	0	0
K14392	NO_NAME	3.5498309	2.251053	3.9895047	4.29955	0.723025	1.9375085	4.320627	0.9240329	0.879184	1.750201	5.682999	0.9480513	3.847274	0.5116204	0	0.2030456	2.4109016	0.7186141	0.48708	2.405579	2.265487	1.1363628	1.920457	0.310748	2.19446	0.201657	1.1613681	1.699001	4.840638	2.1679941	0.656444	0.201966	9.9282263	4.2501824	0.3530189	0.628165	0.934481	0.4545186	1.1774593	0.613868	1.09717	2.6012865
K14393	NO_NAME	0	0.325402	3.2257343	0	0	0.136757	2.891225	0.0881386	0	0.499791	1.94015	0	1.2154	2.95396	0	0.453573	0.171614	0.104206	0	0	0	0.024876	0.328581	0.0186055	0	0	0.35553	0.227942	4.05553	0.0861227	0.4499518	0	6.3297	1.56593	0.166893	0.0445099	0	0.105413	0	0	0	1.55711
K14399	polyribonucleotide 5'-hydroxyl-kinase [EC:2.7.1.78]	0	0	0	0	0	0	0	0	0	0	0	0	0	0	0	0.0354958	0	0	0	0	0	0	0	0	0	0	0	0	0	0	0	0	0	0	0	0	0	0	0	0	0	0
K14414	NO_NAME	0	0	4.03124	0	0	0	0.920782	0	0	0	0	0	4.57977	3.19273	27.6781	0	0.19057	0	0	0	0	0.0130424	0	0	0	0	0.102918	0.18096	0	0	0.104271	0	0	0.779892	0	1.269808	0	0	0	0	0	0.338777
K14415	NO_NAME	0.4494371	1.28921	3.11221	0	0	0.1415312	0.602306	1.55056	0.0466225	1.064324	0.2849087	2.683979	1.8372955	1.44231	7.2032941	6.24696	1.076677	0.354868	0	0.2898	0.0765228	1.6565005	0.598463	0	0.823355	0.8825259	0.1398419	10.7750547	1.40308	4.636701	0	0.723444	4.82627	1.056165	0.207049	1.72697	0.0413269	1.8519948	1.8140458	0.0228003	0	0.845209
K14437	NO_NAME	0	0	0	0	0	0	0	0	0	0	0	0	0	0	0	0.084965	0	0	0	0	0	0	0	0	0	0	0	0	0	0	0	0	0	0	0	0	0	0	0	0	0	0
K14441	NO_NAME	37.6112338	26.5996	8.5306275	11.012654	17.46627	18.4909742	19.68312	10.4320948	11.618044	16.663578	17.555141	46.4860146	34.0113273	8.4311667	5.1299115	26.084641	8.2982641	10.671675	11.0470795	34.824064	31.8297858	16.570907	16.1292638	4.3137957	22.028285	17.5372201	24.586256	37.7766588	56.1953902	16.7029074	5.3327466	11.4250439	42.0097814	27.8963995	7.2788381	5.2676474	25.4211799	56.2309297	47.188912	63.6584734	57.2089245	10.486607
K14443	protein Tob/BTG	0	0	0	0	0	0	0	0	0	0	0	0	0	0	0	0.00927556	0	0	0	0	0	0	0	0	0	0	0	0	0.0491287	0	0	0	0	0	0	0	0	0	0	0	0	0
K14445	NO_NAME	0.498655	0.4841525	0.4106252	1.8654374	0.2932658	0.275239	0.1449919	5.1887088	5.1256457	2.7785209	15.3672187	27.1870551	24.088129	6.87154	3.91313	2.9554264	15.5074755	0.103683	3.0928937	8.366917	25.6475674	5.573407	8.745253	0	0.107936	0.546127	1.314541	1.2740968	1.840441	4.9288324	11.113563	22.251282	5.744267	8.4857792	0.100821	1.1785378	2.0631955	28.2021364	3.187588	0.854413	0.616483	0.878859
K14475	inhibitor of cysteine peptidase	0.105895	0	0	0.702199	0.0635139	0	0	0	0.107609	0	0	0.431853	0.748219	0	0	0	0.405071	0	0	0	0	0.0851245	0.865781	0	0	0.253372	0.40654	0	0	0.747401	0	0	0.253271	0.189198	0	0	0	0	0	0.0531752	0	0.210537
K14480	NO_NAME	0	0	0	0	0	0	0	0	0	0	0	0	0	0	0	0.108362	0	0	0	0	0	0	0	0	0	0	0	0	0	0	0	0	0	0	0	0	0	0	0	0	0	0
K14523	ribonucleases P/MRP protein subunit RPP38 [EC:3.1.26.5]	0	0	0	0	0	0	0	0	0	0	0	0	0	0	0	0.0995856	0	0	0	0	0	0	0	0	0	0	0	0	0	0	0	0	0	0	0	0	0	0	0	0	0	0
K14525	ribonucleases P/MRP protein subunit RPP25 [EC:3.1.26.5]	0	0	0	0	0	0	0	0	0	0	0	0.0459852	0	0	0	0	0	0	0	0	0	0	0	0	0	0	0	0	0	0	0	0	0	0	0	0	0	0	0	0	0	0
K14527	ribonuclease P/MRP protein subunit RPP20 [EC:3.1.26.5]	0	0	0	0	0	0	0	0	0	0	0	0	0	0	0	0.1192524	0	0	0	0	0	0	0	0	0	0	0	0	0	0	0	0	0	0	0	0	0	0	0	0	0	0
K14534	4-hydroxybutyryl-CoA dehydratase / vinylacetyl-CoA-Delta-isomerase [EC:4.2.1.120 5.3.3.3]	0.574101	1.500319	0.0470694	0	0	0.0386691	0	0.278142	0.0930301	0.16099	0.171031	0.387448	0.793059	0	0	0.0679976	1.412832	0.0666961	0.127194	0.317463	0.14003	0.4159832	0.1733215	0	0.0928479	0.143422	0.364892	0.730174	0	9.6644842	0.2218248	0.979371	0.52505	0.337514	0	0.2944836	0.330107	2.030415	0.5510598	0.3914776	0.104624	3.640756
K14535	transcription initiation factor TFIID subunit 9	0	0	0	0	0	0	0	0	0	0	0	0	0	0	0	0.0713498	0	0	0	0	0	0	0	0	0	0	0	0	0	0	0	0	0	0	0	0	0	0	0	0	0	0
K14540	NO_NAME	31.787414	20.4876149	2.4272839	12.571726	13.2799169	12.9700363	13.8237427	5.0584088	5.9404891	17.91451	11.7507435	1.43789	4.3108181	2.1248639	0.7302202	1.9225599	2.5197404	4.9375818	6.951913	31.205359	21.6234875	5.5192704	5.5317924	2.5632482	8.8552848	9.0882446	14.7074753	2.0377865	7.06671	6.9525421	18.233235	7.7493533	19.0778408	10.001354	3.6622102	4.9923081	19.0411247	25.8358541	41.7523615	55.6157726	46.9398867	10.1418496
K14560	U3 small nucleolar ribonucleoprotein protein IMP3	0	0	0	0	0	0	0	0	0	0	0	0	0	0	0	0	0	0	0	0	0	0.0679472	0	0	0	0	0	0	0	0	0	0	0	0	0	0	0	0	0	0	0	0
K14561	U3 small nucleolar ribonucleoprotein protein IMP4	0	0	0.223242	0	0	0	0	1.91144	0.0937865	0	0	0	0	0	0	0	0.59864	0	0	0	0	0	0	0	0	0	0	0	0	2.72572	0	0	0	0	0	0	0	0	1.61647	0	0	0
K14564	nucleolar protein 56	0	0	0.256559	0	0	0	0	1.65712	0.0640874	0	0	0	0	0	0	0	0.383504	0	0	0	0	0	0	0	0	0	0	0	0	2.15307	0	0	0	0	0	0	0	0	1.63139	0	0	0
K14574	ribosome maturation protein SDO1	0	0	0.288029	0	0	0	0	1.67928	0	0	0	0	0	0	0	0	0.775436	0	0	0	0	0	0	0	0	0	0	0	0	2.68711	0	0	0	0	0	0	0	0	1.68069	0	0	0
K14587	NO_NAME	0	0	0	0	0	0.104238	0.136179	0.127771	0	0	1.95544	0	0	0	0	0	0	0	0	0	0	0.0707607	0.152915	0	0	0	0.12466	0	4.62195	0	0.113119	0.0704012	0	0	0	0	0	0.181873	0	0	0	1.17404
K14588	NO_NAME	0	0	1.92965	0	0	0.0563562	0.0616254	0	0	0.0117027	0	0	7.57638	1.22994	13.3672	0	0	0	0	0	0	0.00991609	0.014836	0	0	0	0.12709	0.019372	0	0.00848611	0.0101281	0.017201	1.66384	0.1508	0	0	0	0	0	0	0	0.05437
K14590	NO_NAME	0	0	0	0	0	0	0	0	0	0	0	0	0	0	0	0.0626417	0	0	0	0	0	0	0	0	0	0	0	0	0	0	0	0	0	0	0	0	0	0	0	0	0	0
K14591	NO_NAME	1.230745	0.945176	4.3143858	4.2847	2.51273	3.289364	2.513481	3.893154	3.621111	0.953595	1.03807	0.879526	7.49006	4.4062364	27.013955	0.789418	2.776567	1.814866	1.163462	2.031648	2.60832	1.409484	1.370584	2.49934	0.263157	1.114181	2.471262	0.0237445	0.436781	2.158357	0.759923	1.486285	7.05213	0.2080701	1.34547	1.856901	0	0	3.01764	6.54426	1.32575	0.464857
K14609	solute carrier family 19 (folate transporter), member 1	0	0	0	0	0	0	0	0	0	0	0	0	0	0	0	0.0222501	0	0	0	0	0	0	0	0	0	0	0	0	0	0	0	0	0	0	0	0	0	0	0	0	0	0
K14610	solute carrier family 19 (thiamine transporter), member 2/3	0	0	0	0	0	0	0	0	0	0	0	0	0	0	0	0.0327828	0	0	0	0	0	0	0	0	0	0	0	0	0	0	0	0	0	0	0	0	0	0	0	0	0	0
K14614	NO_NAME	0	0	0	0	0	0	0	0	0	0	0	0	0	0	0	0.0418215	0	0	0	0	0	0	0	0	0	0	0	0	0	0	0	0	0	0	0	0	0	0	0	0	0	0
K14623	NO_NAME	8.055576	0.6633	4.225792	2.541151	6.949305	6.7564194	6.70673	13.491839	15.736091	5.7625711	0.8301456	0.2887521	4.183691	3.47278	3.693886	5.413922	1.67818	1.833674	3.528894	1.18193	5.20425	0.3543166	0.7575571	0.0133572	0	1.570808	2.038191	3.50399	0	2.7982139	2.141989	8.1586142	4.629627	0.633048	4.264761	0.791783	12.42486	4.78807	0.616912	11.5740185	3.407171	5.990111
K14636	MFS transporter, DHA1 family, solute carrier family 18 (vesicular acetylcholine transporter), member 3	0	0	0	0	0	0	0	0	0	0	0	0	0	0	0	0.0572767	0	0	0	0	0	0	0	0	0	0	0	0	0	0	0	0	0	0	0	0	0	0	0	0	0	0
K14645	serine protease [EC:3.4.21.-]	0	0	0.1798099	0	0	0	0.244313	0	0	0.400276	1.083127	0	0	0	0.0718288	0	0.0621898	0	0	0	0	0	0	0.070079	0	0	0	0	0	0	0	0	0.0380268	0.1580584	0	0.602193	0	0	0	0	0	0
K14647	minor extracellular serine protease Vpr [EC:3.4.21.-]	0	0	0.0463495	0	0	0	0	0	0	0	0	0	0	0	0	0	0	0	0	0	0	0	0	0	0	0	0	0	0	0	0	0	0	0	0	0	0	0	0	0	0.0414022	0
K14652	3,4-dihydroxy 2-butanone 4-phosphate synthase / GTP cyclohydrolase II [EC:4.1.99.12 3.5.4.25]	58.990549	41.1526405	23.494668	12.6255466	23.0878582	29.934726	37.7310118	27.713971	42.2681036	46.7685771	34.0505986	29.6964654	21.9839821	10.4819913	1.3410069	51.6726945	30.6940661	33.488088	50.713561	52.343608	43.7132465	22.971272	8.0355894	61.189593	73.252178	53.216685	47.3341919	87.0309374	65.1132263	24.9509637	8.8471681	17.495836	54.967042	35.9609038	28.7028633	15.025183	49.9491794	69.2052958	54.1463428	73.8650583	102.6590789	39.309719
K14653	2-amino-5-formylamino-6-ribosylaminopyrimidin-4(3H)-one 5'-monophosphate deformylase [EC:3.5.1.102]	0	0	0.325598	0	0	0	0	6.17678	0.286829	0	0	0	0	0	0	0	5.161868	0	0	0	0	0	0	0	0	0	0	0	0	7.01213	0	0	0	0	0	0	0	0	7.14015	2.71458	0	0
K14654	2,5-diamino-6-(ribosylamino)-4(3H)-pyrimidinone 5'-phosphate reductase [EC:1.1.1.302]	0.0801691	0.27236	0	0	0	0	0	0	0	0	0	0.395839	0.808741	0	0	0	0.225336	0	0	0	0	0.14482	0.386368	0	0	0.0639393	0.145789	0.78525	0	0	0.0685956	0.944549	0.260222	0	0	0.188601	0.242825	1.14148	0.051845	0	0	0
K14656	FAD synthetase	0	0	0.151288	0	0	0	0	7.60005	0.490269	0	0	0	0	0	0	0	5.649513	0	0	0	0	0	0	0	0	0	0	0	0	8.14438	0	0	0	0	0	0	0	0	10.39155	4.35771	0	0
K14682	amino-acid N-acetyltransferase [EC:2.3.1.1]	0	0.244722	2.699	0	0	0.241371	2.14936	0	0	0.256149	0.292336	0	6.74538	4.04313	6.62658	0.127332	0.179098	0	0	0	0	0	0.0555428	0	0	0	0.152819	0	0.607914	0	0.354381	0	13.5809418	1.47282	0.190263	0.494241	0	0	0	0	0	1.43208
K14688	solute carrier family 30 (zinc transporter), member 1	0	0	0	0	0	0	0	0	0	0	0	0	0	0	0	0.0481116	0	0	0	0	0	0	0	0	0	0	0	0	0	0	0	0	0	0	0	0	0	0	0	0	0	0
K14697	NO_NAME	0	0	0	0	0	0	0	0	0	0	0	0	0	0	0	0.0314683	0	0	0	0	0	0	0	0	0	0	0	0	0	0	0	0	0	0	0	0	0	0	0	0	0	0
K14698	ATP-binding cassette, subfamily B, bacterial IrtA [EC:3.6.3.-]	0	0	0	0	0	0	0.0492139	0	0	0	0	0	0	0	0	0	0	0	0	0	0	0	0	0.090384	0	0	0	0.074867	0	0	0	0	0	0	0	0	0	0	0	0	0	0
K14700	NO_NAME	0	0	0	0	0	0	0	0	0	0	0	0	0	0	0	0.0344779	0	0	0	0	0	0	0	0	0	0	0	0	0	0	0	0	0	0	0	0	0	0	0	0	0	0
K14701	NO_NAME	0	0	0	0	0	0	0	0	0	0	0	0	0	0	0	0.0734938	0	0	0	0	0	0	0	0	0	0	0	0	0	0	0	0	0	0	0	0	0	0	0	0	0	0
K14709	NO_NAME	0	0	0	0	0	0	0	0	0	0	0	0	0	0	0	0.0728911	0	0	0	0	0	0	0	0	0	0	0	0	0	0	0	0	0	0	0	0	0	0	0	0	0	0
K14731	epsilon-lactone hydrolase [EC:3.1.1.83]	0.462524	0.9122042	0.825374	0.458015	0	1.18424	1.3482	0.7704	1.09303	0.475837	0.8964645	0.239022	1.0180983	0.171137	0	0.987445	2.1571	0.922241	0.9265756	1.4791082	1.5080791	2.399802	1.879929	0.120394	0.2679988	0.6444599	0.779758	0.635965	0	1.019932	0.9451217	1.877025	0.787847	0.2739341	0.918444	0.0891696	0.190317	0.994058	1.2538891	1.7383441	1.3186786	2.466031
K14742	NO_NAME	0.2501707	0.291584	2.6177314	0.1265429	0.0576031	0.0171404	0.662561	0.1066722	0	0.1253066	0.641496	2.330153	3.525837	5.3702478	9.7285854	0.162148	0.701524	0.0206549	0.101914	0.0391814	0.102831	0.69877	1.301354	0.6579996	0	0	0.157537	0.0705529	3.87143	0.991853	0.2868215	0.886504	8.5259957	0.340509	0.318762	1.270542	0	0.0817919	0.3540293	0.1518155	0.0945977	1.085076
K14744	NO_NAME	0	0	0.1808361	0	0	0	0.4085981	0	0	0	0	0.00924815	0	0.189408	0	0	0.326647	0	0	0	0	0	0.0789082	0	0	0	0.0733766	0	0	0	0.0583722	0.0310758	4.629881	0.555509	0	0.351453	0	0	0.0335728	0	0	0.7892895
K14752	docking protein 1	0	0	0	0	0	0	0	0	0	0	0	0	0	0	0	0.0285772	0	0	0	0	0	0	0	0	0	0	0	0	0	0	0	0	0	0	0	0	0	0	0	0	0	0
K14761	NO_NAME	78.7210935	46.506372	7.0206092	28.7865818	38.611919	36.936633	29.0189645	11.010172	19.103529	17.288549	19.592887	21.677365	12.021641	18.374244	30.6016858	2.7228265	11.4221854	13.640314	14.5818547	76.254968	62.793817	12.389548	10.4248306	1.5514515	12.2989882	30.0438989	41.0384916	4.8500749	39.545934	16.1554454	6.9687802	10.938645	39.642147	24.4835064	11.158179	2.896276	54.992309	61.6681094	99.95011	141.9229235	126.638576	6.571576
K14762	NO_NAME	0	0	2.39078	0	0	0	0.3088	0	0	0	0	0	4.75509	1.67376	18.0832	0	0.172847	0	0	0	0	0.0802287	0.115584	0	0	0	0	0	0	0	0.0855029	0	1.67302	0.396752	0	0.548538	0	0	0	0	0	0
K14767	NO_NAME	0	0	0	0	0	0	0	0	0	0	0	0	0	0	0	0.0510092	0	0	0	0	0	0	0	0	0	0	0	0	0	0	0	0	0	0	0	0	0	0	0	0	0	0
K14797	NO_NAME	0	0	0	0	0	0	0	0	0	0	0	0	0	0	0	0.0701139	0	0	0	0	0	0	0	0	0	0	0	0	0	0	0	0	0	0	0	0	0	0	0	0	0	0
K14805	NO_NAME	0	0	0	0	0	0	0	0	0	0	0	0	0	0	0	0.0332648	0	0	0	0	0	0	0	0	0	0	0	0	0	0	0	0	0	0	0	0	0	0	0	0	0	0
K14816	NO_NAME	0	0	0	0	0	0	0	0	0	0	0	0	0	0	0	0.0640151	0	0	0	0	0	0	0	0	0	0	0	0	0	0	0	0	0	0	0	0	0	0	0	0	0	0
K14862	NO_NAME	0	0	0	0	0	0	0	0	0	0	0	0	0	0	0	0.0499098	0	0	0	0	0	0	0	0	0	0	0	0	0	0	0	0	0	0	0	0	0	0	0	0	0	0
K14941	2-phospho-L-lactate guanylyltransferase [EC:2.7.7.68]	0	0	0.25102	0	0	0	0	5.94971	0.280154	0	0	0	0	0	0	0	5.386445	0	0	0	0	0	0	0	0	0	0	0	0	7.62497	0	0	0	0	0	0	0	0	8.27794	3.1419	0	0
K14943	NO_NAME	0	0	0	0	0	0	0	0	0	0	0	0	0	0	0	0.0113765	0	0	0	0	0	0	0	0	0	0	0	0	0	0	0	0	0	0	0	0	0	0	0	0	0	0
K14977	(S)-ureidoglycine aminohydrolase [EC:3.5.3.26]	0	0	3.6658595	0.152571	0.0802911	0.145131	0.290586	0.0831718	0	0	0.772164	0.0802145	6.2429826	3.08308	18.4167	0.125282	0	0.0472643	0	0	0.136507	0.1015933	0.253134	0.122159	0	0	0.2193205	0.0445818	1.51777	0.836306	0.1145416	0	8.80478	0.332187	0	2.434557	0	0	0.0229036	0	0	0.551776
K14982	two-component system, OmpR family, sensor histidine kinase CiaH [EC:2.7.13.3]	0.0746838	0	0.7861132	1.0652047	1.446649	0.0591971	6.960362	0.3005294	0.6690192	30.3762161	22.835242	0	1.70466	1.59576	0.8418	0.6580894	0.1647975	1.79713	3.04695	7.007796	0.137154	0.0949395	0.0648219	10.625587	0.5112814	0.203061	0.665718	0.0988075	0.0763395	0.3990223	1.0106964	0.941526	0.6815476	1.3066349	3.386673	1.25397	0.0543191	0.1494896	0.1719101	0.318805	1.1292434	4.587353
K14983	two-component system, OmpR family, response regulator CiaR	0.131446	0.0758255	0.781022	0.969556	0.3838211	0.143849	0.5317504	0.0554479	0.196638	13.59384	10.68161	0.67261	0	0.220685	0.4887215	0.654489	0.175316	0.638917	1.938334	2.128871	0.0616259	0.409105	0.0662092	1.078438	0.261857	0	0.0655354	0.169459	4.37179	0.2248279	0.863716	0.274537	5.8223882	1.3820568	0.9025026	5.061222	0	0.115803	0.0529066	0.274173	0.2086193	2.731923
K14988	two-component system, NarL family, secretion system sensor histidine kinase SalK	0	0.422406	0.305388	0.0686732	1.005297	3.458623	4.65008	2.56008	2.063162	5.3861533	4.224422	0.218648	1.58568	0.749327	0	0	0.812508	3.877266	5.26452	1.39871	2.04171	2.024542	1.246929	0.487746	0.426864	1.40661	0.176161	0.700835	0	0.619072	0	0	0.0821752	0.358086	2.414297	0	1.76048	0.428056	1.51785	16.697988	0.2801562	2.612
K14989	two-component system, NarL family, secretion system response regulator SalR	0.0563838	0.419024	0.198378	0	0	3.42686	2.94028	1.20663	1.56611	0	0	0.111359	1.0732	0	0	0	0	0.230035	0.310742	0	0	1.03739	0.978252	0	0	0.337269	0	0	0	0	0	0	0.0321082	0.130587	0.763766	0	0	0	1.74213	13.984	0.187942	0
K15009	SH3 and multiple ankyrin repeat domains protein	0	0	0	0	0	0	0	0	0	0	0	0	0	0	0	0.0436636	0	0	0	0	0	0	0	0	0	0	0	0	0	0	0	0	0	0	0	0	0	0	0	0	0	0
K15012	two-component system, response regulator RegA	0	0	0	0	0	0	0	0	0	0	0	0	0	0	0	0	0	0	0	0	0	0	0	0	0	0	0	0	0	0	0	0	10.4222	0	0	0	0	0	0	0	0	0
K15015	solute carrier family 32 (vesicular inhibitory amino acid transporter)	0	0	0	0	0	0	0	0	0	0	0	0	0	0	0	0.0753984	0	0	0	0	0	0	0	0	0	0	0	0	0	0	0	0	0	0	0	0	0	0	0	0	0	0
K15022	formate dehydrogenase beta subunit [EC:1.2.1.43]	0	0	0	0.444428	0	0	0	0	0	0	0	0	0	0	0	0.554951	0	0	0	0	0	0.265291	0.0673054	0	0	0	0	0	0	0.0864903	0.341411	0.0498005	0	0	0.0810746	0	0	0	0	0	0	0
K15024	putative phosphotransacetylase [EC:2.3.1.8]	0.2018564	0.1834264	0.0289141	0	0.119871	0	0	2.2881634	3.5430204	1.255234	1.337955	0.6356911	2.348171	2.105356	0	0.852077	2.7056018	0.1248698	0.488606	0.0884226	0.225543	1.89005	2.80056	0.3291848	0.202696	11.5166965	1.620868	1.776768	0	1.190993	1.1418928	1.12242	1.3861353	0.493879	0.203043	0.0446555	0.301394	1.4193647	0.888859	0	0.0921406	2.447848
K15031	NO_NAME	0	0	0	0	0	0	0	0	0	0	0	0	0	0	0	0.0655379	0	0	0	0	0	0	0	0	0	0	0	0	0	0	0	0	0	0	0	0	0	0	0	0	0	0
K15032	NO_NAME	0	0	0	0	0	0	0	0	0	0	0	0	0	0	0	0.0222509	0	0	0	0	0	0	0	0	0	0	0	0	0	0	0	0	0	0	0	0	0	0	0	0	0	0
K15034	NO_NAME	0	0	5.21196	0	0	0	0.8388109	0	0	0	0.0843812	0	11.5159	6.74717	48.3735	0	0	0	0	0	0	0	0.258711	0.0663493	0	0	0.315074	0.0269616	0.12777	0.0676003	0	0	5.129099	1.276555	0.126735	0.58083	0	0	0	0	0	0.124009
K15040	voltage-dependent anion channel protein 2	0	0	0	0	0	0	0	0	0	0	0	0.018259	0	0	0	0	0	0	0	0	0	0	0	0	0	0	0	0	0	0	0	0	0	0	0	0	0	0	0	0	0	0
K15049	NO_NAME	0	0	0	0	0	0	0	0	0	0	0	0	0	0	0	0.0427063	0	0	0	0	0	0	0	0	0	0	0	0	0	0	0	0	0	0	0	0	0	0	0	0	0	0
K15051	NO_NAME	6.6333602	6.02753	4.8154651	1.2239228	0.6512761	3.7458243	9.7706101	5.7484109	5.0872148	23.7608479	29.561687	12.4369905	1.309162	8.9167515	4.3734497	6.6989202	17.3232215	2.7904218	5.276529	14.2037919	28.24469	7.45485	3.31365	3.1371388	1.2144089	0.3153292	2.365602	0.415595	30.88887	5.708138	35.394952	22.1372935	9.4946418	22.0352075	8.4915079	10.5341706	0.808016	1.1555681	5.430628	1.8661143	1.839949	11.6532094
K15076	NO_NAME	0	0	0	0	0	0	0	0	0	0	0	0	0	0	0	0.8491053	0	0	0	0	0	0	0	0	0	0	0	0	0.0702317	0	0	0	0	0	0	0	0	0	0	0	0	0
K15078	structure-specific endonuclease subunit SLX1 [EC:3.6.1.-]	0	0	0	0	0	0	0	0	0	0	0	0	0	0	0	0.1070622	0	0	0	0	0	0	0	0	0	0	0	0	0	0	0	0	0	0	0	0	0	0	0	0	0	0
K15101	NO_NAME	0	0	0	0	0	0	0	0	0	0	0	0	0	0	0	0.103656	0	0	0	0	0	0	0	0	0	0	0	0	0	0	0	0	0	0	0	0	0	0	0	0	0	0
K15116	NO_NAME	0	0	0	0	0	0	0	0	0	0	0	0	0	0	0	0.01778426	0	0	0	0	0	0	0	0	0	0	0	0	0	0	0	0	0	0	0	0	0	0	0	0	0	0
K15121	NO_NAME	0	0	0	0	0	0	0	0	0	0	0	0	0	0	0	0.0240031	0	0	0	0	0	0	0	0	0	0	0	0	0	0	0	0	0	0	0	0	0	0	0	0	0	0
K15125	filamentous hemagglutinin	0	0	0	0	0	0	0	0	0	0	0.756989	0	0	0.04986	0	0	0	0	0.102907	0	0	0	0	0	0	0	0	0	1.48703	0	0.188499	0	1.204862	0.0187604	0	0	0	0.0143771	0	0	0	0.576011
K15127	NO_NAME	0	0	0	0	0	0	0	0	0	0	0	0	0	0	0	0.0255815	0	0	0	0	0	0	0	0	0	0	0	0	0	0	0	0	0	0	0	0	0	0	0	0	0	0
K15132	NO_NAME	0	0	0	0.0443056	0	0	0	0	0	0	0	0	0	0	0	0	0	0	0	0	0	0	0	0	0	0	0	0	0	0	0	0	0	0	0	0	0	0	0	0	0	0
K15136	NO_NAME	0	0	0	0.0404535	0	0	0	0	0	0	0	0	0	0	0	0	0	0	0	0	0	0	0	0	0	0	0	0	0	0	0	0	0	0	0	0	0	0	0	0	0	0
K15148	NO_NAME	0	0	0	0	0	0	0	0	0	0	0	0.0388044	0	0	0	0.0544399	0	0	0	0	0	0	0	0	0	0	0	0	0	0	0	0	0	0	0	0	0	0	0	0	0	0
K15169	NO_NAME	0	0	0	0	0	0	0	0	0	0	0	0	0	0	0	0.0454936	0	0	0	0	0	0	0	0	0	0	0	0	0	0	0	0	0	0	0	0	0	0	0	0	0	0
K15189	NO_NAME	0	0	0	0	0	0	0	0	0	0	0	0	0	0	0	0.0656474	0	0	0	0	0	0	0	0	0	0	0	0	0	0	0	0	0	0	0	0	0	0	0	0	0	0
K15203	NO_NAME	0	0	0	0	0	0	0	0	0	0	0	0	0	0	0	0.0899572	0	0	0	0	0	0	0	0	0	0	0	0	0	0	0	0	0	0	0	0	0	0	0	0	0	0
K15256	NO_NAME	0.0757732	0.553996	8.919797	0	0	0.0120954	2.434754	1.65304	0.049158	1.020324	5.520321	0	4.80158	4.41567	17.689	0.788806	1.1083496	0.6766815	0.388142	0.3900787	0	0.137708	0.1717249	0	0	0	0.345518	1.1492105	4.192935	3.1966539	0.9088277	0	32.091154	1.897551	0.420434	1.5173893	0.132272	0	2.05082	0	0	1.695566
K15257	NO_NAME	0	0.3422955	6.090132	0.0153381	0	0.1081002	1.828387	0.0536266	0	0.460203	2.158521	0.0213144	6.87775	5.827088	25.7368	0.248513	0.325174	0.478888	0.192802	0.0941783	0.0102232	0.0777873	0.1019374	0	0	0	0.112582	0.880342	3.2881083	0.0129659	0.6112037	0	17.217804	2.213785	0.101165	1.8723605	0	0	0.0118233	0	0	2.2422648
K15260	NO_NAME	0	0	0	0	0	0	0	0	0	0	0	0	0	0	0	0.0352159	0	0	0	0	0	0	0	0	0	0	0	0	0	0	0	0	0	0	0	0	0	0	0	0	0	0
K15261	NO_NAME	0	0	0	0	0	0	0	0	0	0	0	0	0	0	0	0.03413218	0	0	0	0	0	0	0	0	0	0	0	0	0	0	0	0	0	0	0	0	0	0	0	0	0	0
K15268	NO_NAME	0	0	2.09685	0	0	0	0.227262	0.0587747	0	0.1684222	0.0298739	0	5.86633	2.62645	11.4961	0	0	0	0	0	0	0.0204728	0	0	0	0	0.0120005	0	0	0	0	0.0100358	1.950329	0.281694	0	1.10954	0	0	0	0	0	0.4755335
K15273	NO_NAME	0	0	0	0	0	0	0	0	0	0	0	0	0	0	0	0.115061	0	0	0	0	0	0	0	0	0	0	0	0	0	0	0	0	0	0	0	0	0	0	0	0	0	0
K15279	NO_NAME	0	0	0	0	0	0	0	0	0	0	0	0	0	0	0	0.0381689	0	0	0	0	0	0	0	0	0	0	0	0	0	0	0	0	0	0	0	0	0	0	0	0	0	0
K15281	NO_NAME	0	0	0	0	0	0	0	0	0	0	0	0	0	0	0	0.0516749	0	0	0	0	0	0	0	0	0	0	0	0	0	0	0	0	0	0	0	0	0	0	0	0	0	0
K15286	NO_NAME	0	0	0	0	0	0	0	0	0	0	0	0	0	0	0	0.0547191	0	0	0	0	0	0	0	0	0	0	0	0	0	0	0	0	0	0	0	0	0	0	0	0	0	0
K15295	complexin-3/4	0	0	0	0	0	0	0	0	0	0	0	0	0	0	0	0.0207245	0	0	0	0	0	0	0	0	0	0	0	0	0	0	0	0	0	0	0	0	0	0	0	0	0	0
K15306	Ran-binding protein 1	0	0	0	0	0	0	0	0	0	0	0	0	0	0	0	0.0130389	0	0	0	0	0	0	0	0	0	0	0	0	0	0	0	0	0	0	0	0	0	0	0	0	0	0
K15310	tumor protein p53-inducible nuclear protein 1	0	0	0	0	0	0	0	0	0	0	0	0	0	0	0	0.078989	0	0	0	0	0	0	0	0	0	0	0	0	0	0	0	0	0	0	0	0	0	0	0	0	0	0
K15312	NO_NAME	0	0	0	0	0	0	0	0	0	0	0	0	0	0	0	0	0	0	0	0	0	0	0	0	0	0	0	0	0	0	0	0	0	0	0	0	0	0	0	0.168729	0	0
K15313	NO_NAME	0	0	0.0878079	0	0	0	0	0	0	0	0	0	0	0	0	0	0	0	0	0	0	0	0	0	0	0	0	0	0	0	0	0	0	0	0	0	0	0	0	0.146967	0	0
K15327	NO_NAME	0	0	0	0	0	0	0	0	0	0	0	0	0	0	0	0	0	0	0	0	0	0	0	0	0	0	0	0	0	0	0	0	0	0	0	0	0	0	0	0.0853019	0	0
K15328	NO_NAME	0	0	0	0	0	0	0	0	0	0	0	0	0	0	0	0	0	0	0	0	0	0	0	0	0	0	0	0	0	0	0	0	0	0	0	0	0	0	0	0.0744453	0	0
K15329	NO_NAME	0	0	0.1018889	0	0	0	0	0	0	0	0	0	0	0	0	0	0	0	0	0	0	0	0	0	0	0	0	0	0	0	0	0	0	0	0	0	0	0	0	0.1613344	0.0692178	0
K15337	NO_NAME	0	0	0.226932	0	0	0	0	0	0	0	0	0	0	0	0	0	0	0	0	0	0	0	0	0	0	0	0	0	0	0	0	0	0	0	0	0	0	0	0	0.177251	0	0
K15342	NO_NAME	8.6442978	6.22017	9.1349204	4.6067734	0.9932262	22.6209349	31.4727396	13.5704472	17.0820575	18.1576357	5.9857749	1.1038961	22.2131112	4.6311766	1.35213	3.1484166	15.2307998	10.5859831	15.8495293	14.6633376	28.351573	31.4605431	52.4385819	22.8533975	0.5873238	25.3960112	48.1143525	6.536886	5.1068994	12.085884	9.050076	11.9773131	4.8793274	6.7085061	14.1639614	12.4217575	3.1722527	7.80617	16.1366137	31.9899663	27.7795583	5.3838196
K15370	NO_NAME	0	0	0	0	0	0	0	0	0	0	0	0	0	0	0	0.0201905	0	0	0	0	0	0	0	0	0	0	0	0	0	0	0	0	0	0	0	0	0	0	0	0	0	0
K15371	glutamate dehydrogenase [EC:1.4.1.2]	0	0	0.159571	0	0	0	0.159579	0.0400768	0	0.3367054	0.75329	0	0	0	0.0535	0	0.0543702	0	0	0.0981022	0	0	0	0.0499789	0	0	0	0	0	0	0.1632299	0	10.266282	0.174722	0.0624912	0.279961	0	0	0	0	0	0.1067855
K15372	taurine---2-oxoglutarate transaminase [EC:2.6.1.55]	9.88374	7.147263	8.09307	11.77401	9.34958	43.7027	28.3816	4.14697	2.861174	1.235148	1.6876449	0.740498	5.08227	1.70054	0.656489	0.2986231	4.701518	4.804434	8.310516	3.920258	0	1.451883	4.013285	0.973708	0	2.095307	3.35988	0.0518627	0	4.73292	7.19708	11.09276	1.934907	1.15959	3.978616	1.4761	32.25556	9.40237	0.200834	2.237792	0	1.111481
K15375	inactive phospholipase C-like protein 1	0	0	0	0	0	0	0	0	0	0	0	0	0	0	0	0.0465022	0	0	0	0	0	0	0	0	0	0	0	0	0	0	0	0	0	0	0	0	0	0	0	0	0	0
K15379	solute carrier family 45, member 3	0	0	0	0	0	0	0	0	0	0	0	0	0	0	0	0.0439846	0	0	0	0	0	0	0	0	0	0	0	0	0	0	0	0	0	0	0	0	0	0	0	0	0	0
K15383	NO_NAME	0	0	0	0	0	0	0	0	0	0.7521489	0.0760266	1.49839	0	0.2023429	0.0717696	0.2433362	0	0	0	0	0	0.33839	0	0.671423	0.1814364	0	0	0	7.39069	0.0913608	0.588382	0.420839	0	0.187796	0	0.495779	0	0	0	0	0	0.502788
K15396	NO_NAME	0	0.547176	5.01436	0	0	0.414932	3.198175	0.034097	0	0.882199	4.551257	0.0427004	6.30667	6.14489	23.7432	0.0605353	0.536296	0.614953	0.273164	0.141464	0	0.0268511	0.138857	0	0	0	0.17465	0.764581	1.60537	0	0.310528	0.0287754	18.317879	1.91469	0.0739286	0.975097	0	0.0382225	0.0221978	0	0	1.52392
K15410	elongation factor 1-delta	0	0	0	0	0	0	0	0	0	0	0	0	0	0	0	0.0138538	0	0	0	0	0	0	0	0	0	0	0	0	0	0	0	0	0	0	0	0	0	0	0	0	0	0
K15429	NO_NAME	0	0	0.205877	0	0	0	0	1.57541	0	0	0	0	0	0	0	0.0598842	0.706385	0	0	0	0	0	0	0	0	0	0	0	0	2.45219	0	0	0	0	0	0	0	0	1.69236	0	0	0
K15442	NO_NAME	0	0	0	0	0	0	0	0	0	0	0	0	0	0	0	0.0440594	0	0	0	0	0	0	0	0	0	0	0	0	0	0	0	0	0	0	0	0	0	0	0	0	0	0
K15449	NO_NAME	0	0	0.290917	0	0	0	0	1.97757	0.075893	0	0	0	0	0	0	0	0.634367	0	0	0	0	0	0	0	0	0	0	0	0	2.68268	0	0	0	0	0	0	0	0	2.0469	0	0	0
K15455	NO_NAME	0	0	0	0	0	0	0	0	0	0	0	0	0	0	0	0.0957112	0	0	0	0	0	0	0	0	0	0	0	0	0	0	0	0	0	0	0	0	0	0	0	0	0	0
K15456	NO_NAME	0	0	0	0	0	0	0	0	0	0	0	0	0	0	0	0.0611691	0	0	0	0	0	0	0	0	0	0	0	0	0	0	0	0	0	0	0	0	0	0	0	0	0	0
K15460	NO_NAME	1.010825	1.0891336	4.819674	0	0	0.5528474	3.351314	1.384014	0.2538491	2.9544897	4.560255	19.989246	9.959818	3.216966	15.5296928	18.837346	1.5284529	0.9464223	0	0.509754	0.7839079	4.7833578	2.031195	0.311084	1.3739013	5.8198872	1.4701069	25.38632	56.3212085	4.719968	1.057986	1.5261795	9.0288738	3.5177448	3.995278	0.581922	3.445846	4.799329	5.475495	0.9133862	0	1.425025
K15461	NO_NAME	0	0.236498	3.5632635	0	0	0.370271	1.60556	0.0474755	0	0.743562	1.50514	0	0	0	0	0.271557	0.350839	0	0	0	0	0.0238886	0.115806	0	0	0	0.131966	0	4.13992	0.059628	0.3893934	0.0347798	8.866577	0.479214	0.199709	0	0	0.0614959	0	0	0	0.713404
K15464	BCL2/adenovirus E1B 19 kDa protein-interacting protein 3	0	0	0	0	0	0	0	0	0	0	0	0	0	0	0	0.0364333	0	0	0	0	0	0	0	0	0	0	0	0	0	0	0	0	0	0	0	0	0	0	0	0	0	0
K15509	NO_NAME	0	0	0.351915	0	0	0	0	0	0	0	0	0	0	0	0	0	0	0	0	0	0	0	0	0	0	0	0	0	0	0	0	0	0	0	0	0	0	0	0	0	0	0
K15519	deoxyadenosine/deoxycytidine kinase [EC:2.7.1.76 2.7.1.74]	0	0	0.0891519	0	0	0	0	0	0	0	0	0	0	0	0	0	0	0	0	0	0	0	0	0	0	0	0	0	0	0	0	0	0	0	0	0	0	0	0	0.12186	0	0
K15520	NO_NAME	0.104557	0.158578	0	0	0	0	0.108181	0	0	0.2586127	0.378883	0	0	0	0	0	0.0908329	0	0	0.0755368	0	0.239842	0.47511	0.1375512	0	0	0	0	0	0	0.101178	0.0503262	0	0.111195	0.0635858	0.192169	0	0	0	0	0	0.0769418
K15521	NO_NAME	0	0	0	0	0	0	0	0	0	0	0	0	0	0	0	0	0	0	0	0.0409353	0	0	0	0.044632	0	0	0	0	0	0	0	0	0	0	0	0	0	0	0	0	0	0
K15524	NO_NAME	0	0	1.56894	0	0	0	0.278051	0	0	0.727321	0	0	3.14994	1.3379661	10.7995	0	0.0228828	0	1.1107	0	0	0.017173	0.0248928	0	0	0	0	0	0.322975	0	0	0	0	0.0245025	0	0.238542	0	0.219081	0	0	0	0.180366
K15525	NO_NAME	0	0	0.0873689	0	0	0	0.171287	0	0	0.207021	0.614295	0	0	0	0.0631876	0	0.0460205	0	0	0	0	0	0.0389739	0	0	0	0	0	0	0	0	0	0	0.154932	0	0.306006	0	0	0	0	0	0
K15526	NO_NAME	0	0	0.102823	0	0	0	0.0845428	0	0	0.139699	0.408002	0	0	0	0	0	0	0	0	0	0	0	0	0.0430732	0	0	0	0	0	0	0	0	0	0.043449	0	0.164481	0	0	0	0	0	0
K15527	NO_NAME	0.249078	0.184305	0	0	0	0	0	0	0	0.110118	0.0680735	2.27334	0.459726	0	0	0	0	0	0	0	0	0.416613	0.065477	0	0	0	0	0	0	0.114525	0	0.987254	0.148287	0	0	0	0	0.0467258	0	0	0	0.0450191
K15531	NO_NAME	3.409763	43.539607	10.0228	4.02754	15.4485	33.4715	13.3625	12.6370792	11.281311	0	0	2.46491	14.8424612	0.1449386	0.0193322	1.540435	1.4330058	10.68716	4.32233	28.671717	0.648947	24.923241	63.335989	1.09416	0.275764	28.5656208	30.3573	0.3323232	0	2.16969	28.369355	10.0208	19.6064	0.921908	8.316086	0.92517	34.1669	14.23239	14.5342	1.149688	27.055137	2.9059719
K15532	NO_NAME	1.39843	1.115321	0	0.153337	0.104428	0	0	0.1019435	0.0391042	1.610613	2.198879	1.000794	0.5825271	4.74312	0.562605	2.116388	0.0401785	0.787467	2.47623	0	0	0.148598	0.118934	0.141237	0	0.135536	0.0469103	0.2540586	0	4.82169	0	0	0.5718104	0.0561783	0.244237	0	0	0.390779	0	0	0	0
K15533	NO_NAME	7.510612	0.469787	3.29062	1.632371	0.937569	0	0	3.715355	0.943522	0.038737	0	0.127751	0.8529498	1.0263871	0.791212	0	1.588949	3.24775	2.896396	0	0	1.008641	2.362642	0.8561436	0.326585	1.566164	1.3905499	2.3884375	0	0.5683697	2.481765	2.35734	0.735129	0.125053	2.0561987	6.953537	4.45718	1.7552339	0.1494163	0.0828139	1.213602	3.2306129
K15536	NO_NAME	0	0	1.04274	0	0	0.0708117	1.26905	0	0	0	0	0	0	0	0	0.298845	0	0	0	0	0	0	0	0.0514994	0	0	0	0	0	0	0.230533	0	0.614123	0	0.182482	0	0	0	0	0	0	0.464248
K15539	NO_NAME	0	0.509409	6.278688	0.499323	0	0.4166141	2.1651049	0.040958	0	0.4627793	1.953827	0.345089	3.821803	2.32935	5.7483	0.869443	0.539433	0.306267	0.150723	0	0	0.128971	1.328937	0.0616343	0	0	0.2320652	0.3736425	0.339124	1.38014665	0.6865465	0	3.2774382	0.482838	0.5203705	1.291856	0	0	0	0.176804	0	0.555485
K15540	NO_NAME	0	1.062289	7.69533	0	0	0	0.757066	0	0	0	0	0	6.11471	2.98745	24.3851	0.470229	0.0492002	0	0	0	0	0	0	0	0	0	0	0	0	0	0.39539	0	0	0.1709054	0.799598	0.367175	0	0	0	0	0	0.157529
K15545	NO_NAME	0	0.168794	2.08772	0.0182332	0	0.0164199	0.661321	0	0	0.014279	0.0639672	0	4.8268	2.82153	12.1249	0	0.360945	0	0	0	0	0.124856	0.0612993	0.0139007	0	0	0.0617339	0.0267068	0	0	0.144541	0	4.0946	1.25472	0	1.87266	0	0	0	0	0	1.29259
K15547	NO_NAME	0	0	4.46471	0	0	0.2753775	1.115023	0.0109983	0	0	0.322973	0	3.85537	1.62448	16.3244	0.272333	0.389397	0	0	0	0	0.0702091	0.0549393	0	0	0	0.121889	0.0964594	0.740908	0	0.33479951	0	3.44125	0.258279	0.178992	0.295335	0	0	0	0	0	0.28975
K15548	NO_NAME	0	0.126984	9.992561	0	0	0.289351	3.256896	0	0	0.201644	0	0	7.00576	7.90297	30.5171	0.43693	0.270363	0	0	0	0	0.109123	0.256265	0.0211583	0	0	0.1739883	0.0961498	0	0.0589236	1.225936	0	7.829786	2.1154053	0.79103	0.309097	0	0	0	0	0	2.632108
K15549	NO_NAME	0	0.0199746	2.92928	0	0	0.0156914	0.139826	0.0148703	0	0.018186	0	0.0280054	5.63148	1.89037	10.0254	0	0.550336	0	0	0	0	0.0254755	0	0.0112006	0	0	0.024131	0.0617884	0.221352	0	0.0238704	0.0107284	3.87063	0.0530183	0	0.946215	0	0	0	0	0	0.332527
K15550	NO_NAME	0	0	1.27372	0	0	0	0.230984	0.0602474	0	0	1.49842	0	0	0.522064	0	0	0.309955	0	0	0	0	0	0.0934675	0	0	0	0.195934	0	3.60202	0	0	0	5.83679	0.115501	0	0.62101	0	0.200101	0	0	0	0.244204
K15551	taurine transport system substrate-binding protein	0	0.244596	1.68583	0	0	0.0107418	0.257971	0.00645167	0	0	0.443909	0.0192111	0.252495	1.03364	0	0	0.0905692	0	0	0	0	0	0.181693	0	0	0	0.106048	0.142428	3.60398	0	0.104096	0.0132243	2.82671	1.08033	0	0.04174	0	0.0972448	0	0	0	0.61475
K15552	taurine transport system permease protein	0	0.293299	7.692457	1.287893	0	0.160893	1.68553	0	0	0	0.071488	0.1495677	5.17472	3.45545	20.1975	0.8908888	0.3810953	0.00808802	0	0	0	0	0.2045145	0.1195936	0.138401	0	0.12412396	0.171705	0	0	0.268615	0.0245692	2.6949973	0.772625	0.306182	0.430821	0.088533	0.1974599	0	0	0.1582934	0.50517763
K15553	sulfonate transport system substrate-binding protein	0.120837	1.792716	1.4605813	0.0611336	0	0	0.3233136	0.2178593	0	0.560899	0.840648	0.282427	1.2471765	1.921903	4.0829344	0.294021	0.8724557	0.15578	3.157802	0.5865	0.0804335	0.237029	0.7271089	0.0846331	0	0.183481	0.7742337	0.15878	0	0.977584	0.2771723	0.207252	14.6126	0.568899	0.32936	1.739326	0.0883908	0.144684	0	0.0731159	0	0.7650255
K15554	sulfonate transport system permease protein	0.0710154	2.504367	5.969928	0	0	0.117633	2.064276	0.2913811	0	0.724336	0.280882	0.443967	7.323896	5.92374	23.9739	0.3719514	0.53315	0.13675	1.433633	0.5335513	0.168915	0.1901513	0.7737855	0.0454945	0	0.135596	0.6939698	0.1854	0.0399585	0.9719529	0.5130074	0.2102303	17.1641452	0.1857407	0.3468508	0.9827682	0.0411291	0.024304	0	0	0	0.927523
K15555	sulfonate transport system ATP-binding protein [EC:3.6.3.-]	0.10046	0.313059	2.4924046	0.559468	0.2264453	0.11309	2.596549	0.1797404	0.114847	0.2511527	2.246801	0.4902895	0.8441521	7.8238476	5.0114462	0.143637	0.689414	0.293772	0.628422	0.0517383	0	0.243951	0.5444792	0	0	0.34898512	0.584077	0.815958	3.9058	1.0020382	0.3048152	0	24.316877	1.457843	0.2849338	0.32545	0.0966522	0.0852859	0	0.15617	0.31393	1.108507
K15576	nitrate/nitrite transport system substrate-binding protein	0	0	0	0	0	0	0	0	0	0	0	0	0	0	0	0	0	0	0	0	0	0	0	0	0	0	0	0	0	0	0	0	0.516828	0	0	0	0	0	0	0	0	0
K15577	nitrate/nitrite transport system permease protein	0	0	0.622733	0	0	0	0.0123768	0.013303	0	0.0335496	0	0	0	0	0	0.248582	0	0	0	0	0	0	0	0	0	0	0	0	0	0	0.1403639	0	0.0202284	0	0.0816776	0	0	0	0	0	0	0
K15578	nitrate/nitrite transport system ATP-binding protein [EC:3.6.3.-]	0	0	0	0	0	0	0	0	0	0.200153	0	0	0	0	0	0	0	0	0	0	0	0	0	0	0	0	0	0.0339305	0	0	0	0	0.6439084	0	0	0	0	0	0	0	0	0.0574037
K15580	oligopeptide transport system substrate-binding protein	24.1517574	19.5295154	47.3537107	32.2921727	22.177313	5.67128365	9.7031423	31.44628	25.329094	80.8837059	70.1188634	4.064539	31.7897019	20.736314	22.7933975	6.1645006	26.8200689	23.2909572	58.811446	45.1254775	14.372199	86.0201892	145.7808476	96.7129686	9.911124	27.4416752	27.1663281	10.0380685	2.8754866	19.552614	62.7170874	20.5200681	34.6541309	22.433944	40.453396	24.447923	34.2887624	31.5884691	39.726764	20.9452718	13.4035601	55.772297
K15581	oligopeptide transport system permease protein	10.296103	1.471325	13.8693731	4.7751307	9.4215031	24.35702	32.7594887	22.795541	27.0522525	15.5573338	9.6806185	26.9789193	30.1738964	5.939298	0.4138579	4.5512859	3.6083098	10.7392225	22.498314	4.5126401	7.0012823	5.5615695	12.9417616	0.5908012	1.1560873	5.5290272	2.383411	7.7251701	27.589453	6.3641487	5.5695014	13.8835203	15.94703	10.4196675	11.6995452	4.9677676	24.6166259	35.7527905	3.966505	14.8033999	7.3386729	15.2604149
K15582	oligopeptide transport system permease protein	4.4636275	30.528951	14.0217831	12.2402662	71.545796	27.7366237	14.7376948	10.876786	9.0162525	2.5685283	9.4511399	3.9861614	18.5093978	28.4270268	13.3011196	2.0928171	5.4060398	10.66199946	10.6291402	25.0259323	2.7820122	23.026563	49.8887262	6.6086169	0.6769864	21.9962483	23.0795454	3.3167814	1.955211	2.5546466	25.4671236	10.8788544	21.4136671	2.97294259	9.6191989	9.5386396	31.5958537	16.6079805	12.7053699	2.6927219	26.7298896	11.4986422
K15583	oligopeptide transport system ATP-binding protein	5.1265668	6.4236381	8.8313438	20.5217314	10.4683257	3.5225979	2.727606	6.9629321	7.1421079	4.0922893	12.46242	1.412932	5.3062127	4.9169381	0.79958	1.1124562	7.5914244	2.9391295	3.6430019	3.1950919	2.7863382	2.766532	4.4933244	11.647189	0.9052595	2.0143236	5.9421361	1.8787898	3.6292047	4.2391566	17.3561598	4.8264617	5.700674	1.639895	12.6629555	4.0163127	3.7254696	6.9151325	9.4544837	4.5460664	2.225895	6.0910629
K15584	nickel transport system substrate-binding protein	2.865716	2.239525	1.316693	23.80171989	10.6597	0.1789622	1.414887	0.3024397	0	0.3806021	0.6562462	0.00750299	6.8861626	1.49515	4.33143	2.079389	0.436782	0.898798	0.89907	0	0	1.7174314	1.7761388	0	0	0.1742	0.0482892	0.3601605	0.0868611	3.8664424	1.0413138	0.4836624	1.673617	2.0077412	0.2588678	1.557511	1.279605	0.632965	0.0851371	0.0814014	0	0.588847
K15585	nickel transport system permease protein	3.785338	2.951147	7.498899	0.301887	0.0502688	0.0485247	1.38241	0.8184999	1.0684232	0.812733	1.750697	0	8.0157006	6.3280931	11.5861783	0.774242	1.4096872	5.192373	8.92612	2.048739	0.841724	0.384747	0.3336863	0.0387818	0	0.463838	0.239273	0.5300523	1.91299	0.1903266	0.3461169	0.042934	5.4075521	2.152506	1.05307	2.0279389	9.89581	10.9957424	0.3414457	0.0212554	0	1.519588
K15586	nickel transport system permease protein	0.50923	0.761315	0.523944	0.319326	0.0440265	0.0589762	0.997673	0.482353	0.0579081	0.8405798	2.901661	0.019711	0	0.1622151	0.149522	0.547508	0.588952	3.141547	5.47285	0.666994	0.348825	0.355274	0.337126	0.1503267	0	0.26732	0.289232	0.896532	4.78343	0.1527045	0.4494476	0.214682	5.857055	1.445514	1.07141	0	0.493087	0.499154	0.0830688	0.0547558	0.0440558	0.632511
K15587	nickel transport system ATP-binding protein [EC:3.6.3.24]	2.0101824	2.08115	6.075795	0.463345	0	0.355274	0.646125	0.5541769	1.04985	0.229071	3.005582	0	0	0.086114	0	0.524643	0.3336499	3.3546114	4.00518	2.068884	0.571175	0.3508758	0.174509	0	0	0.2172638	0.181821	0.8041097	4.44665	1.1916279	0.294786	0.0436365	4.673966	0.316047	0.127612	0.0428255	8.9333435	10.3925109	0.1671086	0.0384821	0.0327734	0.35781
K15589	aryl hydrocarbon receptor nuclear translocator 2	0	0	0	0	0	0	0	0	0	0	0	0	0	0	0	0.0318397	0	0	0	0	0	0	0	0	0	0	0	0	0	0	0	0	0	0	0	0	0	0	0	0	0	0
K15598	putative hydroxymethylpyrimidine transport system substrate-binding protein	0.4224059	1.480545	5.522859	0	0	1.228986	2.1677666	2.5583159	1.542637	1.013206	3.149279	0.131233	1.332194	0.196366	0	1.203583	1.893589	1.453976	2.182146	1.255571	1.417434	1.6041125	0.8184081	0.0483131	0	0.4642127	0.8008349	1.091411	0	2.58265	1.3933999	0.625726	0.0487907	0.118269	1.197014	0	0.062673	0.131992	1.37021	1.2732	0.966875	0.6501382
K15599	putative hydroxymethylpyrimidine transport system permease protein	0.4148397	1.543166	0.955304	0	0	1.13013	1.02426	2.763637	1.3619437	0.8115912	2.014776	0.1698508	1.473208	0.414416	0	1.0191866	2.184836	0.918132	1.506737	1.081813	1.434435	1.7693077	1.03617	0.0567037	0	0.5844418	0.724034	0.35413	0	3.04474	0.889144	0.9231653	0.0309067	0.105572	0.866042	0.0602659	0.124208	0.109578	1.62212	1.713422	0.845646	0.954959
K15600	putative hydroxymethylpyrimidine transport system ATP-binding protein	0.4441935	1.36874	0.788087	0	0	1.40549	1.43045	2.484142	1.6544681	0.828129	1.441628	0.314285	1.432323	0.281538	0	0.822196	1.797047	1.294035	1.710413	0.9284971	1.12303	1.705706	0.966265	0	0	0.4825486	0.6260016	0.240968	0	3.092135	0.845671	0.9648401	0	0.218933	1.205514	0	0.0917748	0.0814357	1.11095	1.49869	1.10129	0.923958
K15604	protein lyl-1	0	0	0	0	0	0	0	0	0	0	0	0	0	0	0	0.0447277	0	0	0	0	0	0	0	0	0	0	0	0	0	0	0	0	0	0	0	0	0	0	0	0	0	0
K15609	NO_NAME	0	0	0	0	0	0	0	0	0	0	0	0	0	0	0	0.0171511	0	0	0	0	0	0	0	0	0	0	0	0	0	0	0	0	0	0	0	0	0	0	0	0	0	0
K15629	NO_NAME	0	0	0	0	0	0	0	0	0	0	0	0	0	0	0	0	0	0	0	0	0	0	0	0	0	0	0.0542438	0	0	0	0	0	0	0	0	0	0	0	0	0	0	0
K15630	NO_NAME	0	0	0	0	0	0	0	0	0	0	0	0	0	0	0	0.0360143	0	0	0	0	0	0	0	0	0	0	0	0	0	0	0	0	0	0	0	0	0	0	0	0	0	0
K15632	NO_NAME	0	0	0	0	0	0	0	0	0	0	0	0	0	0	0	0	0	0	0	0	0	0	0	0	0	0	0	0.176053	0	0	0	0	0	0	0	0	0	0	0	0.107237	0.0567586	0
K15633	2,3-bisphosphoglycerate-independent phosphoglycerate mutase [EC:5.4.2.12]	28.2009473	16.5486298	15.4982218	22.8402063	7.701827	5.3179272	12.2008124	23.7773209	24.4420343	41.0593339	27.2308859	75.7815642	48.762229	7.8642177	12.899967	45.7499649	24.1511838	23.7826103	16.889475	13.8714943	5.9834832	28.1548393	16.046282	35.4248502	38.9600298	30.1888849	11.7437005	57.4379468	64.050272	24.7192342	7.6376128	16.1333203	52.5614704	43.9560224	14.0673821	19.5606846	20.8564906	53.8704037	13.4966908	14.1583025	21.2116749	29.1672296
K15634	probable phosphoglycerate mutase [EC:5.4.2.12]	0	0.483642	8.4087593	0	0	0.3795088	5.570146	0.106219	0	0	1.44939	0	6.215301	8.624743	21.7714	1.333329	0.6506255	0.0871871	0	0	0	0.0317569	0.3130978	0	0	0	0.3281704	0.3529587	1.456884	0	0.8045511	0	11.669416	2.7698508	0.729488	1.759618	0	0.123476	0	0	0	2.303309
K15635	2,3-bisphosphoglycerate-independent phosphoglycerate mutase [EC:5.4.2.12]	38.6291	25.341535	1.310732	13.438803	15.8221	14.1292	13.9692	14.09868	6.54017	7.77808	4.72422	0.111782	1.841377	2.22315	0.150377	0.0756691	5.972866	3.88705	4.99187	36.3311	29.5018	2.46566	4.25172	1.2703757	12.911503	11.5921	21.1613173	2.2363229	0	14.85584	0.459639	3.36799	15.424494	11.7199443	2.7267	0	24.0608187	31.6506766	59.15241	73.816953	62.7290834	0.929707
K15640	NO_NAME	0	0	0.123055	0	0	0	0	0	0	0	0	0	0.0308968	0	0	0	0	0	0	0	0	0	0	0	0	0	0	0	0	0	0	0	0	0	0	0	0	0	0	0.04062	0	0.058775
K15656	surfactin family lipopeptide synthetase C	0	0	0	0	0	0	0	0	0	0	0	0	0	0	0	0	0	0	0	0	0	0	0	0	0	0	0	0	0	0	0	0	0	0	0	0	0	0	0	0	0	0.0646076
K15657	external thioesterase TEII	0	0	0.0643364	0	0	0	0	0	0	0	0	0	0	0	0	0	0	0	0	0	0	0	0	0	0	0	0	0	0	0	0	0	0	0.0437867	0	0	0	0	0	0.0904527	0	0
K15661	iturin family lipopeptide synthetase A	0	0	0.0643116	0	0	0	0	0	0	0	0	0	0	0	0	0	0	0	0	0	0	0	0	0	0	0	0	0	0	0	0	0	0	0	0	0	0	0	0	0.0780722	0	0
K15686	NO_NAME	0	0	0	0	0	0	0	0	0	0	0	0	0	0	0	0.040048	0	0	0	0	0	0	0	0	0	0	0	0	0	0	0	0	0	0	0	0	0	0	0	0	0	0
K15687	NO_NAME	0	0	0	0	0	0	0	0	0	0	0	0	0	0	0	0.0511147	0	0	0	0	0	0	0	0	0	0	0	0	0	0	0	0	0	0	0	0	0	0	0	0	0	0
K15688	NO_NAME	0	0	0	0	0	0	0	0	0	0	0	0	0	0	0	0.0571245	0	0	0	0	0	0	0	0	0	0	0	0	0	0	0	0	0	0	0	0	0	0	0	0	0	0
K15693	NO_NAME	0	0	0	0	0	0	0	0	0	0	0	0	0	0	0	0.0637267	0	0	0	0	0	0	0	0	0	0	0	0	0	0	0	0	0	0	0	0	0	0	0	0	0	0
K15694	NO_NAME	0	0	0	0	0	0	0	0	0	0	0	0	0	0	0	0.0384884	0	0	0	0	0	0	0	0	0	0	0	0	0	0	0	0	0	0	0	0	0	0	0	0	0	0
K15695	NO_NAME	0	0	0	0	0	0	0	0	0	0	0	0	0	0	0	0.0308861	0	0	0	0	0	0	0	0	0	0	0	0	0	0	0	0	0	0	0	0	0	0	0	0	0	0
K15703	NO_NAME	0	0	0	0	0	0	0	0	0	0	0	0	0	0	0	0.0728783	0	0	0	0	0	0	0	0	0	0	0	0	0	0	0	0	0	0	0	0	0	0	0	0	0	0
K15705	E3 ubiquitin-protein ligase RNF152 [EC:2.3.2.27]	0	0	0	0	0	0	0	0	0	0	0	0	0	0	0	0.0790472	0	0	0	0	0	0	0	0	0	0	0	0	0	0	0	0	0	0	0	0	0	0	0	0	0	0
K15715	NO_NAME	0	0	0	0	0	0	0	0	0	0	0	0	0	0	0	0.0858096	0	0	0	0	0	0	0	0	0	0	0	0	0	0	0	0	0	0	0	0	0	0	0	0	0	0
K15722	NO_NAME	0	0.388771	5.523047	0.0229723	0	0.079916	0.863855	0.104169	0	1.0540528	0.974749	0	4.87903	9.99303	25.0057	0.3513208	0.824715	0.015155	0	0	0	0.18375	0.0719864	0.0538242	0.0149134	0.0416076	0	0.35588	1.40191	0	0.0867244	0	6.5116456	1.123105	0.247133	2.06397	0	0	0	0.0229684	0	0.8009936
K15723	NO_NAME	0	0.410861	9.47093	0.017857	0	0.4661774	1.333057	0.1509404	0	0.0600939	1.35734	0	7.03868	7.24869	32.3453	0.894271	0.782225	0.0657866	0	0	0	0.0863066	0.255464	0	0	0.0171647	0.354647	0.547533	2.5192	0.0186539	0.367922	0.0229271	11.037429	1.1807114	0.589749	3.51949	0	0.0443659	0	0	0	1.044676
K15724	NO_NAME	0	0.370828	9.449688	0	0	0.344254	4.959906	0.180845	0	1.2602041	3.599704	0	11.0113	9.31545	25.8376	1.04423	0.896809	0.482435	0.2091	0.0587295	0	0.306721	0.5458214	0	0	0	0.308773	0.973896	4.069486	0	1.352111	0	20.8211475	3.38033	0.221786	3.70214	0	0.135145	0	0	0	3.034263
K15725	NO_NAME	0.5170454	0	0.0495791	0	0	0.0829317	0.221612	0	0	0.489049	0.5048636	1.786367	0.532387	0	0	4.68855	0.190715	0.304285	0	0.224371	0.2265915	0.592717	0.140471	0	0.5897892	1.32246	0	4.06411	3.79841	0.290731	0	0.3060722	0.1700295	0	0	0	0	0.2053993	0.0494693	0	0	0.2131465
K15726	NO_NAME	0.23446	1.46103	0	0	0	0.108184	0.511154	0.1744289	0.0442659	1.16003	0.216974	3.511178	0.430245	0	0	13.51512	0.1237884	0.336873	0	0.573255	0.137213	1.564062	0.716808	0	1.338155	1.1766304	0	12.3249132	4.2168	5.19793	0	0.7734565	0.978615	0.681975	0.0769052	0	0.0775125	2.826164	0.0659236	0.0472124	0	0.798162
K15727	NO_NAME	0	0.1613707	0	0	0	0	0.103419	0	0	0.195303	0.0482936	1.335564	0.272432	0	0	5.29023	0.0582538	0.254872	0	0.12637	0.0546029	0.405587	0.251041	0	0.515919	0.267649	0	2.70112	3.23951	2.354605	0	0.0623759	0.175333	0.0885831	0	0	0	0.128912	0.0384761	0	0	0.2364068
K15730	cytosolic prostaglandin-E synthase [EC:5.3.99.3]	0	0	0	0	0	0	0	0	0	0	0	0.00556705	0	0	0	0.02122829	0	0	0	0	0	0	0	0	0	0	0	0	0	0	0	0	0	0	0	0	0	0	0	0	0	0
K15735	NO_NAME	0	0	2.62764	0	0	0.025165	0.233456	0	0	0.0203176	1.33217	0	4.10662	1.6712	7.63078	0	0.466484	0	0	0	0	0.0281156	0.192101	0.0211775	0	0	0.285041	0.373889	1.75426	0	0	0.0254999	7.41427	0.263574	0	1.05744	0	0.0574618	0	0	0	0.742421
K15736	NO_NAME	0	0.355418	0.588929	0	0	0.0272894	0.433499	0.0866651	0	0	0	0	4.27943	1.26681	0.858623	0	0.404649	0	0	0	0	0	0.154008	0	0	0	0.0922415	0.0745566	0.423937	0	0.0976521	0	9.37115	1.34786	0	0.380363	0	0	0	0	0	1.31605
K15737	NO_NAME	0	0.567663	4.685016	0	0	0.2837595	1.697975	0.0425904	0	0.0092671	0.593522	0	5.58771	2.10159	1.32331	0.417003	0.466874	0	0	0.0150107	0	0	0.1585787	0	0	0	0.253152	0.0433217	1.50816	0	0.549883	0	5.31385	0.510316	0.219375	0.372932	0	0.0154978	0	0	0	0.490655
K15738	NO_NAME	3.1567585	2.672598	4.3150907	6.8790417	3.294501	4.3992898	9.5341873	5.4997251	4.6603886	20.3439934	16.8299146	5.5254949	8.768395	2.9660676	10.8681608	9.8158695	3.1288192	2.857156	4.2320776	6.3272781	2.8962356	6.3879229	3.0613665	3.2163676	1.7463198	4.490914	3.0256034	1.3188137	0.603949	5.581579	2.5501296	3.6887467	11.7640932	3.708039	6.7688958	6.9388394	1.516539	8.161172	11.1716505	7.0628223	3.4839827	4.7772465
K15770	arabinogalactan oligomer / maltooligosaccharide transport system substrate-binding protein	0.2499508	3.3432066	17.1563731	0.494061	1.0552991	0.8935713	0.9855052	2.8280517	1.2975609	10.8759441	7.074762	0.3241147	3.1535894	1.6162046	0.4592241	0.433914	0.437253	3.9986902	2.47148	4.7730292	0.208628	46.3312507	87.5420306	1.7278063	0.3405672	0.245059	1.1053728	0.196993	0	3.9750113	0.9216512	0.5875627	0.3832527	2.3586865	1.788638	1.4640806	0.2037729	0.165299	0.998486	0.2775474	1.9945509	4.9315887
K15771	arabinogalactan oligomer / maltooligosaccharide transport system permease protein	0.0259775	2.9300472	0.2188393	0.1310426	0.145485	0.1138138	7.6136841	3.0100243	0.937824	0.259581	0.591048	0.0810374	1.823156	0.0778111	0.0704046	0.2029021	0.2394124	5.599528	3.929429	0.7220099	0	0.4622081	0.1283014	2.0706518	0.866796	0.890635	0.8795883	0.3487502	0	2.2878985	0.357691	0.474469	0.1111362	0.2701629	0.4498807	0.7118234	0	0.274835	1.07613	0.5476264	2.1700888	1.063872
K15772	arabinogalactan oligomer / maltooligosaccharide transport system permease protein	1.8968335	1.0876353	6.6231431	3.5441516	8.3093717	2.9381012	14.4435299	23.821251	30.3907457	52.3502055	32.7720652	0.4365875	11.4159101	22.9244157	1.1592442	2.372436	3.6234075	17.6432068	27.9455416	11.304756	8.07868	1.926961	1.210028	8.208273	1.5540827	5.192886	0.8924425	6.5755052	0.755006	6.6761255	5.5067827	9.596027	2.5659437	2.7898352	15.4030195	10.564922	15.3126309	6.8240732	1.9042389	16.857088	15.310867	15.6081146
K15773	NO_NAME	0	0	3.0083065	0	0	0.0717195	0	0	0	0	0.0656298	0	7.13312	2.68436	25.3147	0	0	0.168543	0	0	0	0	0.0444428	0	0	0	0.00995547	0.142553	2.9749	0	3.43865	0.435946	3.48086	0.0820103	0	0.35665	0	0.0750808	0	0	0	0.059049
K15777	4,5-DOPA dioxygenase extradiol [EC:1.13.11.-]	0	0.297054	1.64786	0	0	0.0651264	0.520752	0.0287868	0	0.1550239	0.461305	0	3.24614	2.03465	12.9689	0	0.358799	0	0	0	0	0	0.2028795	0	0	0	0.157165	0.0783038	0.393028	0.0130764	0.125366	0.2055104	5.67917	1.67941	0	0.561599	0	0	0	0	0	1.2156854
K15778	phosphomannomutase / phosphoglucomutase [EC:5.4.2.8 5.4.2.2]	0	0	0	0	0	0	0	0.0778942	0	0	0	0.554573	0.983774	0	0	0	0.236571	0	0	0	0	0	0.797575	0	0	0	0	0	0	1.2531	0	0.0316302	7.93032	0	0	0	0	0	0	0	0	0
K15827	NO_NAME	0	0.508685	13.3891	0	0	0.0908137	1.69063	0.0572481	0	0	0.747924	0	11.5928	9.38866	44.1501	0	0.776969	0.0751847	0	0	0	0.0739771	0.24868	0	0	0	0.335124	0.306859	2.34052	0.099864	0.275941	0	12.1481535	2.43281	0	3.05283	0	0	0	0	0	6.81484
K15828	NO_NAME	0	0	2.47794	0.0217815	0	0.0936679	0.533109	0.0578284	0	0.16376334	0.382279	0	3.30485	2.217	13.0548	0	0.348279	0	0	0	0	0.0183601	0.014273	0	0	0	0.186926	0.0325762	0.815777	0	0.0110701	0	2.94456	0.45306	0	0.403098	0	0	0	0	0	1.1959
K15829	NO_NAME	0	0	2.72846	0.0252849	0	0.121606	1.795208	0	0	0.0378201	1.64685	0.119488	0	4.75963	0	0	0.154606	0	0	0	0	0.0391662	0.1860759	0	0	0	0.155583	0.635687	3.65938	0	0.253488	0.0235596	10.053748	2.096328	0	0.6146	0	0.0567471	0	0	0	2.088559
K15830	NO_NAME	0	0	1.39855	0	0	0.0110281	0.25512	0.0136856	0	0.0188465	0.0184224	0.0175289	0.403167	1.61606	3.29103	0.327899	0.283938	0	0	0	0	0.0188311	0.0877534	0	0	0	0.188535	0.0241461	0	0.0123153	0	0	2.74118	0.348765	0	0.636624	0	0	0	0	0	0.435741
K15831	NO_NAME	0	0.298998	1.98165	0	0	0.112562	1.64887	0	0	0.228581	0.703391	0	10.4324	2.87266	16.8014	0	0.474768	0.0883851	0	0	0	0	0	0	0	0	0.0875473	0.233417	1.93489	0	0.433202	0	9.04904	2.26934	0.0264067	1.14673	0	0.0714192	0.0248687	0	0	1.60536
K15832	NO_NAME	0	0.219392	4.24121	0.00869091	0	0.20367	3.24625	0.0112299	0	0.4737869	1.26736	0.0158171	6.46378	7.32088	22.9326	0.444097	0.210799	0	0	0	0	0.00613062	0.212465	0	0	0	0.306203	0.312616	1.5578	0.00956388	0.645836	0	7.8962	1.88708	0.363901	0.904784	0	0.0710716	0	0	0	2.29458
K15833	NO_NAME	0	0.376622	5.2560777	0	0	0.107579	1.236527	0.113028	0	1.2360069	2.16578	0.0538951	11.5567	8.70603	45.363	0	0.94401	0.0834984	0	0	0	0.136929	0.341935	0.0209783	0	0	0.523811	0.454388	4.09184	0.0887254	0.116744	0	12.3773	1.1828231	0	3.98557	0	0.168932	0	0	0	1.056658
K15834	NO_NAME	0	0	4.84905	0	0	0	0.126004	0	0	0	1.76522	0	0.869252	2.53713	11.4943	0	0.211588	0	0	0	0.014107	0	0.125769	0	0	0	0.230692	0	4.46373	0	0	0	6.46445	0.906602	0	0.927291	0	0	0	0	0	0.810689
K15835	NO_NAME	0	0.443085	2.6232	0	0	0	0.232254	0	0	0	0	0	6.55767	3.39295	22.9712	0	0.546006	0	0	0	0	0	0.0390046	0	0	0	0.0728943	0	0	0	0	0	2.411552	0.561001	0	1.27306	0	0	0	0	0	0.119542
K15836	NO_NAME	0	0.164004	1.3396591	0	0	0.0134802	0.3990529	0.00683148	0	0.02279345	0	0	6.821663	1.91418	8.78315	0	0.3190932	0	0	0	0	0	0.0125487	0	0	0	0.0394938	0.0505889	0	0.00655891	0.136898	0.0148574	4.63895	1.1857601	0	0.450435	0	0.0427195	0	0	0	0.561607
K15838	NO_NAME	0	0	0	0	0	0	0	0	0	0	0	0	0	0	0	0	0	0	0	0	0	0	0	0	0	0	0	0	0.0214945	0	0	0	0	0	0	0	0	0	0	0	0	0
K15855	exo-1,4-beta-D-glucosaminidase [EC:3.2.1.165]	0	0	0	0	0	0	0	0	0	0	0	0.660022	0.0978584	0	0	1.17617	0	0	0	0	0	0.447168	0.237868	0	0	0.0580898	0	0.0570729	0	1.7868	0	0	0	0	0	0	0	0	0	0	0	0
K15856	GDP-4-dehydro-6-deoxy-D-mannose reductase [EC:1.1.1.281]	0	0	0	0	0	0	0	0	0	0	0	0	0	0	0	0	0	0	0	0	0	0	0	0	0	0	0	0	0	0	0	0	10.7614	0	0	0	0	0	0	0	0	0
K15860	regulatory peptide CiaX	0	0	0	0	0	0	0	0	0	0.544792	0	0	0	0	0	0.232981	0	0.076174	0	0	0	0	0	0	0	0	0	0	0	0	0.0427515	0	0	0	0	0	0	0	0	0	0	0.0742421
K15864	nitrite reductase (NO-forming) / hydroxylamine reductase [EC:1.7.2.1 1.7.99.1]	0	0	0	0	0	0	0	0	0	0	0	0	0	0	0	0	0	0	0	0	0	0	0	0	0	0	0	0	0	0	0	0	10.5047	0	0	0	0	0	0	0	0	0
K15865	NO_NAME	0	0	0.266267	0	0	0	0	1.59867	0.176895	0	0	0	0	0	0	0	0.425434	0	0	0	0	0	0	0	0	0	0	0	0	2.32942	0	0	0	0	0	0	0	0	1.72112	0	0	0
K15866	2-(1,2-epoxy-1,2-dihydrophenyl)acetyl-CoA isomerase [EC:5.3.3.18]	0	0	2.68758	0	0	0	0.206703	0	0	0.2684179	0	0.373672	7.021229	1.78006	6.51444	0	0.463188	0	0	0	0	0.0598627	1.0430241	0	0	0	0	0	0	0.864157	0.2469484	0.0336301	10.95328	0.2690652	0	0.744445	0	0	0.0600403	0	0	0.654246
K15867	activity-regulated cytoskeleton-associated protein	0	0	0	0	0	0	0	0	0	0	0	0	0	0	0	0.0777047	0	0	0	0	0	0	0	0	0	0	0	0	0	0	0	0	0	0	0	0	0	0	0	0	0	0
K15868	bile acid-coenzyme A ligase [EC:6.2.1.7]	5.82758	1.65424	0.0552761	8.973531	1.30096	0.602069	1.0307427	0	0.111997	0.617997	0.448825	2.092157	1.343519	0	0	0.286514	0.0893601	0.0843091	0	2.29606	1.77496	2.12386	2.1182	0.608147	4.094126	0.455945	1.92313	1.152327	0.63793	0.179174	0.442042	0.0687778	7.1402434	4.2711915	0	0	1.64779	1.552916	0.386773	0.840076	2.492003	0
K15869	NAD(P)-dependent 3-alpha-hydroxysteroid dehydrogenase	0	0	0	0.292036	0	0	0	0	0	0	0	1.03781	0.705283	0	0	0	0	0	0	0	0	0	0	0	0.172697	0	0	0.152888	0	0	0	0	0	0.112678	0	0	0	0.0878445	0	0	0.0851379	0
K15870	NAD(H)-dependent 7alpha-hydroxy-3-oxo-delta4-cholenoic acid oxidoreductase	0	0	0	0.617995	0	0	0.0418057	0	0	0	0	1.72903	1.46031	0	0	0	0	0	0	0	0	0	0	0	0.165867	0	0	0.12721	0	0	0	0	0.0534139	0.119362	0	0	0	0.268	0	0	0.322273	0
K15871	bile acid-CoA hydrolase [EC:3.1.2.26]	0	0	0	0.335384	0	0.0341327	0.0436169	0	0	0	0	1.85102	1.16059	0	0	0	0	0	0	0.0910525	0	0.0453282	0	0	0.236676	0	0	0.0811077	0	0	0	0	0.0514413	0.059776	0	0	0	0.170873	0	0	0.165609	0
K15872	bile-acid 7alpha-dehydratase [EC:4.2.1.106]	0	0	0	0.83313	0	0	0.0456766	0	0	0	0	1.26114	1.17039	0	0	0	0	0	0	0	0	0.0949373	0	0	0.119929	0	0	0.115824	0	0	0	0	0.0721259	0.0938981	0	0	0	0.268414	0.0400287	0	0.189195	0
K15873	NAD(H)-dependent 7beta-hydroxy-3-oxo-delta4-cholenoic acid oxidoreductase	0	0	0	0.461249	0	0	0.044781	0	0	0	0	1.79051	1.37692	0	0	0	0	0	0	0	0	0.148843	0.131519	0.0490833	0.188123	0	0	0.14989	0	0	0	0	0.170326	0.156497	0	0	0	0.334919	0	0	0.319963	0.395148
K15874	bile acid 7beta-dehydratase	0	0	0	0	0	0	0	0	0	0	0	0	0	0	0	0	0	0	0	0	0	0	0	0	0	0	0.034579	0	0	0	0	0	0	0	0	0	0	0	0	0	0	0
K15876	cytochrome c nitrite reductase small subunit	1.978379	2.62034	0	0.4395758	0	0.355546	0.788703	0.2385139	0	5.13396	0.410446	2.7483831	2.428142	0.133465	0	7.084461	0.289437	0.3485187	0	0.691464	0.193966	2.2483891	0.3562647	0	1.252276	0.964245	0.5281576	11.88076	3.5783469	0.349555	0.31499	0.776051	1.552242	1.58891	0.1664653	0	0.114613	2.92959	0.1229925	0.0392569	0	0.6969519
K15888	tritrans,polycis-undecaprenyl-diphosphate synthase [geranylgeranyl-diphosphate specific] [EC:2.5.1.89]	0	0	0.169648	0	0	0	0	1.88307	0.181996	0	0	0	0	0	0	0	0.446801	0	0	0	0	0	0	0	0	0	0	0	0	2.65777	0	0	0	0	0	0	0	0	2.01949	0	0	0
K15894	UDP-N-acetylglucosamine 4,6-dehydratase [EC:4.2.1.115]	0	0	0	0	0	0	0	0	0	0	0	0	0	0	0	0	0	0	0	0	0	0	0	0	0	0	0	0	0	0	0	0	0.680468	0	0	0	0	0	0	0	0	0
K15904	NO_NAME	0	0	0.169848	0	0	0	0	7.09084	0.3028311	0	0	0	0	0	0	0	5.285043	0	0	0	0	0	0	0	0	0	0	0	0	8.55558	0	0	0	0	0	0	0	0	8.31812	3.66482	0	0
K15912	UDP-N-acetyl-D-glucosamine 4,6-dehydratase [EC:4.2.1.135]	0	0	0	0	0	0	0	0	0	0	0	0	0	0	0	0	0	0	0	0	0	0	0	0	0	0	0	0	0.0595171	0	0	0	0	0	0	0	0	0	0	0	0	0
K15913	UDP-N-acetylbacillosamine N-acetyltransferase [EC:2.3.1.203]	0	0	0	0	0	0	0	0	0	0	0	0	0	0	0	0	0	0	0	0	0	0	0	0	0	0	0	0	0.0347077	0	0	0	0	0	0	0	0	0	0	0	0	0
K15915	NO_NAME	0	0.0491841	0	0	0	0	0	0	0	0	0	0.0553133	0	0	0	0	0	0	0	0	0	0.477635	0.254859	0	0	0	0	0.12086	0	0	0	0	0	0	0	0	0	0	0	0	0	0
K15916	glucose/mannose-6-phosphate isomerase [EC:5.3.1.9 5.3.1.8]	0	0	0.158944	0.196139	0.0774236	0	0	0	0	0.0627812	0	0	0	0.0343052	0.270753	0	0	0	0.0920463	0	0.105279	0	0	0.410015	0	0	0	0	0	0	0.165658	0.0515469	0	0	0.10488	0.0506136	0	0	0	0	0	0
K15921	arabinoxylan arabinofuranohydrolase [EC:3.2.1.55]	2.8007	1.455578	0	1.16846	1.23447	10.6371	4.14915	6.954839	0.996412	0	0	0.4348207	2.75541	0	0	0.678413	0.27708	0.427775	0.466818	0.348784	0	0.1767763	0.211113	0	0	0.641126	0.913353	0	0	3.724695	0.0747624	0.0558354	0.242815	0	0	0.452225	4.94022	1.91844	0	0.3295218	0.3301039	2.933875
K15922	alpha-glucosidase [EC:3.2.1.20]	1.14161	0.385183	3.33363	1.02132	6.20555	0.0269084	0.252574	0	0	11.4823424	0.3308	0.0182805	13.61345	5.38902	19.105454	0	0	0	0	1.54881	5.9983	0	0.0521873	0	0	2.84303	0.4021278	3.58363	0	0.660877	1.3485	8.0862367	5.18145	0.574019	9.73959	0.623599	13.5768	5.95564	0	1.43161	2.53534	0.445438
K15923	alpha-L-fucosidase 2 [EC:3.2.1.51]	1.5272108	2.0755836	1.818199	8.229549	3.704267	9.5059419	18.162094	9.862299	7.170968	6.313419	26.518691	2.402007	5.8107454	20.5367916	9.2534854	12.511564	11.6516676	0.908714	0.9977098	14.610795	44.5356031	4.8847431	4.932828	0.942862	1.3446241	5.0674371	12.1024032	14.1007779	0.0785206	13.008293	16.3051092	34.853974	10.84179	34.647782	1.7962523	3.40597	2.310612	1.201071	9.7914137	2.969282	1.20641	0.899227
K15924	NO_NAME	0	0	0	0	0	0	0.0413935	0	0	0	0	0.614642	0.119557	0	0	1.22913	0.0493848	0	0	0	0	0.412605	0.170624	0	0	0.0569279	0	0.106269	0	1.77618	0	0	0	0	0	0	0	0	0	0	0	0
K15973	NO_NAME	0	0	0	0	0	0	0	0	0	0	0	0	0	0	0	0	0	0	0	0	0	0	0	0	0	0	0	0	0	0	0	0	0	0	0	0	0.21113	0	0	0.177251	0.0441129	0
K15974	NO_NAME	2.06127	0.57088	7.01584	0	0	0.198078	0.883264	1.91791	4.15894	0.957149	2.256076	0	13.8591	4.22859	31.141239	0.775136	3.45557	0.1795228	0.0871617	2.96104	14.5307	0.3116816	0.130504	0	0	0.387169	1.3050009	2.450018	0.274704	0.6055871	1.588497	1.34225	1.203143	1.741298	0.499933	5.189064	0	0.2832083	1.54553	5.91085	13.5624	0.346464
K15975	NO_NAME	0	0	0.1238234	0	0	0	0	0	0	0	0	0	0	0	0	0	0	0	0	0	0	0	0	0.0437646	0	0	0	0	0	0	0	0	0	0	0	0	0	0	0	0	0.0425158	0.0528314
K15977	NO_NAME	1.352269	4.28435838	11.900916	0.0387659	0.045819	0.8911526	8.5768812	0.836907	0.1957047	6.0124612	11.198221	53.1835685	36.025351	8.2011622	45.381556	13.518839	1.358602	0.774357	0.21648	0.8501702	0.507187	9.3496214	9.3608279	1.1596724	1.902932	4.8997381	1.2499459	36.6318294	58.5444667	7.1072502	1.2437678	2.835788	22.6121323	17.856166	0.2341335	1.7406124	5.191312	32.3606667	2.5029914	0.548514	0.0437166	3.6537985
K15984	NO_NAME	0.593198	0.858839	3.7963961	3.71347	1.94492	2.91099	4.355114	2.9570169	2.21609	0.8070599	1.737695	0.572847	7.077695	3.762946	2.3748093	0.686386	1.135145	0.4897843	0.28237	1.1887656	1.74222	0.2540947	0.4317777	1.87236	0.281894	0.831319	1.9230412	0.124468	2.24702	1.28643	0.677716	0.930525	16.654479	1.9155213	1.0510758	2.051769	0	0.214348	1.40283	4.68086	0.292404	1.75863
K15986	manganese-dependent inorganic pyrophosphatase [EC:3.6.1.1]	47.4945248	38.402515	12.6000703	25.1853118	31.4337068	51.756463	50.9272433	14.8074945	26.633998	36.2809159	33.5352548	2.062611	10.7748576	9.086461	2.7201893	8.1986149	17.1797519	21.182671	25.9917109	56.1905992	47.8976552	12.5280138	10.5449234	54.3582888	36.3827849	24.892714	51.4994202	4.9976392	4.34019	16.5363053	12.5324622	20.4322267	34.5473688	27.2071013	24.0226271	13.4448001	44.8289164	51.3142068	63.5523865	101.1738285	82.5983261	20.3991363
K15987	K(+)-stimulated pyrophosphate-energized sodium pump [EC:3.6.1.1]	5.5999163	7.81116	2.3495891	12.7009791	7.416187	19.567479	18.406282	5.1317458	9.2221198	8.110736	4.471	57.1965958	26.308437	8.1822223	1.6233757	20.289	10.1903	6.2120279	8.3247026	8.8240175	9.4965762	14.726924	13.21927	14.399473	13.1710349	11.9859433	25.545704	25.7779109	66.1080668	11.334161	4.5878627	8.461394	11.562482	13.7210894	11.208359	5.7088385	12.7934357	32.981751	7.428902	20.22275	3.5205788	2.1970309
K16011	mannose-1-phosphate guanylyltransferase / mannose-6-phosphate isomerase [EC:2.7.7.13 5.3.1.8]	0	0	0	0.320653	0	0	0	0	0	0	0	0	0	0	0	0.623085	0	0	0	0	0	0.152203	0	0	0	0	0	0	0	0	0.274661	0	21.4264	0	0	0.695649	0	0	0	0.252187	0	0
K16012	ATP-binding cassette, subfamily C, bacterial CydC	0	0	2.5836619	0.2115945	0.0793957	0.7227704	0.5047729	0	0	0.410869	0	0	4.05649	4.69777	13.3971	1.374418	0.193216	0	1.0075	0.869113	0	1.0449007	1.179767	0.4884247	0.68954	0	1.2163516	0.0633689	0.0442524	0.53602	17.476933	2.3338887	1.40176	0.3396504	0.5016831	1.3605765	0	0.409305	0.0343691	0.127641	0	6.0794123
K16013	ATP-binding cassette, subfamily C, bacterial CydD	0	0.357756	1.1597163	0.0445524	0.0805953	0.118098	0.6552779	0.193045	0	0.0882192	0.259416	0	3.89349	2.87671	3.07737	0.875815	0.152724	0.0608809	0	0.0500186	0	1.3099764	0.5110335	0.400083	0.29437	0	1.1707187	0.0233339	0.383974	0.489334	16.6086797	2.198212	3.0660079	0.9738782	0.375591	1.004411	0.0547899	0.128771	0.0825626	0.0903363	0	4.9261763
K16014	ATP-binding cassette, subfamily C, bacterial CydCD	0	0	0.0751768	0	0	0	0.114283	0	0	0.18786	0.577151	0	0	0	0.0295581	0.122306	0	0	0	0	0	0	0	0	0	0	0	0	0	0	0	0	0	0.0543811	0	0.249187	0	0	0	0	0	0
K16044	scyllo-inositol 2-dehydrogenase (NADP+) [EC:1.1.1.371]	0	0	0	0	0	0	0	0	0	0	0	0	0	0	0	0	0	0	0	0	0	0	0	0.057743	0	0	0	0	0	0	0	0	0	0	0	0	0	0	0	0	0	0
K16052	NO_NAME	3.13817	1.7962	4.569639	0.759879	0.754702	0.1971287	0.9553873	1.9385681	1.98733	2.7299405	2.838393	0.973147	6.595762	3.375622	21.6778	4.5417198	0.64059	3.280534	4.7152	1.207734	0.104372	0.304454	0.1264863	6.70512	0.6123464	2.089456	0.4411973	3.613891	3.4603933	0.3798293	1.0461674	1.058668	10.93031	3.8687607	1.040609	0.766434	3.6735	6.345709	0.1288023	0.8924508	2.79245	9.263219
K16053	NO_NAME	1.435995	1.555061	3.024573	0.0128712	0	0.6080177	3.9680813	0.421013	0.2420541	3.6472047	2.6123168	4.5447989	9.092439	3.439607	16.646027	5.6915014	0.8559692	0.9649098	0.110405	0.516672	0.434093	2.6195137	2.2084695	0.704994	0.985812	3.602276	1.1594726	18.348181	0.670115	1.8865985	0.7356716	2.782699	6.7241062	4.3799131	0.229077	0.554854	2.42837	1.594052	0.2050257	0.0877391	0	0.5404738
K16055	trehalose 6-phosphate synthase/phosphatase [EC:2.4.1.15 3.1.3.12]	0	0	0	0	0	0	0	0	0	0	0	0	0	0	0	0	0	0	0	0	0	0	0	0	0	0	0	0	0	0	0	0	0	0	0	0	0	0	0.0620637	0	0	0
K16058	calcium release-activated calcium channel protein 3	0	0	0	0	0	0	0	0	0	0	0	0	0	0	0	0.0370336	0	0	0	0	0	0	0	0	0	0	0	0	0	0	0	0	0	0	0	0	0	0	0	0	0	0
K16060	baculoviral IAP repeat-containing protein 2/3	0	0	0	0	0	0	0	0	0	0	0	0	0	0	0	0.0242752	0	0	0	0	0	0	0	0	0	0	0	0	0	0	0	0	0	0	0	0	0	0	0	0	0	0
K16061	baculoviral IAP repeat-containing protein 7/8	0	0	0	0	0	0	0	0	0	0	0	0	0	0	0	0.1300154	0	0	0	0	0	0	0	0	0	0	0	0	0	0	0	0	0	0	0	0	0	0	0	0	0	0
K16066	3-hydroxy acid dehydrogenase / malonic semialdehyde reductase [EC:1.1.1.381 1.1.1.-]	0	0.439077	1.30458	0	0	0.0231412	0.4953039	0	0	0	0.257242	0	4.98104	1.69199	2.55666	0	0.16959	0	0	0	0	0.0195595	0.0824769	0	0	0	0.022175	0.153656	0.911471	0	0.183036	0	7.72323	1.144825	0	1.25813	0	0	0	0	0	1.233388
K16069	NO_NAME	0	0	0	0	0	0	0	0	0	0	0	0	0	0	0	0.0550699	0	0	0	0	0	0	0	0	0	0	0	0	0	0	0	0	0	0	0	0	0	0	0	0	0	0
K16074	NO_NAME	0	0.162571	4.5615	0	0	0.31233	1.311146	0	0	0.037177	0.844661	0	0.68008	0.559785	2.71364	0.371541	0.2538297	0.0624736	0	0	0	0	0.1869575	0.0293277	0	0	0.0179874	0.12999	0	0	0.4367418	0.0129217	24.52034	0.81063	0.145198	0.0669303	0	0	0	0	0	0.700225
K16076	NO_NAME	0	0	0	0	0	0	0	0	0	0.151233	0	0	0	0	0	0	0	0	0	0	0	0	0	0	0	0	0	0	0	0	0	0	0	0	0	0	0	0	0	0	0	0
K16077	NO_NAME	0	0	1.11256	0	0	0	0.069207	0.0285992	0	0.967144	0	0	0	0.0414397	0	0.187897	0.0126242	0	0	0	0	0	0	0	0	0	0	0	0	0	0.0795786	0	0	0.0188005	0.229602	0	0	0	0	0	0	0.0997393
K16079	NO_NAME	0	0	0	0	0	6.5951	3.70582	0.897947	2.60541	8.90756	10.84	0.213784	4.91476	0.54516	0.0609518	0	0	3.11799	1.24963	0	0	0	0	0	0	0	0	5.13684	0	0.322045	1.11139	3.83525	0	0	1.76662	0	0	0	0	0	0	0
K16081	NO_NAME	0	0	0	0	0	0	0	0	0	0	0	0	0	0	0	0	0	0	0	0	0	0	0	0	0	0	0	0	0	0	0	0	8.60828	0	0	0	0	0	0	0	0	0
K16087	NO_NAME	0	0	0.3885922	0	0	0	0.59567	0	0	0.631849	2.037047	0	0	0	0	0	0	0	0.0590597	0	0	0	0	0	0	0	0	0.189007	2.1625129	0	0.173875	0	12.3300611	0.189026	0	0	0	0	0	0	0	0.503291
K16088	NO_NAME	0	0	1.2073	0	0	0.0107796	0.116878	0	0	0.0946743	0.127978	0.011653	2.22029	1.1942	4.80135	0	0.230102	0	0	0	0	0.0182388	0.0769027	0	0	0	0.0535637	0.0791298	0.321455	0	0.00827379	0	20.20826	0.510343	0	0.958888	0	0	0	0	0	0.304685
K16089	NO_NAME	0.5634137	0.8672617	2.7051125	0.0456851	0	0.4606584	4.0635884	3.9294894	0.2026982	3.65069951	3.13957	22.429264	11.0596733	2.740247	6.466031	25.9566512	1.1801148	0.7438407	0.1456133	1.085964	1.010338	7.4159994	1.83997319	1.220051	1.718349	8.4460517	1.5826044	42.470236	51.8844716	9.80094	1.6529773	3.3460034	7.9395212	7.225507	13.9160035	0.283084	7.482156	16.1967728	18.9710381	2.9372425	0	1.187928
K16090	NO_NAME	0	0	1.21221	0	0	0.0100064	0.188448	0	0	0	0.0359461	0	1.16744	1.57045	9.41552	0	0.176631	0.00779869	0	0	0	0.0112259	0.0155794	0	0	0	0.129994	0.0200644	0.394619	0	0	0	12.09339	0.232195	0	0.23959	0	0	0	0	0	0.305614
K16091	NO_NAME	0	0.183616	4.1922977	0	0	0	0.4093637	0.06132359	0	0.0921568	0.625336	0	0	0.675064	0	0.390766	0.248531	0.01840386	0	0	0	0	0.0386854	0	0	0	0.0780898	0.2546228	0	0.157734	0.1204401	0	9.22665	0.878111	0	0.2025043	0	0	0	0	0	0.416447
K16092	NO_NAME	0.893653	0.557201	0.8614767	0	0	0.0642088	0.6251785	0.0676169	0	1.8039286	1.615708	2.8657955	0.962242	0.0951345	0	0.696447	0.1632405	0.293311	0	0	0	1.3034179	0.73242	0	0	0.495253	0.218061	0.0133086	3.88119	0.1573079	0.3057849	1.7238572	16.0374668	0.5288749	0	0	0	0.0890015	0.0464871	0	0	0.621991
K16135	NO_NAME	0	0	3.00712	0	0	0	0.180582	0	0	0	0	0	2.95214	1.05282	1.44302774	0	0.240247	0	0	0	0	0.0468753	0.0258643	0	0	0	0.098197	0	1.71466	0	0.031359	0	3.977245	0.449831	0	1.10997	0	0	0	0	0	0.250954
K16136	NO_NAME	0	0	1.0394	0	0	0.0532933	0	0	0	0	0.2446	0.0111173	0	0.164167	0	0	0.115182	0	0	0	0	0	0	0	0	0	0	0.0215512	2.96828	0	0.0932361	0	4.18645	0.134598	0	0.0455221	0	0	0	0	0	0.259974
K16137	NO_NAME	0	0	5.4011338	0.180028	0.231588	0.189176	2.832118	0.1212676	0.0397784	0.3696886	0.767869	0.0560509	5.68988	4.816626	18.6073	0	0.63501	0.2102402	0.0938816	0.0781061	0	0.0379749	0.3153692	0.0162651	0	0.0472136	0.267603	0.111191	3.00754	0.272011	0.3375028	0.230187	15.171369	1.0846958	0.0588411	3.716316	0	0	0.0349917	0.0617881	0	1.6328965
K16138	NO_NAME	0	0	2.61512	0	0	0.0570829	0.354227	0.0399828	0	0.0648141	0.853187	0.0381298	6.5226	3.98434	24.0756	0	0.417419	0.078765	0	0	0	0.174375	0.29774	0	0	0	0.331578	0.151281	2.26214	0	0	0	8.52582	0.498235	0	1.91135	0	0.0796775	0	0	0	0.63333
K16139	NO_NAME	0	0	0.0605232	0	0	0.0148127	0.0156987	0.00742836	0	0	0.274239	0	0.177941	0.182464	1.25615	0	0	0.018472	0	0	0	0	0.0105941	0	0	0	0.1023239	0	0.927814	0	0	0	1.03724	0	0	0	0	0	0	0	0	0.0128748
K16140	NO_NAME	0	0	0.7630283	0	0	0.03368507	0.07872973	0.0123955	0	0.02966772	0.5729094	0	0	0.0802642	1.506553	0	0.1317876	0.0230753	0	0	0	0.0222711	0.0261587	0.018241	0	0	0.0393712	0.0703	1.7690673	0.0412629	0.053739	0.0136159	1.93543	0.0398863	0	0.105883	0	0.0443076	0	0	0	0.0834225
K16146	maltokinase [EC:2.7.1.175]	0	0	0	0	0	0	0	0	0	0	0	0	0	0	0	0.0396937	0	0	0	0	0	0	0	0	0	0	0	0	0	0	0	0	0	0	0	0	0	0	0	0	0	0
K16147	starch synthase (maltosyl-transferring) [EC:2.4.99.16]	0	2.41657	0	0.1458316	0	0.0805296	0.0923046	0	0	0.0682988	0.0315675	0	0	0	0	0.1835168	0.0873017	0	0	0.5612384	0.0615734	0	0	0.3720084	0.0658242	0	0.672651	0	0	0.106232	3.37806	0.332393	9.8692994	0	0.0933962	0.1240042	0.117638	0	0	0	0	0.1406282
K16148	starch synthase [EC:2.4.1.21]	2.13821	29.3456	5.59089	8.39116	68.5987	20.6103	9.7758179	8.17212	7.18218	0.0354488	0.0767171	1.49812	9.42781	0.0460075	0.0389001	0.224194	1.14079	5.41947	1.42651	19.951194	0.640157	17.5032	43.3733457	0.2442807	0.0728864	19.1023	19.8466	0.0609268	0	0	22.1944072	7.03321	13.2356	0.503843	6.8775107	0.72281	24.538	9.78431	10.2293	0.61029	14.8895	1.8670117
K16153	phosphorylase / glycogen(starch) synthase [EC:2.4.1.1 2.4.1.11]	0.20999	0.150097	0	0.375059	0	0	0.054818	0.204228	0	0.8292717	0.301455	11.15847	6.099896	0	0	5.479239	0.321543	0	0	0.430455	0.146074	0.883116	0.1941845	0	0	0	0	0	0	0.251846	1.103832	1.3225875	0.776936	0.0473955	0.067247	0	0	0.3408235	0	0	0	0
K16163	maleylpyruvate isomerase [EC:5.2.1.4]	0	0	0	0	0	0	0.0522641	0	0	0	0	0	0.0385639	0	0	0	0	0	0	0	0	0	0	0	0	0	0	0	0	0	0	0	0	0	0	0	0	0	0	0	0	0
K16169	NO_NAME	0	0	0.3472146	1.6623782	0.134029	0	6.08491	0	0	1.119973	0.1169692	0	0	9.164582	0.0334888	1.3995325	0	0.0792058	0.18111	0.272306	0.719739	1.55159	0.605623	2.64929	0.344763	0.0547003	0.126236	0	0	0.250832	1.7207221	0	5.60549	0.3673188	0.2359927	1.7497441	0	0.0468504	0	0	3.08056	1.534909
K16172	insulin receptor substrate 1	0	0	0	0	0	0	0	0	0	0	0	0	0	0	0	0.0577813	0	0	0	0	0	0	0	0	0	0	0	0	0	0	0	0	0	0	0	0	0	0	0	0	0	0
K16176	methylamine---corrinoid protein Co-methyltransferase [EC:2.1.1.248]	0	0	0	0	0	0	0	0	0	0	0	0.216622	0.593674	0	0	0	0.266785	0	0	0	0	0.0550417	0.614493	0	0	0	0	0	0	0.89154	0	0	0	0	0	0	0	0	0	0	0	0
K16185	Ras-related GTP-binding protein A/B	0	0	0	0	0	0	0	0	0	0	0	0	0	0	0	0.0160432	0	0	0	0	0	0	0	0	0	0	0	0	0	0	0	0	0	0	0	0	0	0	0	0	0	0
K16188	NO_NAME	0	0	0.1152965	0	0	0.311835	0.14814	0	0	0	0	0	0	0	0	0	0	0	0	0	0	0.105842	0	0	0	0	0	0	0	0.0654523	0	0.16348	0.0294956	0	0	0	0	3.67008	0	0.0847571	0.0603903	0.26687
K16197	14-3-3 protein beta/theta/zeta	0	0	0	0	0	0	0	0	0	0	0	0.01326307	0	0	0	0.0228128	0	0	0	0	0	0	0	0	0	0	0	0	0.00847581	0	0	0	0	0	0	0	0	0	0	0	0	0
K16198	14-3-3 protein gamma/eta	0	0	0	0	0	0	0	0	0	0	0	0.02379329	0	0	0	0	0	0	0	0	0	0	0	0	0	0	0	0	0	0	0	0	0	0	0	0	0	0	0	0	0	0
K16200	dipeptide transport system permease protein	0	0	0	0	0	0	0	0	0	0	0	0	0	0	0	0	0	0	0	0	0	0	0	0	0	0	0	0	0	0	0	0	0	0	0	0	0	0	0	0.0790442	0	0
K16201	dipeptide transport system permease protein	0	0	0.0469221	0	0	0	0	0	0	0	0	0	0	0	0	0	0	0	0	0	0	0	0	0	0	0	0	0	0	0	0	0	0	0	0	0	0	0	0.0608167	0.0659693	0.0533446	0
K16202	dipeptide transport system ATP-binding protein	0	0	0	0	0	0	0	0	0	0	0	0	0	0	0	0	0	0	0	0	0	0	0	0.0603677	0	0	0	0	0	0	0	0	0	0	0	0	0	0	0	0	0	0
K16203	NO_NAME	0.0784696	0.2678622	0	0.213852	0.0561107	0	0.0274279	0.115496	0	0.107327	0.153338	0.6091447	1.3535715	0	0.115993	0.0815971	0.2731367	0.0800354	2.290844	0.2121931	0.2512053	0.433124	1.247545	0.182243	0.159168	0.1245957	0.140154	0.409922	0	0.617849	0.153866	0.809613	0.268111	0.220682	0	0.164383	0.27729	1.14697	0	0.1136578	0	1.76812
K16209	NO_NAME	10.27512	51.040707	22.0939404	0.88532	0.7200338	7.533741	3.227527	1.15732	0.231188	0.801746	0.0527745	0.309298	8.083798	0.112648	0	0.864766	1.201814	3.2610375	2.02124	8.219717	0.413422	51.939363	97.2270646	3.7173179	0.395797	11.635447	7.921612	1.81116	0	0.443932	22.754895	4.6144489	7.996773	0	9.7487891	2.1646925	0.6532072	0.386395	0	0	0.269165	7.0070634
K16210	NO_NAME	7.97783	9.55246	1.8466457	0.0789385	0.0571199	0.231604	3.85414	3.69162	4.49773	0	0	0	0.210747	2.42697	0	2.118039	5.733238	0.160482	0.147358	0	0.0971125	14.8672523	15.8879019	0.077249	0.0539845	0.0471798	0.0669616	7.28176	0.0859498	0.2393258	7.2614605	1.28591	4.3071153	3.1801998	1.0281672	7.58511	0	0	0	0.0392569	0	16.5557073
K16211	NO_NAME	0	0	0	0.17821	0	0.548168	0.0497348	0.251239	0.0550797	1.016826	0.311656	9.72904	5.63969	0.1488635	0	5.66573	0	0.276528	0	0.769373	0.172438	0.169707	15.4431783	0	0.236783	0.672721	0.26084	0	0	0	0.7055112	0.8175457	0.5780342	0	0.0941754	0.4860576	0.0791925	0	0	0	0	2.0648663
K16212	NO_NAME	0	0.7653508	0	0	0	0.0820253	0.2160248	1.848182	0.337475	0.134236	0	17.373632	1.257493	0	0	8.22477	1.113495	0.200204	0	0.289521	0.0833992	1.160662	0.280768	0	0.622108	0.228302	0.0578392	9.33281	60.8819	2.373466	0.0623093	0.195987	0.146708	0.0568259	0.0531518	0	0.117638	0.458499	0	0.059861	0	1.351654
K16213	NO_NAME	0.9415621	2.086004	0.660346	0	0.200256	2.4345829	4.399791	16.561839	14.8642958	3.40772	0.647331	19.4372883	3.4054628	0.0707365	0	6.061678	2.707108	2.9509	2.106166	0.616691	0	7.29515	2.20653	3.002717	0.522042	12.70473	1.5382414	17.624898	57.7694	2.472297	0.311509	1.3022968	2.68491	2.9234	3.663079	2.077587	0.100245	0.179274	1.442312	0.359166	0.567586	1.061972
K16214	NO_NAME	0.383882	0.111592	0	1.667918	0.2666986	0.297272	0.33099	0	0	0	0	0.468218	0.1022076	0	0	0.16395	0	0	0.0400017	0	0	0.105486	0.0660745	0	0	0.25457	1.341247	0.2243746	1.583799	0.089154	0.234617	0.0547565	2.482742	2.116675	0	0	0.387581	0	0	0	0	0.195917
K16234	NO_NAME	0	0	0	0	0	0	0	0	0	0.0502137	0	0	0	0	0	0	0	0	0	0	0	0	0	0	0	0	0	0	0	0	0	0	0	0	0	0	0	0	0	0	0	0
K16235	NO_NAME	0	0	3.452559	5.83	31.851169	26.160156	13.7008044	2.059846	1.6774362	0.0717013	0	1.45782	5.977327	2.775116	0.1130185	0.378733	0.707795	1.20717	0.2737002	12.7432083	0.103819	2.9276947	9.223492	2.876845	0.0468714	0.980239	1.7728903	0	0	0	19.004589	5.915464	17.6239065	2.7178423	1.7075712	1.5792929	26.80779	12.400898	8.56616	0.478696	19.5017434	3.5910259
K16238	NO_NAME	0	0	0	0	0	0	0	0	0	0	0	0	0	0	0	0	0	0	0	0	0	0	0	0	0	0	0	0	0	0	0	0	5.80569	0	0	0	0	0	0	0	0	0
K16248	NO_NAME	0.0759558	0	1.48199	0.236095	0.897339	0.095277	1.0669	0.13441	0.161789	0.579272	0.143236	0	0	0	0	4.78207	0.175844	5.18864	5.88714	0.488876	0.218279	0	0	7.40049	2.26208	0.736586	0.0697609	10.1587	0	0.784286	0	0	0	0.463306	0.574992	0	2.4052	1.29666	1.01218	2.0437641	3.1074896	0
K16263	NO_NAME	0	0.254502	1.16357	0	0	0.0142857	0.954279	0.0477843	0	0.860997	1.5146	0.0146734	0	0.621108	0	0	0.182918	0.109823	0	0	0	0.0134862	0.113957	0	0	0	0.195269	0	4.31683	0	0.2435278	0.0182154	7.206274	0.4090428	0	1.00268	0	0.0952244	0	0	0	0.569185
K16264	NO_NAME	1.14435	0.522412	3.3238621	1.1320649	1.5414032	0.443697	0.70584	4.5377368	0.6988495	31.2973122	20.6464734	11.50274	4.930181	18.9048103	17.4014049	4.592315	4.5301187	1.8616971	1.778121	6.828892	0.6947885	2.7086494	1.8771211	1.0040519	0.3009731	0.821414	0.617645	2.4228027	29.179833	5.008833	2.4873502	1.849798	12.2701249	2.1966806	2.5557006	9.691512	0.1527683	0.3288096	4.76551	1.9267396	2.46295	5.404289
K16291	NO_NAME	0	0	3.59864	0	0	0	0.288554	0	0	0	0.0369841	0	5.43283	4.7655	13.6698	0	0.574241	0	0	0	0	0.065474	0.0837662	0	0	0	0.109686	0	0.0804255	0	0.194263	0	5.46171	0.4874166	0	1.1298	0	0	0	0	0	0.5558883
K16299	ATP-binding cassette, subfamily C, bacterial EexD	0.758203	0.458375	0	0	0	0	0	0	0	0	0	0	0	0	0	0	0.182147	0	0	0	0	0	0	0	0	0	0	0	0	0	0	0	0	0	0	0	0	0	0	0	0	0
K16301	NO_NAME	0.112555	0	1.21604	0.266557	0.112514	0.0554658	0.2496793	0	0.0490187	1.2949065	1.718535	0	3.09086	0.5999173	6.8448977	0	0	0	0.0547333	0.1443371	0	0	0.0152637	0.8342675	0	0	0.0689962	0.0842619	0.559138	0	0.2193802	0.0509038	2.8639374	0.9219347	0	0.472839	0	0.0607198	0	0	0.0441383	0.0829764
K16302	NO_NAME	0	0	0.21303	0.11045	0	0	0	0	0.0590903	0	0	0	0	0.0869338	0.228782	0	0	0	0.0659951	0	0.0691725	0.0389043	0	0.50118	0.0589634	0	0	0.0474798	0	0	0.145164	0.0677641	0	0	0.137809	0.0854824	0	0	0.0417948	0.0499426	0	0
K16306	fructose-bisphosphate aldolase / 2-amino-3,7-dideoxy-D-threo-hept-6-ulosonate synthase [EC:4.1.2.13 2.2.1.10]	0	0	0.23221	0	0	0	0	1.81792	0	0	0	0	0	0	0	0	0.684956	0	0	0	0	0	0	0	0	0	0	0	0	2.66094	0	0	0	0	0	0	0	0	2.5609	0	0	0
K16310	NO_NAME	0	0	0	0	0	0	0	0	0	0	0	0	0	0	0	0.0421864	0	0	0	0	0	0	0	0	0	0	0	0	0	0	0	0	0	0	0	0	0	0	0	0	0	0
K16315	NO_NAME	0	0	0	0	0	0	0	0	0	0	0	0	0	0	0	0.0415244	0	0	0	0	0	0	0	0	0	0	0	0	0	0	0	0	0	0	0	0	0	0	0	0	0	0
K16321	NO_NAME	0	0	2.54644	0	0	0	0.605961	0	0	0.0130143	0	0	10.7832	1.09482	4.98508	0	0.146464	0	0	0	0	0	0.0549846	0	0	0	0.204163	0.0318575	0	0.016835	0.122024	0.0341913	7.89987	1.18198	0	0.985537	0	0.0588573	0	0	0	0.935674
K16322	NO_NAME	0	0.47644	4.631898	0.013397	0	0.08271719	0.869325	0.08694518	0	0.0213801	0.4329491	0.02398083	11.534256	5.9256	34.13274	0	0.797688	0.0699942	0	0.0336047	0	0.08432499	0.2775645	0.0246684	0	0	0.271763	0.1396621	0.5126016	0.02216538	0.21663286	0.0125221	9.7432489	2.178436	0	1.6567727	0	0.0454582	0	0	0	1.6657739
K16323	NO_NAME	0	0.159907	1.283212	0.64904	0.413772	0.9430182	0.067762	0.246646	0	0.817682	0	2.70964	0	0.5045459	0.0308407	1.3376922	0.076277	0.0494806	0.254892	0.0605889	0	1.874077	1.1902385	0.5371279	0.660732	0.0434166	1.7120018	0.061945	0	0.7830142	22.7103052	2.851598	6.504572	0.2098471	0.159756	5.061206	0	0	0.0510214	0.0924454	0	10.723833
K16324	NO_NAME	0	0	0.646169	0	0	0	0.219906	0.0171539	0	0	0	0.0428782	0.0810633	1.63446	1.49817	0	0.0501585	0	0	0	0	0	0.0596291	0	0	0	0.0545056	0.106041	0	0.0230836	0	0	3.9368	0.0595496	0	0.409322	0	0	0	0	0	0.484293
K16325	NO_NAME	0	0	2.41187	0	0	0.02315055	0	0	0	0	0	0.037507	5.30996	2.90598	13.83709	0	0.108677	0	0	0	0	0	0.0174057	0	0	0	0.0937496	0.0454698	0	0.0261031	0	0.0335436	2.51004	0.0380037	0	0.651169	0	0	0	0	0	0.0538103
K16326	NO_NAME	0	0	0.642227	0	0	0.0458535	0.164735	0	0	0.0116975	1.32873	0.0253217	0	0.340154	0.576711	0	0	0.110723	0	0	0	0	0.0938503	0	0	0	0.109673	0.031771	3.63426	0.0502414	0	0	3.66325	0	0	0	0	0.0640033	0	0	0	0.169184
K16328	pseudouridine kinase [EC:2.7.1.83]	3.908519	2.450341	3.533509	0.171984	0.423913	0.644338	1.638562	4.638311	4.252805	3.388253	3.499901	0.4263129	6.50915	1.880729	12.3907	0.684164	0.8254285	7.069612	9.076468	1.1721304	0.1437044	0.5261015	1.0340877	9.265342	1.972528	3.762446	0.570036	0.855509	0	1.152799	0.933149	0.9382147	9.6315915	3.3406	2.472663	0.9595448	3.7051609	6.005657	0.516823	1.145577	3.324253	10.7478736
K16329	pseudouridylate synthase [EC:4.2.1.70]	0.253983	0.721007	1.81287	0	0	0.0425409	1.286067	0.184213	0	0	0.0579783	0.1075556	5.34016	2.19471	17.5015	0	0.0315727	0	0	0	0	0.643888	0.672895	0	0	0	0.0415259	0.371288	0	0	0.0810532	0	3.85256	0.547846	0	0	0	0	0.284042	0.0316109	0	0.850093
K16331	NO_NAME	0	0	0	0	0	0	0	0	0	0	0	0	0	0	0	0	0	0	0	0	0	0	0	0	0	0	0	0	0	0	0	0	0	0	0	0	0	0	0	0.0671228	0.0465234	0
K16339	thioesterase superfamily member 4	0	0	0	0	0	0	0	0	0	0	0	0	0	0	0	0.0725286	0	0	0	0	0	0	0	0	0	0	0	0	0	0	0	0	0	0	0	0	0	0	0	0	0	0
K16345	NO_NAME	0	0.465774	3.844305	0	0	0.4784344	3.766956	0.2378265	0.1167616	2.242492	0.9470506	17.8930936	3.917979	4.7388001	11.2828965	4.419375	0.706118	0.0116495	0	0.6848597	0.178089	1.42048818	0.631538	0	0	1.18976	0.352417	5.4233184	53.903585	0.549252	0.565138	0.074658	5.823868	2.23178	0.368787	1.15575	0.379527	1.0334168	0	0	0	2.966863
K16346	NO_NAME	0	0	0.897933	0	0	0.0737834	0.168224	0.063426	0	0.0128552	1.21135	0.00972661	0.097871	0.895656	7.69829	0	0.247603	0.0724744	0	0	0	0.0156152	0.146047	0	0	0	0.0960595	0.059017	3.08941	0.0104518	0.0202457	0.0131804	1.45915	0.575329	0	0.206806	0	0.06757	0	0	0	0.22326
K16347	NO_NAME	0	0.200873	0	0	0	0	0.4715433	0	0	0	0	0	0	0	0	0	0	0	0	0	0	0	0	0.0630115	0	0	0	0	0	0	0	0	0	0	0	0	0	0	0	0	0	0
K16348	NO_NAME	0	0	0	0	0	0	0	0	0	0	0	0	0	0	0	0	0	0	0	0	0	0	0	0	0	0	0	0	0	0	0	0	2.05122	0.216688	0	0	0	0	0	0	0	0.868061
K16349	NO_NAME	0	0	0	0	0	0	0	0	0	0	0	0.044809	0	0	0	0.0269524	0	0	0	0	0	0	0	0	0	0	0	0	0	0	0	0	0	0	0	0	0	0	0	0	0	0
K16351	netrin-G2 ligand	0	0	0	0	0	0	0	0	0	0	0	0	0	0	0	0.0285819	0	0	0	0	0	0	0	0	0	0	0	0	0	0	0	0	0	0	0	0	0	0	0	0	0	0
K16354	NO_NAME	0	0	0	0	0	0	0	0	0	0	0	0	0	0	0	0.0238439	0	0	0	0	0	0	0	0	0	0	0	0	0	0	0	0	0	0	0	0	0	0	0	0	0	0
K16356	NO_NAME	0	0	0	0	0	0	0	0	0	0	0	0	0	0	0	0.0820011	0	0	0	0	0	0	0	0	0	0	0	0	0	0	0	0	0	0	0	0	0	0	0	0	0	0
K16357	NO_NAME	0	0	0	0	0	0	0	0	0	0	0	0	0	0	0	0.0476945	0	0	0	0	0	0	0	0	0	0	0	0	0	0	0	0	0	0	0	0	0	0	0	0	0	0
K16358	NO_NAME	0	0	0	0	0	0	0	0	0	0	0	0	0	0	0	0.0713716	0	0	0	0	0	0	0	0	0	0	0	0	0	0	0	0	0	0	0	0	0	0	0	0	0	0
K16362	NO_NAME	0	0	0	0	0	0	0	0	0	0	0	0	0	0	0	0.1442579	0	0	0	0	0	0	0	0	0	0	0	0	0	0	0	0	0	0	0	0	0	0	0	0	0	0
K16363	UDP-3-O-[3-hydroxymyristoyl] N-acetylglucosamine deacetylase / 3-hydroxyacyl-[acyl-carrier-protein] dehydratase [EC:3.5.1.108 4.2.1.59]	2.5114621	3.179759	0	0.0713704	0	0.746788	2.93279	2.327886	0.416376	10.3422358	3.6192815	34.576736	8.283799	0.748651	0.2883216	31.21002	1.228702	1.159256	0.1486567	2.04133	1.074718	8.124725	2.003644	0.7242743	5.86137	8.8848	2.301038	41.8988	61.02535	8.760139	0.4861595	3.528278	5.828423	5.90054	4.597062	0	3.820357	9.354609	8.66275	1.519404	0.192869	1.32158
K16370	6-phosphofructokinase 2 [EC:2.7.1.11]	0	0.023381	2.129783	0	0	0.0587866	0.2123194	0.0479441	0	0.210815	0	0.0328777	8.63672	3.97769	27.8806	0	0.0731649	0	0	0	0	0.0170193	0.0147866	0	0	0.0341847	0.1351203	0.1590927	0	0.03713264	0	0.0189931	6.98904	0	0	0.7138121	0	0	0	0	0	0.206164
K16371	D-tagatose-1,6-bisphosphate aldolase subunit GatZ/KbaZ	0	0.620319	6.82133	0	0	0	1.7747148	0	0	0	0	0	0	0	0	1.11258	0.0913308	0	0	0	0	0	0.12434	0	0	0	0	0	0	0	0.170434	0	0.674769	0.685412	0	0	0	0	0	0	0	0
K16435	dTDP-4-dehydro-6-deoxy-alpha-D-glucopyranose 2,3-dehydratase [EC:4.2.1.159]	0	0	0	0	0	0.555349	0	0	0	0.131581	0.036135	0.415566	0	0	0	1.281515	0	0	0	0	0	0.374316	0.0662345	0	0.0487845	0	0.0402646	0.0336536	0	1.726253	0	0	0	0	0	0	0	0	0	0	0	0.163944
K16449	NO_NAME	0	0	0	0	0	0	0	0	0	0	0	0	0	0	0	0.0312288	0	0	0	0	0	0	0	0	0	0	0	0	0	0	0	0	0	0	0	0	0	0	0	0	0	0
K16463	NO_NAME	0	0	0	0	0	0	0	0	0	0	0	0	0	0	0	0.0104162	0	0	0	0	0	0	0	0	0	0	0	0	0	0	0	0	0	0	0	0	0	0	0	0	0	0
K16465	NO_NAME	0	0	0	0	0	0	0	0	0	0	0	0	0	0	0	0	0	0	0	0	0	0	0	0	0	0	0	0	0.05969	0	0	0	0	0	0	0	0	0	0	0	0	0
K16491	NO_NAME	0	0	0	0	0	0	0	0	0	0	0	0	0	0	0	0.0381189	0	0	0	0	0	0	0	0	0	0	0	0	0	0	0	0	0	0	0	0	0	0	0	0	0	0
K16493	NO_NAME	0	0	0	0	0	0	0	0	0	0	0	0	0	0	0	0.693282	0	0	0	0	0	0	0	0	0	0	0	0	0	0	0	0	0	0	0	0	0	0	0	0	0	0
K16494	NO_NAME	0	0	0	0	0	0	0	0	0	0	0	0.0822156	0	0	0	0.8637941	0	0	0	0	0	0	0	0	0	0	0	0	0	0	0	0	0	0	0	0	0	0	0	0	0	0
K16495	NO_NAME	0	0	0	0	0	0	0	0	0	0	0	0	0	0	0	0.5240822	0	0	0	0	0	0	0	0	0	0	0	0	0	0	0	0	0	0	0	0	0	0	0	0	0	0
K16496	NO_NAME	0	0	0	0	0	0	0	0	0	0	0	0	0	0	0	0.4377977	0	0	0	0	0	0	0	0	0	0	0	0	0	0	0	0	0	0	0	0	0	0	0	0	0	0
K16497	NO_NAME	0	0	0	0	0	0	0	0	0	0	0	0	0	0	0	0.0781166	0	0	0	0	0	0	0	0	0	0	0	0	0	0	0	0	0	0	0	0	0	0	0	0	0	0
K16498	NO_NAME	0	0	0	0	0	0	0	0	0	0	0	0	0	0	0	0.0725151	0	0	0	0	0	0	0	0	0	0	0	0	0	0	0	0	0	0	0	0	0	0	0	0	0	0
K16499	NO_NAME	0	0	0	0	0	0	0	0	0	0	0	0	0	0	0	0.1956307	0	0	0	0	0	0	0	0	0	0	0	0	0	0	0	0	0	0	0	0	0	0	0	0	0	0
K16506	NO_NAME	0	0	0	0	0	0	0	0	0	0	0	0	0	0	0	0.1133035	0	0	0	0	0	0	0	0	0	0	0	0	0	0	0	0	0	0	0	0	0	0	0	0	0	0
K16509	NO_NAME	0.354748	0.126862	11.2376289	5.4690986	2.1146308	0.8190074	31.4012327	0.1886483	0.622667	34.7640818	27.2457728	0.844139	1.31975	26.42115	0.8633648	1.1575312	0	4.2295273	2.8082871	8.84107	0.960425	36.331203	73.880714	17.7830161	3.226667	0	1.1964574	0.1293622	0.0830507	4.728138	22.196166	2.9376646	0.4713308	2.2587726	6.073498	34.7000222	0.2652491	0.6310119	0	0.0997035	6.9307417	18.0482974
K16511	NO_NAME	5.1880158	3.36899	18.5011972	11.9490108	10.6406562	6.3597414	20.861534	21.2626748	31.720377	53.3676164	33.6900203	4.371328	18.6778175	36.4512496	5.7153844	2.758169	8.6395209	18.0657255	25.1665792	17.9342617	23.515855	33.4851901	59.8082033	27.4350107	1.3328033	5.2733323	6.2363053	6.8455926	0.106237	11.3837554	6.3251099	13.1989874	9.6008011	4.7423497	19.5803352	13.420352	13.0202624	6.8792513	7.042657	27.921829	28.3681431	20.0022913
K16519	NO_NAME	0	0	0	0	0	0	0	0	0	0	0	0	0	0	0	0.0874492	0	0	0	0	0	0	0	0	0	0	0	0	0	0	0	0	0	0	0	0	0	0	0	0	0	0
K16523	NO_NAME	0	0	0	0	0	0	0	0	0	0	0	0	0	0	0	0.026699	0	0	0	0	0	0	0	0	0	0	0	0	0	0	0	0	0	0	0	0	0	0	0	0	0	0
K16524	NO_NAME	0	0	0	0	0	0	0	0	0	0	0	0	0	0	0	0.0152118	0	0	0	0	0	0	0	0	0	0	0	0.0142553	0	0	0	0	0	0	0	0	0	0	0	0	0	0
K16528	NO_NAME	0	0	0	0	0	0	0	0	0	0	0	0	0	0	0	0.0552832	0	0	0	0	0	0	0	0	0	0	0	0	0	0	0	0	0	0	0	0	0	0	0	0	0	0
K16586	NO_NAME	0	0	0	0	0	0	0	0	0	0	0	0	0	0	0	0.0603547	0	0	0	0	0	0	0	0	0	0	0	0	0	0	0	0	0	0	0	0	0	0	0	0	0	0
K16600	NO_NAME	0	0	0	0	0	0	0	0	0	0	0	0	0	0	0	0.0461376	0	0	0	0	0	0	0	0	0	0	0	0	0	0	0	0	0	0	0	0	0	0	0	0	0	0
K16604	NO_NAME	0	0	0	0	0	0	0	0	0	0	0	0	0	0	0	0.0269815	0	0	0	0	0	0	0	0	0	0	0	0	0	0	0	0	0	0	0	0	0	0	0	0	0	0
K16627	NO_NAME	0	0	0	0	0	0	0	0	0	0	0	0	0	0	0	0.0527767	0	0	0	0	0	0	0	0	0	0	0	0	0	0	0	0	0	0	0	0	0	0	0	0	0	0
K16633	NO_NAME	0	0	0	0	0	0	0	0	0	0	0	0	0	0	0	0.0969043	0	0	0	0	0	0	0	0	0	0	0	0	0	0	0	0	0	0	0	0	0	0	0	0	0	0
K16650	NO_NAME	0	0	0.293083	0	0	0	0	0	0	0	0	0	0	0	0	0	0	0	0	0	0	0	0	0	0	0	0	0	0	0	0.1704564	0.0564259	15.31915	0.75602	5.06643	0	0	0	0	0	22.9222	0.0429406
K16651	L-threonine kinase [EC:2.7.1.177]	0.0408711	0	0.1345761	0.184548	0	0	0.1023599	0.210795	0	2.109951	0.6107052	0	0	0.0710325	0.0734057	0.084317	0.116508	0.0595599	0.7040661	0.4341634	0	0.286004	0.0457821	0	0	0.107442	0	0	0	0	0.061946	0	0	0.0353591	0.2405621	0	0.72512	0	0	0	0	1.384936
K16656	NO_NAME	0	0	0	0	0	0	0	0	0	0	0	0	0	0	0	0	0	0	0	0	0	0	0	0	0	0	0	0	0.00760339	0	0	0	0	0	0	0	0	0	0	0	0	0
K16658	NO_NAME	0	0	0	0	0	0	0	0	0	0	0	0	0	0	0	0.0479698	0	0	0	0	0	0	0	0	0	0	0	0	0	0	0	0	0	0	0	0	0	0	0	0	0	0
K16660	NO_NAME	0	0	0	0	0	0	0	0	0	0	0	0	0	0	0	0.048639	0	0	0	0	0	0	0	0	0	0	0	0	0	0	0	0	0	0	0	0	0	0	0	0	0	0
K16661	NO_NAME	0	0	0	0	0	0	0	0	0	0	0	0	0	0	0	0.051163	0	0	0	0	0	0	0	0	0	0	0	0	0	0	0	0	0	0	0	0	0	0	0	0	0	0
K16666	NO_NAME	0	0	0	0	0	0	0	0	0	0	0	0	0	0	0	0.0766134	0	0	0	0	0	0	0	0	0	0	0	0	0	0	0	0	0	0	0	0	0	0	0	0	0	0
K16669	protocadherin Fat 4	0	0	0	0	0	0	0	0	0	0	0	0	0	0	0	0.0594408	0	0	0	0	0	0	0	0	0	0	0	0	0	0	0	0	0	0	0	0	0	0	0	0	0	0
K16692	NO_NAME	0	0.15267	1.0352764	0	0	0.0121292	0.8376198	0	0	0.79656087	0.0501701	0	9.564088	1.532217	0.925082	0.122325	0.711855	0.0129317	0	0	0	0.00963273	0.02886426	0	0	0	0.1438414	0.028015	0.6696	0	0	0.0125483	2.8636532	0.6339614	0	0.782015	0	0.04482079	0	0	0	0.4306521
K16693	NO_NAME	0	0	2.37602	0	0	0.0689427	0.371237	0.0209486	0	0	0.467277	0	7.08709	3.38155	7.19229	0	0.318457	0	0	0	0	0.0184724	0.13461	0	0	0	0.0946458	0.0425572	0.199267	0	0	0.0147359	3.10452	0.601746	0	1.28861	0	0.0463179	0	0	0	0.345923
K16695	NO_NAME	0	0.31286	2.1677	0	0	0.0121816	0.726613	0.0180071	0	0.0265105	0.184582	0	0.295721	1.78837	3.2171	0	0.184802	0.0271996	0	0	0	0	0.0167147	0	0	0	0.117822	0.025292	0.119505	0.0107366	0.0890736	0	2.52761	0.387879	0	0.329708	0	0	0	0	0	0.481016
K16697	NO_NAME	0	0	0	0	0	0	0	0	0	0	0	0	0	0	0	0	0	0	0	0	0	0	0	0	0	0	0	0	0	0	0	0	0	0	0	0	0	0	0	0.0335202	0	0
K16698	NO_NAME	0	0	0	0.301729	0	0	0	0	0	0	0	0	0	0	0	0	0	0	0	0	0	0	0	0	0	0	0	0	0	0	0	0	0.124361	0.120468	0	0	0	0	0	0	0.0485635	0
K16699	NO_NAME	0	0	0.0572207	0	0	0	0	0	0	0	0	0	0	0	0	0	0	0	0	0	0	0	0	0	0	0	0	0	0	0	0	0	0	0	0	0	0	0	0	0.117321	0	0
K16703	NO_NAME	0	0	2.21194	0	0	0	0.0229989	0	0	0	0.121884	0	0.79438	2.76605	8.23812	0	0.252584	0	0	0	0	0	0.0536369	0	0	0	0.128095	0.124584	1.40338	0	0.0595167	0	1.32413	0.213046	0	0.631181	0	0	0	0	0	0.524885
K16704	NO_NAME	0	0.547847	1.93995	0	0	0	1.725811	0	0	0.0623057	0.559626	0.0404645	2.82436	2.06955	10.6358	0	0.20055	0	0	0	0	0	0.205974	0	0	0	0.197482	0.249158	0.641099	0.0369808	0	0	5.16694	0.5622461	0	0.588167	0	0.0563558	0	0	0	0.5487894
K16705	NO_NAME	0	0	0.0807924	0	0	0	0	0	0	0	0	0	0	0	0	0	0	0	0	0	0	0	0	0	0	0	0	0	0	0	0	0	0	0	0.108017	0	0	0	0	0	0	0
K16706	NO_NAME	0	0	0	0	0	0	0	0	0	0	0	0	0	0	0	0	0	0	0	0	0	0	0	0	0	0	0	0	0	0	0	0	0	0	0	0	0	0	0	0.0826169	0	0
K16710	NO_NAME	0	0.132022	1.41113	0	0	0	0.134706	0.0136296	0	0.032631	0.309426	0.074338	1.8412	2.44475	9.94442	0	0.23927	0.0220116	0	0	0	0	0.104062	0	0	0	0.166058	0.030042	1.31871	0	0	0	3.82769	0.327821	0	0.521801	0	0.0109558	0	0	0	0.444257
K16711	NO_NAME	0	0.410861	2.24964	0	0	0.018252	0.08585	0.0778942	0	0	0.925148	0	2.09563	3.21809	12.0675	0	0.25875	0	0	0	0	0	0	0	0	0	0.214174	0	2.82414	0	0	0	3.82027	0.190059	0	0.442418	0	0	0	0	0	0.394288
K16772	NO_NAME	0	0	0	0	0	0	0	0	0	0	0	0	0	0	0	0.0297883	0	0	0	0	0	0	0	0	0	0	0	0	0	0	0	0	0	0	0	0	0	0	0	0	0	0
K16782	NO_NAME	0	0	0	0	0	0	0	0	0	0	0	0	0	0	0	0.0384448	0	0	0	0	0	0	0	0	0	0	0	0	0	0	0	0	0	0	0	0	0	0	0	0	0	0
K16783	biotin transport system permease protein	0	0	0.0674663	0	0	0	0	0	0	0	0	0	0	0	0	0	0	0	0	0	0	0	0	0	0	0	0	0	0	0	0.184582	0.0469377	0	0	0	0	0	0	0	0	0	0
K16784	biotin transport system ATP-binding protein [EC:3.6.3.-]	0	1.46577	0.0927056	0	0	0	0.200531	0.0550875	0	0.0552941	0.478617	0	0	0	0.0259334	0	0.0533635	0	0	0.3716463	0	0	0.0432445	0.0789544	0	0	0.335795	0.0356383	0	0	2.895473	0.181644	0	0.0572549	0	0.294019	0	0	0	0	0	0.1770902
K16785	energy-coupling factor transport system permease protein	166.6909254	201.4205119	68.4596963	95.7343623	128.9678599	112.5526176	83.5540906000001	78.9650628	47.5742055	116.8558117	96.0792829	27.8013225	46.9913804	12.5744821	4.183882	49.3906624	54.5735651	57.0424592	62.148438	106.2300794	68.3989985	178.1621712	251.0803673	107.8573255	86.1367892	70.7991836	60.4637742	34.5791523	123.106827	101.7770916	57.676573	58.5957523	78.8820029	60.5634321	46.3340985	51.0497013	99.4054754	88.3993299	74.6771343	97.5568234	115.7437042	74.9760013
K16786	energy-coupling factor transport system ATP-binding protein [EC:3.6.3.-]	62.8152352	83.9100332	39.025739	92.394978	124.7738216	43.4826708	36.3980534	58.6272362	41.0276702	69.5964988	70.5944354	15.5977123	61.1951534	22.5259971	7.856193	32.1896084	61.0400563	36.5036571	36.8791526	73.10905	62.9567386	103.3417216	163.140786	33.3114878	6.7029841	53.9970561	60.8643638	17.4052011	10.2083326	55.9093184	135.9116314	78.611555	47.3876679	49.5899049	55.0970713	42.251662	49.6953176	31.5577509	76.6292843	56.0519976	32.0555618	63.198034
K16787	energy-coupling factor transport system ATP-binding protein [EC:3.6.3.-]	57.5523252	83.1356272	37.82125	87.3282897	126.6853221	41.9412797	33.8597641	53.5934708	37.1095836	115.7329348	92.6003181	14.3105321	61.862756	16.1657925	4.9081197	26.427643	46.0011301	39.7953942	39.4945624	78.0755916	31.9521822	102.8945255	162.2561963	34.2789706	5.9381253	53.7077207	62.5977635	18.0783705	4.4582086	53.9208454	127.5371134	57.028878	43.5369167	25.4004665	56.0420353	45.6361642	49.3631472	30.2195955	71.5835277	55.3489593	32.7603633	74.5351534
K16788	NO_NAME	0	0	0.0485102	0.110623	0	0	3.98177	0	0	0	0	0	0	0	0	0	0	0	0	0	0	0	0	0	0.199033	0	0.038229	0	0	0.0822572	0.132756	0	0	0.0563388	0	0.0811567	0.087491	0.0670569	0	0	0	0.056424
K16789	NO_NAME	0.227686	0	0.7609292	0.8314943	0.257445	0.12791	4.134409	0.3865958	0.1729111	1.517149	1.9941815	7.422494	1.353546	0.2005223	0.066253	1.2269275	0.853462	0.6822598	2.059781	1.289155	0.15643	2.6158565	0.5545094	1.2546315	0.3123485	0.076468	0.096864	0.7750829	12.9299	1.5803716	24.5450535	4.1799671	0.34397	1.1092113	2.0086091	0.7250467	0.7854569	1.957149	0.221122	0.1165119	0.0811766	7.0704395
K16792	methanogen homoaconitase large subunit [EC:4.2.1.114]	0	0	0.238713	0	0	0	0	1.77448	0.0472776	0	0	0	0	0	0	0	0.553252	0	0	0	0	0	0	0	0	0	0	0	0	2.11777	0	0	0	0	0	0	0	0	1.96402	0	0	0
K16793	methanogen homoaconitase small subunit [EC:4.2.1.114]	0	0	0.240867	0	0	0	0	1.80449	0	0	0	0	0	0	0	0	0.753551	0	0	0	0	0	0	0	0	0	0	0	0	2.26639	0	0	0	0	0	0	0	0	2.46855	0	0	0
K16796	transcription factor SOX2 (SOX group B)	0	0	0	0	0	0	0	0	0	0	0	0.0111853	0	0	0	0.0147401	0	0	0	0	0	0	0	0	0	0	0	0	0	0	0	0	0	0	0	0	0	0	0	0	0	0
K16797	zinc finger protein GLI1	0	0	0	0	0	0	0	0	0	0	0	0	0	0	0	0.0266255	0	0	0	0	0	0	0	0	0	0	0	0	0	0	0	0	0	0	0	0	0	0	0	0	0	0
K16810	NO_NAME	0	0	0	0	0	0	0	0	0	0	0	0	0	0	0	0.0327327	0	0	0	0	0	0	0	0	0	0	0	0	0	0	0	0	0	0	0	0	0	0	0	0	0	0
K16824	low affinity immunoglobulin gamma Fc receptor II-c	0	0	0	0	0	0	0	0	0	0	0	0	0	0	0	0.0365063	0	0	0	0	0	0	0	0	0	0	0	0	0	0	0	0	0	0	0	0	0	0	0	0	0	0
K16839	FAD-dependent urate hydroxylase [EC:1.14.13.113]	0	0	1.91504	0	0	0.108543	1.562548	0.0266323	0	0.0386233	0	0	0	0	0	0.377779	0.166155	0	0	0	0	0	0.0503022	0	0	0	0	0	0	0	0.476699	0	0	0.1345405	0.297006	0	0	0	0	0	0	0.1936939
K16840	2-oxo-4-hydroxy-4-carboxy-5-ureidoimidazoline decarboxylase [EC:4.1.1.97]	0	0	0	0	0	0	0.131199	0	0	0.85306	0	0	0	2.75698	0	0	0	0	0	0	0	0	0	0.0384097	0	0	0	0	0	0	0	0	0.0414388	0.0481529	0	0.0371742	0	0	0	0	0	0.544975
K16841	allantoin racemase [EC:5.1.99.3]	0.152035	0.179344	0.403107	0	0	0	1.41763	0	0	0.047773	0	0	0.176844	0	0	0	0	0	0	0	0	0.372968	0.341935	0	0	0	0	0	0	0	0.210638	0	0	0.346982	0.0760668	0	0	0	0.0728299	0	0	0
K16842	allantoinase [EC:3.5.2.5]	0	0	1.97979	0	0	0.107167	0.745526	0	0	0	0	0	0	0	0	0.348376	0.0339439	0	0	0	0	0.065474	0	0	0	0	0	0	0	0	0.133076	0	0	0.086343	0.198842	0	0	0	0	0	0	0.0648551
K16845	(2R)-sulfolactate sulfo-lyase subunit alpha [EC:4.4.1.24]	0	0	0	0.326718	0	0	0	0	0	0	0.216017	0.0180456	0	0	0	0.590219	0	0	0	0	0	0.0632915	0.121577	0	0	0	0	0	0	0.205054	0.337262	0.0629699	0	0	0.0640715	0.536208	0	0	0	0.112647	0	0
K16846	(2R)-sulfolactate sulfo-lyase subunit beta [EC:4.4.1.24]	0	0	0	0.444995	0	0	0	0	0	0	0	0.0604073	0.194496	0	0	0.753098	0	0	0	0	0	0.185931	0	0	0	0	0	0	0	0.24643	0.243189	0.0672676	0	0	0.0684443	0.985489	0	0	0	0.197696	0	0
K16849	altronate dehydratase small subunit [EC:4.2.1.7]	0	0	0	0	0	0	0	0.122447	0	0	0	0.233545	0.900297	0.0643059	0	0	0.639173	0	0	0	0	0	0.797849	0	0	0	0.0709407	0	0	1.08935	0	0.2018128	0	0	0	0	0	0	0	0	0	0
K16850	altronate dehydratase large subunit [EC:4.2.1.7]	0.0896887	0.112789	0.146146	0	0	0	0	0.292797	0	0	0.265668	0.290204	0.59931	0	0	0	0.526482	0.213027	0.785974	0	0	0.2969033	0.9197414	0	0	0	0.0386759	0	0	0.973704	0	0.134535	0	0	0.126255	0	0.061005	0.146732	0	0	0	0
K16854	NO_NAME	0	0	0	0	0	0	0	0	0	0	0	0	0	0	0	0.040998	0	0	0	0	0	0	0	0	0	0	0	0	0	0	0	0	0	0	0	0	0	0	0	0	0	0
K16859	placenta growth factor	0	0	0	0	0	0	0	0	0	0	0	0	0	0	0	0.0762804	0	0	0	0	0	0	0	0	0	0	0	0	0	0	0	0	0	0	0	0	0	0	0	0	0	0
K16867	NUDT16-like protein 1	0	0	0	0	0	0	0	0	0	0	0	0	0	0	0	0.0227094	0	0	0	0	0	0	0	0	0	0	0	0	0	0	0	0	0	0	0	0	0	0	0	0	0	0
K16868	NO_NAME	0	0.266973	3.900238	0	0.0957622	0	0.3965213	0	0.279875	10.5057349	8.326728	0	5.31378	2.184126	3.2975265	0.0622594	0.207299	0.671746	0.745348	2.871207	0.0511661	0.040268	0.0605363	0.0728487	0	0	0.0581184	0.7040555	1.93294	0	0.332992	0.334777	3.91471	0.361474	0.766373	4.268317	0	0	0	0	0.323308	1.071582
K16869	NO_NAME	0	0	0	0	0	0	0	0	0	0	0	0	0	0	0	0	0	0	0	0	0	0	0	0	0	0	0	0	0	0	0	0	0	0	0	0	0.0625618	0	0	0.0368652	0	0
K16870	NO_NAME	0	0	0	0	0	0	0.0916679	0	0	0	0	0	0	0	0	0	0.0570974	0	0	0	0.053831	0	0	0.0963272	0	0	0	0	0	0	0.0789731	0	0	0	0	0	0	0	0	0	0	0.0635405
K16872	NO_NAME	0	0	0	0	0	0	0	0	0	0	0	0	0	0	0	0	0	0	0	0	0	0	0	0	0	0	0	0	0	0	0	0	8.05064	0	0	0	0	0	0	0	0	0
K16881	mannose-1-phosphate guanylyltransferase / phosphomannomutase [EC:2.7.7.13 5.4.2.8]	0.1751296	0.378181	0.142215	0	0.114839	0	0	0.405343	0.302662	0.198242	0.0945392	0.304403	1.4994336	0	0	0.663665	0.4199553	0	0	0.0746068	0	1.5757465	2.149345	0.168253	0.0690443	8.010029	0.33959	0.28901	0	0	0	0.573709	0.212239	0.131021	0.172907	0	0.239104	0.680967	0.362293	0	0	1.49358
K16885	NO_NAME	0	0	0	0.609211	0	0	0	0	0	0	0	0	0	0	0	0.725545	0	0	0	0	0	0.283238	0.0604527	0	0	0	0	0	0	0.0764705	0.251549	0	0	0	0	0	0	0	0	0	0	0
K16886	NO_NAME	0	0	0	0.465851	0	0	0	0	0	0	0	0	0	0	0	0.584375	0	0	0	0	0	0.249764	0.054168	0	0	0	0	0	0	0.0652577	0.223251	0.0360719	0	0	0.0734058	0	0	0	0	0	0	0
K16887	NO_NAME	0	0	0	0.495775	0	0	0	0	0	0	0	0	0	0	0	0.566198	0	0	0	0	0	0.206985	0	0	0	0	0	0	0	0.0715305	0.291182	0	0	0	0.0838144	0	0	0	0	0	0	0
K16898	NO_NAME	7.4727893	4.8489738	19.7780813	5.7570544	4.5478822	6.293444	14.8690252	14.9210938	13.8854294	51.9122731	55.7691843	2.494771	8.9506418	13.2313159	5.5416097	8.9427201	20.6097732	9.7568036	10.869771	24.958402	39.7243463	38.3520251	70.4011771	34.031955	1.764766	4.1431521	4.306869	2.6371447	5.7627	10.9105665	34.6129559	26.6915835	15.09332	29.5117085	12.2115347	13.5912017	2.8192705	7.1904282	9.333599	12.3388023	15.682469	20.3458826
K16899	NO_NAME	4.5037672	2.7240513	17.1678732	7.1331263	4.1160538	5.0739301	15.4483788	12.5109499	11.186814	42.1602394	48.2768014	3.5871873	7.781156	13.724438	5.5225586	5.6415392	20.3949993	6.0132525	6.4805745	23.4119499	42.561095	38.0766408	70.1329557	22.4641034	1.1608947	3.3396942	9.0653712	2.3781338	2.19753	10.7823712	35.2665161	25.6786995	11.038718	26.7213871	10.5209957	12.5407479	0.7224291	0.6801429	7.6907332	10.964201	13.6119783	13.9892121
K16904	dCTP diphosphatase [EC:3.6.1.12]	0	0	0	0	0	0	0	0	0	0	0	0	0	0	0	0.0670913	0	0	0	0	0	0	0	0	0	0	0	0	0	0	0	0	0	0	0	0	0	0	0	0	0	0
K16905	fluoroquinolone transport system permease protein	0.15258	0.113392	0	0	0	0	0	0	0	0	0	0.452023	0.232335	0	0	0.258019	0	0	0	0	0	0.428749	0.853	0	0	0	0.0616597	0	0	0.181903	0	0	0	0	0	0	0	0	0.213791	0.330201	0	0.0924983
K16906	fluoroquinolone transport system permease protein	0	0	0	0	0	0	0	0	0	0	0	0.0629785	0	0	0	0.248688	0	0	0	0	0	0	0	0.0444978	0	0	0	0	0	0	0.0782308	0	0	0	0	0	0	0.164503	0	0	0	0
K16907	fluoroquinolone transport system ATP-binding protein [EC:3.6.3.-]	0	0	0	0.063372	0	0	0	0	0	0	0	0.471117	0.151343	0	0	0.356185	0.0393337	0	0	0.173214	0.336796	0.196422	0	0.0614856	0	0	0.222453	0.071891	0	0.238641	0	0.073284	0.146286	0.157846	0	0.0359725	0.0494022	0.366019	0.0527389	0	1.13762	0.839063
K16914	NO_NAME	0	0	0	0	0	0	0	0	0	0	0	0	0	0	0	0.0850513	0	0	0	0	0	0	0	0	0	0	0	0	0	0	0	0	0	0	0	0	0	0	0	0	0	0
K16915	nickel transport protein	0	0	0	0.352952	0	0	0	0	0	0	0	0	0	0	0	0.775172	0	0	0	0	0	0.1575	0	0	0	0	0	0	0	0.127568	0.209817	0	0	0	0.0664335	0	0	0	0	0	0	0
K16917	putative peptide transport system ATP-binding protein	0	0	0	0	0	0	0	0	0	0	0	0	0	0	0	0	0	0	0	0	0	0	0	0	0	0	0	0	0	0	0	0.0531309	0	0	0	0	0	0	0	0	0	0
K16918	acetoin utilization transport system permease protein	0	0	0.0645027	0	0	0	0	0	0	0	0	0	0	0	0	0	0	0	0	0	0	0	0	0	0	0	0	0	0	0	0	0	0	0	0	0	0	0	0	0	0	0
K16919	acetoin utilization transport system permease protein	0	0	0	0	0	0	0	0	0	0	0	0	0	0	0	0	0	0	0	0	0	0	0	0	0	0	0	0	0	0	0	0	0	0	0	0	0	0	0	0.0948344	0	0
K16920	acetoin utilization transport system ATP-binding protein	0	0	0.0346881	0	0	0	0	0	0	0	0	0	0	0	0	0	0	0	0	0	0	0	0	0	0	0	0	0	0	0	0	0	0	0	0	0	0	0	0	0.0478065	0	0
K16922	NO_NAME	0	0	0	0	0	0	0.0318983	0	0	0	0	0	0	0	0	0	0	0	0	0	0	0	0.0796125	0.112165	0.00753852	0	0	0	0	0	0.0705213	0	0	0	0	0	0	0	0	0	0	0.0811856
K16923	NO_NAME	0.914417	1.300269	1.775545	5.461571	3.4770054	4.1581003	2.15275	3.925121	2.880923	43.4748755	30.9527573	0.385593	0.3181063	2.2040995	0.8459485	1.525267	1.880465	6.25446	6.54832	11.926457	2.5898622	0.6813396	1.015567	3.322556	0.7064502	1.498335	2.1390736	0.8340335	0.0924007	1.7085617	1.640292	2.0474482	0.882663	1.9334838	3.515138	6.933983	0.5340677	0.630119	2.0455858	4.7052311	1.99942	5.3214351
K16924	NO_NAME	4.7163201	4.261434	2.5018468	28.7509265	14.633943	12.925063	14.8021244	14.8656082	12.2655249	6.5614651	6.382654	3.4681	6.215073	1.2826373	0.3381736	2.462888	6.071548	6.1235256	9.4053568	11.5180603	12.071693	7.263915	9.6502029	13.2505588	2.7262657	6.5009956	9.8214463	0.454699	5.69023	11.3947664	4.6184969	5.7511688	7.3042764	6.127107	5.6145986	6.9367242	3.5593009	7.2426842	11.6095	18.359184	9.5412501	8.2860311
K16925	NO_NAME	4.87039	62.94303	12.8017253	14.344966	127.480707	24.1332481	9.2862128	15.6541823	15.5186724	1.58666	0.0747317	2.2976396	16.6918522	0.2843915	0.0707315	0.591942	1.589414	9.6243498	2.994685	21.51977	0.621733	37.3613816	85.9757038	0.3245017	0.1595894	38.282272	44.421747	0	5.70322	0.3576622	24.173972	9.68994	21.3900862	0.4463566	13.664339	1.8755987	30.665	11.17172	10.8896	0.506937	15.9491781	4.6846879
K16926	NO_NAME	22.0873987	34.5335192	8.2435109	23.8491285	6.692028	16.1724668	8.8649156	12.0227867	8.1496574	14.1371661	8.4878349	1.688508	7.496662	0.4145864	0.488033	11.97319	3.1762793	5.9724676	3.0591585	14.2785138	4.2305617	21.897753	36.7139744	24.5862275	0.5607043	10.531627	12.0367937	3.8517418	8.354217	5.3515076	9.5702306	6.6930631	14.064848	9.6754789	8.8668502	7.086516	10.298049	4.7349568	2.5298168	2.7697155	6.6830836	7.72719
K16927	NO_NAME	2.314667	1.372718	2.7907292	5.84136	6.697729	9.04849	5.063579	4.295119	6.604562	0.715164	2.00111	0.0626267	5.75102	1.22438	0.34218	1.113293	5.839474	3.5780813	1.6274187	7.823146	11.457544	2.1033399	1.7576437	0.305436	0.144718	15.033743	12.028022	2.15307	0	4.2829279	3.342951	6.182458	5.66815	6.05388	5.679692	4.162983	4.17817	5.8776	6.8351011	10.50323	10.1959	8.87396
K16936	thiosulfate dehydrogenase [quinone] small subunit [EC:1.8.5.2]	0	0.0722289	0	0	0	0.0853341	0.2236322	0.259007	0	0.150657	0	17.407917	0.120245	0	0	6.8636	0.208002	0.138783	0	0.186772	0.168483	0.946155	0.213275	0	0.630857	0.203478	0.0490954	7.67486	54.71464	0.62741	0	0.184381	0.0913214	0.0868236	0.10751	0	0.0777039	0.458836	0.136182	0	0	1.017256
K16937	thiosulfate dehydrogenase [quinone] large subunit [EC:1.8.5.2]	0	0.0722289	0	0	0	0.0853341	0.2236322	0.259007	0	0.150657	0	17.407917	0.120245	0	0	6.8636	0.208002	0.138783	0	0.186772	0.168483	0.946155	0.213275	0	0.630857	0.203478	0.0490954	7.67486	54.71464	0.62741	0	0.37173	0.1514248	0.0868236	0.10751	0.4729904	0.1307656	0.458836	0.136182	0	0	1.017256
K16950	anaerobic sulfite reductase subunit A	0	0	0	0	0	0	0	0.293874	0	0	0	0	0	0.1359309	0	0	0.0846597	0	0	0	0	0	0	0	0	0.204881	0	0	0	0	0.244507	0.175882	0	0	0	1.00823	0	0	0	0	0	0
K16951	anaerobic sulfite reductase subunit B	0	0	0	0	0	0	0	0	0	0	0	0	0	0.0526411	0.0514746	0	0	0	0	0	0	0	0	0	0	0	0	0	0	0	0	0.0893492	0	0	0	0	0	0	0	0	0	0
K16956	L-cystine transport system substrate-binding protein	0	0	0.0677716	0	0	0	0	0	0	0	0	0	0	0	0	0	0	0	0	0	0	0	0	0	0	0	0	0	0	0	0	0	0	0	0	0	0	0	0	0.039701	0	0
K16957	L-cystine transport system substrate-binding protein	0	0	0.36556	0	0.6382355	0	0.344008	0.18444	0.168933	18.3219508	17.7349	0	0	1.21939	0.593919	0.654427	0	1.84092	4.26811	8.13081	0.0968687	0	0.658473	0.240797	0.2088876	0	0.1474089	0.151202	0	0	0.254004	0.812783	0.486862	1.07256	0.904775	0.7789795	0.0839218	0.122517	0	0.0926356	0.79557	1.4479921
K16958	L-cystine transport system permease protein	0	0	0.0914858	0	0.0367023	0	0	0	0.0455358	0	0	0	0	0	0	0	0	0	1.68074	0	0	0	0.577338	0	0.130174	0	0.232674	0	0	0	0	0.227831	0	0	0	0.8290564	0	0	0	0.0918734	0.132555	0.368599
K16959	L-cystine transport system permease protein	0.142692	0	0.6538662	0.558523	0.237734	0.203139	0.352144	0.147758	0.3072338	13.893	9.73783	0	0	0.173877	0.231662	0.115406	0	0.371933	0.539688	3.290837	0	0	0.4397964	1.1163188	0.128638	0	0	0.186354	0	0	0.356103	0.701587	0.0786217	1.49503	0.692616	5.0563079	0.0541054	0.0415013	0	0.2087141	0.443922	1.5498699
K16960	L-cystine transport system ATP-binding protein [EC:3.6.3.-]	0	0	0	0	0	0	0	0	0	0	0	0	0	0	0	0	0	0	0	0	0	0	0	0	0	0	0	0	0	0	0	0.318062	0	0	0	0.212898	0	0	0	0.0383699	0	0.115151
K16961	putative amino-acid transport system substrate-binding protein	0	0	0	0	0	0	0	0	0	0	0	0	0	0	0	0	0	0	0	0	0	0	0	0	0	0	0	0	0	0	0	0	0	0	0	0	0	0	0.0991224	0.0683326	0	0
K16962	putative amino-acid transport system permease protein	0	0	0.0720651	0	0	0	0	0	0	0	0	0	0	0	0	0	0	0	0	0	0	0	0	0	0	0	0	0	0	0	0	0	0	0	0	0	0	0	0	0	0	0
K16963	putative amino-acid transport system ATP-binding protein [EC:3.6.3.-]	0	0	0.032156	0	0	0	0	0	0	0	0	0	0	0	0	0	0	0	0	0	0	0	0	0	0	0	0	0	0	0	0	0	0	0	0	0	0	0	0	0	0	0
K17073	putative lysine transport system substrate-binding protein	0.850715	0.5949216	0.7913233	6.4524518	2.90047	3.19826	1.49694	4.44076	3.0762	1.5543622	1.4635836	1.908017	0.180059	0.7421721	0.0310696	3.118394	1.7908428	1.41514	0.858704	1.848612	2.25085	0.774785	0.607885	8.4423668	0.255847	1.44609	2.4109864	0	2.825893	1.5701413	2.411684	1.1571447	0	0.1172021	0.6219751	3.3096304	0.063674	0.2389271	2.2019533	6.49919	0.819846	1.2124723
K17074	putative lysine transport system permease protein	1.0387253	0.630644	0.5450797	4.7587218	2.13407	2.453553	0.79199	2.31466	1.78651	1.8313262	1.2462476	1.510782	0.700884	0.45071	0.070571	2.316925	1.8839389	0.962497	0.5266253	1.953789	1.667993	0.566669	0.435741	7.5388868	0.0645355	0.751146	2.5539974	0.698062	2.825893	1.3092733	2.3183436	1.7052327	0.478311	0.4765142	0.4323241	3.4671334	0.563651	4.5681961	1.7658375	5.837905	0.291012	4.5071483
K17076	putative lysine transport system ATP-binding protein [EC:3.6.3.-]	0.0432315	0.0332776	0.0423543	3.05869	0	0	0	0.0406979	0	0.183017	0.142198	0.552016	0.845733	24.545551	0.020733	1.296766	0.44941	0.233933	0.2948613	0.347927	1.3725043	0.316458	0.193418	0	0	0.214366	0.420602	0.772162	0	0.264111	1.878173	0.901933	0.526482	0.769773	0.171137	4.035836	0.260485	1.627902	0.633399	0.354501	4.49459	3.4431604
K17080	NO_NAME	0	0	0	0	0	0	0	0	0	0	0	0	0	0	0	0.02123622	0	0	0	0	0	0	0	0	0	0	0	0	0	0	0	0	0	0	0	0	0	0	0	0	0	0
K17103	CDP-diacylglycerol---serine O-phosphatidyltransferase [EC:2.7.8.8]	40.051136	28.0105173	2.605532	24.8384684	21.29311	30.629323	30.81644	10.8074194	14.04746	9.355004	8.525387	3.0847797	9.611355	6.647434	1.2799867	11.1361541	6.601534	9.743738	10.9142816	32.3464924	26.406923	9.3892727	8.813569	19.2428454	15.5376114	16.009814	23.2874729	22.58959	0.175032	8.9149338	5.334274	13.1858171	28.393263	14.6431591	11.430841	2.472856	32.6683964	36.3786924	53.1793385	87.713635	51.280937	0.521307
K17104	phosphoglycerol geranylgeranyltransferase [EC:2.5.1.41]	0	0	0.386019	0	0	0	0	5.98557	0.30493	0	0	0	0	0	0	0	4.150265	0	0	0	0	0	0	0	0	0	0	0	0	7.21933	0	0	0	0	0	0	0	0	9.08425	3.59396	0	0
K17105	geranylgeranylglycerol-phosphate geranylgeranyltransferase [EC:2.5.1.42]	0	0	0.167909	0	0	0	0	7.41624	0.325909	0	0	0	0	0	0	0	4.531634	0	0	0	0	0	0	0	0	0	0	0	0	7.4983	0	0	0	0	0	0	0	0	6.94562	2.58721	0	0
K17108	non-lysosomal glucosylceramidase [EC:3.2.1.45]	0	0	0	0	0	0	0	0	0	0	0.0376942	0.652828	0.0730829	0	0	1.32973	0.0505351	0	0	0	0	0.495909	0.18022	0	0	0.0898724	0	0.137354	0	2.17478	0	0	0	0	0	0	0	0	0	0	0	0
K17195	D-allulose-6-phosphate 3-epimerase [EC:5.1.3.-]	0.849792	1.379943	3.566696	2.4753	5.77008	17.0796674	15.379928	2.9958847	6.824266	9.0498105	5.318028	0.0232769	0.717186	1.597636	0.171205	0.0967572	0.4224837	4.8744205	5.28633	42.890097	30.689	3.20212	3.443358	0	0	8.16825	3.238452	1.77466	0.319426	3.07581	4.966992	4.294431	17.686451	13.26046	3.07869	0	24.32676	33.6219157	54.2991	78.767	8.38552	0.532475
K17197	NO_NAME	0	0	0	0	0	0	0	0	0	0	0	0	0	0	0	0.00993035	0	0	0	0	0	0	0	0	0	0	0	0	0	0	0	0	0	0	0	0	0	0	0	0	0	0
K17200	NO_NAME	0	0	0	0	0	0	0	0	0	0	0	0	0	0	0	0.0335988	0	0	0	0	0	0	0	0	0	0	0	0	0	0	0	0	0	0	0	0	0	0	0	0	0	0
K17203	erythritol transport system permease protein	0	0	0.52272	0	0	0	0.836357	0	0	0	0	0	0	0	0	0	0	0	0	0	0	0	0.0449394	0	0	0	0	0	0	0	0	0	0	0.471802	0.110911	0	0	0	0	0	0	0
K17213	inositol transport system substrate-binding protein	0	0	5.39881	0	0	0	0	0.00619987	0	0	0.252928	0	0	0	0	0.0641542	0.105614	0	0	0	0	12.3987521	25.1104	0	0	0	0	0	0	0	0.28051208	0	0	0.0358086	0.397359	0	0	0	0	0	0	0
K17214	inositol transport system permease protein	0	0.213607	1.41921	0	0	0	0	0	0	0.206429	1.40835	0	0	0	0	0	0	0.291621	0.19568	0.0181815	0	0	0	0	0	0	0	0	0	0	0	0	0	0	0	0	0	0	0	0	0	0
K17216	O-acetylserine dependent cystathionine beta-synthase	0	0	0.0774032	0	0	0.0378088	0	0	0	0	0	0	0	0	0	0	0	0	0	0	0	0	0	0	0	0	0	0	0	0	0	0	0	0	0	0	0	0	0	0.0906864	0.0549986	0
K17217	cystathionine gamma-lyase / homocysteine desulfhydrase [EC:4.4.1.1 4.4.1.2]	0	0	0.105582	0	0	0	0	0	0	0	0	0	0	0	0	0	0	0	0	0	0	0	0	0	0	0	0	0	0	0	0	0	0	0	0	0	0.0432829	0	0	0.0706861	0	0
K17218	sulfide:quinone oxidoreductase [EC:1.8.5.4]	0	0	0	0.331206	0	0	0	0	0	0	0	0.208337	0.136137	0	0	0.640485	0	0	0	0	0	0.131523	0.0827252	0	0	0	0	0	0	0.126751	0.175117	0	0	0	0.0712956	0	0	0	0	0	0	0
K17234	arabinosaccharide transport system substrate-binding protein	0	0.069105	0.065347	0	0.123629	0.134721	0.370865	1.29983	0.783376	0	0	0	0.154868	0.1134429	0	0	0.0774045	3.590628	2.667597	0.408176	0.179213	0.476864	0.0439183	0.864641	0.304434	0.858142	0.1540954	0.687615	0	1.690117	0.30632	0.123485	0.0556002	0.277818	0.194063	0.193929	0.141693	0	0	0.3778541	1.924323	0.465886
K17235	arabinosaccharide transport system permease protein	0.0797827	0.0847022	0.0470991	0.0590454	0.0797537	0	0.231135	1.67081	0.907044	0	0	0	0.3365618	0.0798638	0	0.118518	0.209464	3.710419	2.458546	0.242082	0.104601	0.366023	0.087887	0.870219	0.197302	0.820865	0.080789	0.536717	0	1.1637037	0.414466	0.227602	0.0973562	0.169695	0.116259	0.179476	0.0184366	0	0	0.1882602	1.830843	0.328573
K17236	arabinosaccharide transport system permease protein	0	0.0731898	0	0	0	0.0679448	0.277388	1.40763	0.472577	0	0	0	0.432246	0.0713309	0	0.0836343	0.198739	3.638479	2.714532	0.209179	0.187462	0.634197	0	1.11232	0.0967491	0.989053	0.1888007	0.635456	0	1.19546	0.479266	0.149139	0.127588	0.125451	0.109029	0.327279	0.0740773	0	0	0.350991	2.252023	0.445452
K17241	alpha-1,4-digalacturonate transport system substrate-binding protein	0	0	0	0	0	0	0	0	0	0	0	0	0	0	0	0	0	0	0	0	0	0	0	0	0	0	0	0	0	0	0.0649274	0	0	0	0	0	0	0	0	0	0	0
K17247	NO_NAME	0	0.230291	8.6814832	0	0	0.4420053	3.718734	0.1301837	0	0.501783	0.426594	0.0474975	4.854875	5.87973	10.7115	0.96441	0.789845	0	0	0	0	0.0744606	0.4721237	0	0	0	0.0707944	0.182801	1.024134	0	0.938777	0	16.8925384	1.415513	0.489958	0.360613	0	0	0	0	0	1.0400119
K17248	NO_NAME	0	0	0	0	0	0	0	0	0	0	0	0	0	0	0	0	0	0	0	0	0	0	0	0	0	0	0	0	0.077047	0	0	0	0	0	0	0	0	0	0	0	0	0
K17251	NO_NAME	0	0	0	0	0	0	0	0	0	0	0	0	0	0	0	0	0	0	0	0	0	0	0	0	0	0	0	0	0.0757113	0	0	0	0	0	0	0	0	0	0	0	0	0
K17260	NO_NAME	0	0	0	0	0	0	0	0	0	0	0	0	0	0	0	0.00703744	0	0	0	0	0	0	0	0	0	0	0	0	0	0	0	0	0	0	0	0	0	0	0	0	0	0
K17278	NO_NAME	0	0	0	0	0	0	0	0	0	0	0	0	0	0	0	0.0493681	0	0	0	0	0	0	0	0	0	0	0	0	0	0	0	0	0	0	0	0	0	0	0	0	0	0
K17282	NO_NAME	0	0	0	0	0	0	0	0	0	0	0	0	0	0	0	0.0711466	0	0	0	0	0	0	0	0	0	0	0	0	0	0	0	0	0	0	0	0	0	0	0	0	0	0
K17288	NO_NAME	0	0	0	0	0	0	0	0	0	0	0	0	0	0	0	0.0273514	0	0	0	0	0	0	0	0	0	0	0	0	0	0	0	0	0	0	0	0	0	0	0	0	0	0
K17291	NO_NAME	0	0	0	0	0	0	0	0	0	0	0	0	0	0	0	0.0208966	0	0	0	0	0	0	0	0	0	0	0	0	0	0	0	0	0	0	0	0	0	0	0	0	0	0
K17300	NO_NAME	0	0	0	0	0	0	0	0	0	0	0	0	0	0	0	0.0389228	0	0	0	0	0	0	0	0	0	0	0	0	0	0	0	0	0	0	0	0	0	0	0	0	0	0
K17309	NO_NAME	0	0	0	0	0	0	0	0	0	0	0	0	0	0	0	0.0346535	0	0	0	0	0	0	0	0	0	0	0	0	0	0	0	0	0	0	0	0	0	0	0	0	0	0
K17315	glucose/mannose transport system substrate-binding protein	0	0	0	0.143389	0.1165	0	0.0634071	0	0.0633277	0.0664211	0.0722265	0	0	0	0.0491791	0.0790321	0.165242	0.0410799	0.0559366	0.191587	0.111516	0	0.052908	0.653736	0	0	0.077008	0.0427928	0	0	0.163502	0.0872452	0.300517	0.0732906	0	0.0678966	0	0	0	0	0.0536989	0.180939
K17316	glucose/mannose transport system permease protein	0	0	0	0	0	0	0	0	0	0	0	0	0	0	0	0	0	0	0	0	0	0	0	0.202902	0.0303379	0	0	0.0442015	0	0.0490446	0	0	0	0	0.0230233	0	0	0	0	0	0	0
K17317	glucose/mannose transport system permease protein	0	0	0	0.125126	0.217299	0	0	0	0	0.198212	0	0	0	0	0.081442	0	0.169721	0	0.0515332	0.0977157	0	0	0	0.369589	0.0536993	0	0	0	0	0	0.258328	0.0844065	0	0	0.0322882	0	0	0	0	0	0	0.132056
K17318	putative aldouronate transport system substrate-binding protein	2.8399822	8.0298124	3.3515495	6.8095826	4.4133428	5.0797157	3.9480443	19.0944294	10.3280438	19.6687918	8.0581246	0.633494	3.0951098	6.7009925	0.33273	4.3983671	18.717865	19.402304	22.1024423	3.305655	2.6093117	4.456158	5.4897553	11.9724973	22.4793933	15.35751	7.2666235	2.2939041	0	8.0077852	7.0346116	1.934669	7.4848593	23.3317131	9.1615239	9.5803541	12.47793	4.7063603	4.2459155	8.596698	27.7679648	6.7294335
K17319	putative aldouronate transport system permease protein	20.854838	53.376024	28.7120563	28.855228	105.1214901	67.4604325	47.8596821	39.7990001	34.7167446	46.0530767	28.9856673	1.7324874	19.8479551	53.6813484	11.0576277	4.6144445	32.5376038	46.8912802	49.4068948	40.2389793	13.105814	31.1106049	60.9960416	41.7059987	32.5183434	54.2324014	67.2092722	17.0952695	0	9.6793632	33.906126	19.625098	17.1058826	28.7171631	34.6775045	23.5958554	59.5374345	41.3519943	21.0511196	29.1085866	58.2092048	9.802204
K17320	putative aldouronate transport system permease protein	4.465821	41.0744536	15.6596358	26.8648783	99.28852	60.843617	41.393225	21.9576464	24.0528309	21.1005219	17.7351703	1.51837	17.5700665	10.3925788	2.3629214	3.8440198	11.0476462	29.1355074	24.8913692	39.9644781	14.8492852	27.0539924	62.600519	28.7103846	9.3135422	37.136014	60.1198681	4.682886	0.171252	5.0524934	32.828657	19.395167	4.4292933	4.5833356	24.3690402	11.5529526	68.7943374	30.4672471	18.806954	26.1868038	26.9320741	5.131426
K17326	xylobiose transport system substrate-binding protein	0	0	0	2.67908	9.26428	10.0473	4.16108	0	0	0	0	0	0	0	0	0	0.131171	0.687966	0.133727	0	0	0	0	0	0	0	0	0	0	0	0	0	0	0	0	0	0	0	0	0	0	0
K17331	N,N'-diacetylchitobiose transport system permease protein	11.2241	0.285012	2.56372	2.31793	2.2619	18.1053	7.49343	4.13012	0.688507	0.47792	0	0.239857	1.20445	0	0	0.903939	0.483699	1.343	0.770844	2.02997	0	0.756933	2.25493	0	0	1.36368	1.60148	2.7297	0	0.706606	3.40454	3.49738	0.600582	0	0.194812	0.977414	9.48657	3.37661	0	0	0.715874	4.397
K17343	NO_NAME	0	0	0	0	0	0	0	0	0	0	0	0	0	0	0	0.0447497	0	0	0	0	0	0	0	0	0	0	0	0	0	0	0	0	0	0	0	0	0	0	0	0	0	0
K17344	NO_NAME	0	0	0	0	0	0	0	0	0	0	0	0	0	0	0	0.0617173	0	0	0	0	0	0	0	0	0	0	0	0	0	0	0	0	0	0	0	0	0	0	0	0	0	0
K17363	urocanate reductase [EC:1.3.99.33]	3.15132	0.648813	0	5.35524	0.776444	0.241039	0.414388	0	0	0.195362	0.250946	0.44751	0.106678	0	0	0.153925	0.135245	0.0834346	0	0.936438	1.01859	0.720417	0.913188	0	0	0.259058	1.10068	0.502384	0.291755	0.0938758	0.174383	0.117018	3.34415	1.90491	0	0	0.997978	0.541474	0.555576	0.572996	1.06967	0
K17383	protein sprouty homolog 2	0	0	0	0	0	0	0	0	0	0	0	0.0375236	0	0	0	0.108635	0	0	0	0	0	0	0	0	0	0	0	0	0	0	0	0	0	0	0	0	0	0	0	0	0	0
K17385	NO_NAME	0	0	0	0	0	0	0	0	0	0	0	0	0	0	0	0.0939003	0	0	0	0	0	0	0	0	0	0	0	0	0	0	0	0	0	0	0	0	0	0	0	0	0	0
K17398	DNA (cytosine-5)-methyltransferase 3A [EC:2.1.1.37]	0	0	0	0	0	0	0	0	0	0	0	0	0	0	0	0	0.109481	0.499907	0.247097	0	0	0.248656	0.325281	0.108195	0.208514	0	0	0	0	0.144943	0.0704134	0.303379	0	0	0	0	0	0	0.356293	0.15698	0	0.67163
K17412	NO_NAME	0	0	0	0	0	0	0	0	0	0	0	0	0	0	0	0.0365597	0	0	0	0	0	0	0	0	0	0	0	0	0	0	0	0	0	0	0	0	0	0	0	0	0	0
K17422	NO_NAME	0	0	0	0	0	0	0	0	0	0	0	0	0	0	0	0.122148	0	0	0	0	0	0	0	0	0	0	0	0	0	0	0	0	0	0	0	0	0	0	0	0	0	0
K17427	NO_NAME	0	0	0	0	0	0	0	0	0	0	0	0	0	0	0	0.0430467	0	0	0	0	0	0	0	0	0	0	0	0	0	0	0	0	0	0	0	0	0	0	0	0	0	0
K17436	NO_NAME	0	0	0	0	0	0	0	0	0	0	0	0	0	0	0	0.0527768	0	0	0	0	0	0	0	0	0	0	0	0	0	0	0	0	0	0	0	0	0	0	0	0	0	0
K17442	zinc finger protein ZFPM2	0	0	0	0	0	0	0	0	0	0	0	0	0	0	0	0.0260054	0	0	0	0	0	0	0	0	0	0	0	0	0	0	0	0	0	0	0	0	0	0	0	0	0	0
K17444	NO_NAME	0	0	0	0	0	0	0	0	0	0	0	0	0	0	0	0.0588918	0	0	0	0	0	0	0	0	0	0	0	0	0	0	0	0	0	0	0	0	0	0	0	0	0	0
K17454	transcription factor E2F1	0	0	0	0	0	0	0	0	0	0	0	0.0350318	0	0	0	0.0185215	0	0	0	0	0	0	0	0	0	0	0	0	0	0	0	0	0	0	0	0	0	0	0	0	0	0
K17455	NO_NAME	0	0	0	0	0	0	0	0	0	0	0	0	0	0	0	0.0756701	0	0	0	0	0	0	0	0	0	0	0	0	0	0	0	0	0	0	0	0	0	0	0	0	0	0
K17460	Bcl-2-modifying factor	0	0	0	0	0	0	0	0	0	0	0	0	0	0	0	0.0352021	0	0	0	0	0	0	0	0	0	0	0	0	0	0	0	0	0	0	0	0	0	0	0	0	0	0
K17462	putative AdoMet-dependent methyltransferase [EC:2.1.1.-]	0	0	0	0	0	0	0	0	0	0	0	0	0	0	0	0	0	0	0	0	0	0	0	0	0	0	0	0	0	0	0	0	0	0	0	0	0	0.212956	0	0.0534995	0	0
K17463	2-dehydro-3-deoxy-phosphogluconate aldolase [EC:4.1.2.14]	0	0.243473	0	0	0	0	0.747435	0	0	0	0	0	0	0	0	0	0	0	0	0	0	0	0	0	0	0	0	0	0	0	0	0	0	0.0426809	0	0	0	0	0	0	0	0
K17467	PTS system, D-glucosaminate-specific IID component	0	0	0	0	0	0	0	0	0	0	0	0	0	0	0	0	0	0	2.04158	0	0	0	0	0	0	0	0	0	0	0	0	0	0	0	0	0	0	0	0	0	0	0
K17472	NO_NAME	0	0	0	0	0	0	0	0	0	0	0	0	0	0	0	0	0	0	0	0	0	0	0	0	0	0	0	0	0	0	0	0	0	0	0	0	0	0	0	0.0719833	0	0
K17473	NO_NAME	0	0.443588	0	0	0	0	0.959055	0	0	0	0	0	0	0	0	0	0	0	0	0	0	0	0.052665	0	0	0	0	0	0	0	0.18219	0	2.81676	1.01129	0	0	0	0	0	0	0	1.27162
K17485	NO_NAME	0	0	0	0	0	0	0	0	0.0746204	0	0	0	0	0	0	0	0	0	0	0	0	0	0	0	0	0	0	0	0	0	0	0	0	0	0	0	0	0	0	0	0	0
K17488	NO_NAME	0	0	0.312032	0	0	0	0	7.87079	0.384424	0	0	0	0	0	0	0	6.235243	0	0	0	0	0	0	0	0	0	0	0	0	7.77687	0	0	0	0	0	0	0	0	8.6243	2.95814	0	0
K17489	methylmalonyl-CoA carboxyltransferase 12S subunit [EC:2.1.3.1]	0	0	0	0	0	0	0	0	0	0	0	0	0	0	0	0	0	0	0	0.0457586	0	0	0	0	0	0	0	0	0	0	0	0	0	0	0	0.0609942	0	0	0	0	0	0
K17502	NO_NAME	0	0	0	0	0	0	0	0	0	0	0	0	0	0	0	0.0269592	0	0	0	0	0	0	0	0	0	0	0	0	0	0	0	0	0	0	0	0	0	0	0	0	0	0
K17528	NO_NAME	0	0	0	0	0	0	0	0	0	0	0	0.0354919	0	0	0	0.0498294	0	0	0	0	0	0	0	0	0	0	0	0	0	0	0	0	0	0	0	0	0	0	0	0	0	0
K17530	NO_NAME	0	0	0	0	0	0	0	0	0	0	0	0	0	0	0	0.0560556	0	0	0	0	0	0	0	0	0	0	0	0	0	0	0	0	0	0	0	0	0	0	0	0	0	0
K17532	STE20-related kinase adapter protein beta	0	0	0	0	0	0	0	0	0	0	0	0	0	0	0	0.0565368	0	0	0	0	0	0	0	0	0	0	0	0	0	0	0	0	0	0	0	0	0	0	0	0	0	0
K17539	NO_NAME	0	0	0	0	0	0	0	0	0	0	0	0	0	0	0	0.00962209	0	0	0	0	0	0	0	0	0	0	0	0	0	0	0	0	0	0	0	0	0	0	0	0	0	0
K17563	NO_NAME	0	0	0	0	0	0	0	0	0	0	0	0	0	0	0	0.0407987	0	0	0	0	0	0	0	0	0	0	0	0	0	0	0	0	0	0	0	0	0	0	0	0	0	0
K17565	NO_NAME	0	0	0	0	0	0	0	0	0	0	0	0	0	0	0	0.086617	0	0	0	0	0	0	0	0	0	0	0	0	0	0	0	0	0	0	0	0	0	0	0	0	0	0
K17582	NO_NAME	0	0	0	0	0	0	0	0	0	0	0	0	0	0	0	0.0660388	0	0	0	0	0	0	0	0	0	0	0	0	0	0	0	0	0	0	0	0	0	0	0	0	0	0
K17595	NO_NAME	0	0	0	0	0	0	0	0	0	0	0	0	0	0	0	0.1352542	0	0	0	0	0	0	0	0	0	0	0	0	0	0	0	0	0	0	0	0	0	0	0	0	0	0
K17599	NO_NAME	0	0	0	0	0	0	0	0	0	0	0	0	0	0	0	0.0594667	0	0	0	0	0	0	0	0	0	0	0	0	0	0	0	0	0	0	0	0	0	0	0	0	0	0
K17604	NO_NAME	0	0	0	0	0	0	0	0	0	0	0	0	0	0	0	0.0651168	0	0	0	0	0	0	0	0	0	0	0	0	0	0	0	0	0	0	0	0	0	0	0	0	0	0
K17606	NO_NAME	0	0	0	0	0	0	0	0	0	0	0	0	0	0	0	0.0457298	0	0	0	0	0	0	0	0	0	0	0	0	0	0	0	0	0	0	0	0	0	0	0	0	0	0
K17617	NO_NAME	0	0	0	0	0	0	0	0	0	0	0	0	0	0	0	0.0274656	0	0	0	0	0	0	0	0	0	0	0	0	0	0	0	0	0	0	0	0	0	0	0	0	0	0
K17624	NO_NAME	0	0	0	0	0	0	0	0	0	0	0	0	0	3.34354	1.41922	0	0	0	0	0	0	0	0	0	0	0	0	0	0	0	0	0	0	0	0	0	0	0	0	0	0	0
K17654	NO_NAME	0	0	0	0	0	0	0	0	0	0	0	0	0	0	0	0.0457929	0	0	0	0	0	0	0	0	0	0	0	0	0	0	0	0	0	0	0	0	0	0	0	0	0	0
K17675	NO_NAME	0	0	0.2875004	0	0	0.425816	0.407165	0	0	0	0	0	0	0	0	0	0	0	0	0	0	0.0845453	0.0610145	0	0	0	0.0451333	0	0	0	0	0	0	0	0	0	0	3.3198933	0	0	0	0.146828
K17680	NO_NAME	0.0349678	0	0	0	0	0.112482	0	0	0	0.145692	0.109794	0	0.21723	0	0	0.0530225	0.0658023	0	0	0.0615635	0	0.0869052	0.147967	0	0.0933232	0.75853	1.87558	0.722893	0	0	0	0.0759691	0.571922	0	0	0.723436	0	0	0	0	0	0
K17686	Cu+-exporting ATPase [EC:3.6.3.54]	0	1.142653	2.3400293	0.9422404	0.168294	0.00915687	6.946641	6.3033097	0.316729	0.82164996	1.270085	0.129719	1.493093	0.8424778	0.8602334	0.9013553	1.784564	0.0626539	0.1806119	0.1333187	0	1.452215	0.65189	0.4914357	0.4934389	0.317512	0.2203374	0.0798308	3.3361064	7.5064886	4.2394117	0.3479098	11.0915798	1.2790899	0.3827529	1.2093993	0.2320575	0.1907194	4.21023	0.0472223	0.0452121	2.9499958
K17695	DNA-binding protein inhibitor ID4	0	0	0	0	0	0	0	0	0	0	0	0	0	0	0	0.0551411	0	0	0	0	0	0	0	0	0	0	0	0	0	0	0	0	0	0	0	0	0	0	0	0	0	0
K17701	signal-induced proliferation-associated 1 like protein 1	0	0	0	0	0	0	0	0	0	0	0	0	0	0	0	0.0288864	0	0	0	0	0	0	0	0	0	0	0	0	0	0	0	0	0	0	0	0	0	0	0	0	0	0
K17713	NO_NAME	0	0.0953474	1.41188	0	0	0.106011	0.455434	0	0	0	0.611907	0	0.976415	2.09528	3.55251	0	0.303577	0	0	0	0	0.0147789	0.167479	0.0357046	0	0	0.135633	0.186399	2.58305	0	0.2743327	0	17.511231	1.371509	0	0.624502	0	0.068295	0	0	0	1.529858
K17716	UDP-glucose 4-epimerase [EC:5.1.3.2]	0.523762	0.507264	0	0	0	0	0.1358542	1.113889	0.069373	0.0910503	0	0.562415	1.4882933	0	0	0.0635808	1.2521457	0.976889	0	0.0799836	0	0.289813	0.577587	0	0	0	0	7.58489	49.8727	1.413257	0.313464	0.122963	0	0	0.181335	1.69545	0.078772	0.521505	0.2694351	0.03542	0	1.05637
K17722	dihydropyrimidine dehydrogenase (NAD+) subunit PreT [EC:1.3.1.1]	37.8988	25.7938	3.21589	13.21964525	17.8736	15.1499246	13.5396784	3.93776	6.29073	8.12251	5.603299	0	4.195503	5.14805	12.707982	0	0.604568	3.961722	5.0511	38.4211	29.6528	3.0361465	5.1051772	1.17853	12.4446	6.64448	3.3326673	1.5980932	1.829112	3.07581	0.567517	3.33937	20.74964	11.3499415	2.41765	1.314588	23.8724	33.3793	50.3974	70.1085	63.6485	0.417754
K17723	dihydropyrimidine dehydrogenase (NAD+) subunit PreA [EC:1.3.1.1]	35.849837	26.6643106	2.091439	12.2878	16.6911	14.5091414	12.848465	5.8326352	6.247465	7.73524	4.50178	0.17634	3.473631	3.60701	7.54308	0.0843469	0.797153	4.1067677	4.77224	35.5105	27.2847	3.3259827	5.1377056	1.08143	12.0061	6.269964	3.4469759	1.62719	0.815824	4.937523	0.918138	3.304088	20.35134	11.214713	2.5316	1.03239	23.1478	31.5431	47.825113	68.8347491	62.393718	2.080084
K17724	aconitate decarboxylase [EC:4.1.1.6]	0	0	0	0	0	0	0	0	0	0	0	0	0	0	0	0.0571316	0	0	0	0	0	0	0	0	0	0	0	0	0	0	0	0	0	0	0	0	0	0	0	0	0	0
K17733	NO_NAME	0	0.0724334	0.0760517	0	0	0.0650479	0	0.0447477	0	0.4827583	0.4286055	0.309583	0.518194	0.3131006	0	0.0857876	0.0891869	0.141344	0.4776022	0.531833	0.226731	0.231824	0.127232	0	0.0836711	0.0822475	0.0833481	0.517169	0	0	0.0705896	1.33445	0.408726	0.3097858	0.188128	0.129389	0.383187	1.27681	0.1877338	0.1516581	0.0721508	3.21485
K17734	NO_NAME	27.684467	18.719688	0.8806743	15.623785	13.22762	13.65999	9.232184	5.8871	6.813912	5.07203	3.940647	0.513914	0.5578312	1.868579	0.133972	0.262539	1.382362	5.966361	6.418495	27.38039	20.59849	2.487338	3.838983	2.8950325	3.180475	5.947205	4.0263427	1.39481	0	3.81065	0.887006	4.336971	10.3491417	7.26771	2.136664	1.321785	15.357224	23.0387	38.60876	57.3134247	41.6278775	0.2773318
K17735	NO_NAME	0	0	0.802367	0	0	1.16544	0.859155	0.501451	0.27466	0.27726	0.497693	0.0778484	0.310817	0.0785961	0	0.808038	1.58271	0.321624	0.449067	1.28712	1.12543	0	0	0	0	0	0	0	0	0	0.770883	0.764635	6.88927	0	0.949631	0	0	0	1.34735	1.28823	1.01355	0
K17736	NO_NAME	0	0	0	0	0	0	0	0	0	0	0	0	0	0	0	0	0	0	0	0	0	0	0	0	0	0	0	0	0	0	0	0	6.49542	0	0	0	0	0	0	0	0	0
K17737	NO_NAME	0	0	0	0	0	0	0.19972	0	0	0	0	0	0	2.55514	0	0	0	0	0	0	0	0	0	0	0	0	0	0	0	0	0.1106	0	8.6705925	0.14826	0	0	0	0	0	0	0	0.309789
K17752	NO_NAME	0	0	0	0	0	0	0	0	0	0	0	0	0	0	0	0	0	0	0	0	0	0	0	0	0	0	0	0	0	0	0	0	0	0	0	0	0	0	0.0523628	0	0	0
K17758	NO_NAME	35.8793623	24.6296644	24.2605037	16.2794908	22.0518174	15.7728456	32.6090664	32.1011984	36.0048816	30.4868736	16.0079069	15.8254652	28.4274854	11.4760566	32.9796256	11.26442	9.8204427	22.4722044	31.1747925	34.7284718	37.4299624	44.8039878	72.1790356	12.2600803	6.5151219	15.4899189	8.1808807	25.203849	27.178828	19.229531	8.648202	15.9353677	32.1029063	18.4361721	20.5025067	15.3076472	38.2536782	39.4915042	51.7660233	76.6449926	62.5426417	25.054762
K17759	NO_NAME	35.8372709	24.7028624	15.271491	14.500947	21.4029864	16.1531271	24.6718672	31.6963644	35.6844446	23.2091992	11.4791379	3.6427742	28.3412398	11.129146	32.8941776	11.1153101	9.739705	19.7539376	28.930741	32.0169257	37.37996	8.5674548	8.1339027	11.611007	6.2239987	15.4569915	8.5078673	25.1811289	2.835676	16.5472638	7.288442	15.825169	31.563347	17.4523883	18.6077622	11.453422	37.5418017	38.6561793	51.6891247	76.421384	62.402083	22.4472822
K17762	NO_NAME	0	0	0.0567331	0	0	0	0	0	0	0	0	0	0	0	0	0	0	0	0	0	0	0	0	0	0	0	0	0	0	0	0	0	0	0	0	0	0	0	0.0397254	0.132938	0	0
K17763	NO_NAME	0	0	0.17061	0	0	0	0	0	0	0	0	0	0	0	0	0	0	0	0	0	0	0	0	0	0	0	0	0	0	0	0	0	0	0	0	0	0	0	0	0.2599207	0	0
K17771	NO_NAME	0	0	0	0	0	0	0	0	0	0	0	0	0	0	0	0.0299834	0	0	0	0	0	0	0	0	0	0	0	0	0	0	0	0	0	0	0	0	0	0	0	0	0	0
K17778	NO_NAME	0	0	0	0	0	0	0	0	0	0	0	0	0	0	0	0.0400602	0	0	0	0	0	0	0	0	0	0	0	0	0	0	0	0	0	0	0	0	0	0	0	0	0	0
K17810	NO_NAME	3.201644	32.663608	7.087054	8.506976	67.0453402	0.987663	1.0727959	9.2917222	9.55211	0.5579001	0.904086	0.455777	8.686774	12.1198925	0	2.5231125	3.345671	5.2839463	4.7472344	4.592879	2.1622635	18.8786229	41.546625	0.45734	0.1085428	22.2538485	22.5262411	0.8920859	0	1.0534712	9.797084	4.3732062	1.6073483	0.399	8.8975638	2.0375684	0.4272694	1.11154	1.3617062	1.503886	4.4071661	3.4043755
K17815	NO_NAME	0	0	0	0	0	0	0	0	0	0	0	0	0	0	0	0.0992428	0	0	0	0	0	0	0	0	0	0	0	0	0	0	0	0	0	0	0	0	0	0	0	0	0	0
K17816	NO_NAME	0	0	0	0	0	0	0	0	0	0	0	0	0	0	0	0	0	0	0	0	0	0	0.102261	0	0	0	0	0	2.36888	0.0862377	0	0	0	0	0.13473	0	0	0	0	0	0	0.342762
K17822	NO_NAME	0	0	0	0	0	0	0	0	0	0	0	0	0.0213339	0	0	0	0	0	0	0	0	0	0	0	0	0	0	0	0	0	0	0	0	0	0	0	0	0	0	0	0	0
K17828	dihydroorotate dehydrogenase (NAD+) catalytic subunit [EC:1.3.1.14]	55.2859309	41.5385442	10.3334069	66.6110644	49.5078273	49.6844192	46.032945	28.1223316	24.6822428	23.932846	19.8744358	37.0967679	46.59059	15.9400012	2.9459472	41.7097897	31.6247378	17.6494484	21.1247418	58.7150969	41.7759725	44.5015883	37.3646019	16.5248957	22.188187	44.383089	53.1948539	50.9151648	60.5819826	36.2937213	67.3375796	35.1299388	28.4162277	20.6519505	34.5676605	14.9742569	56.4931987	51.7365847	100.026942	100.3842842	61.664029	32.0093726
K17829	crotonyl-CoA reductase [EC:1.3.1.86]	0.0716503	0	0	0	0	0	0	0	0	0	0	0	0	0	0	0.707661	0	0	0	0	0	0.2142707	0.0753221	0	0	0	0	0	0	0.0784646	0.271014	0	0.050053	0	0.0588411	0	0	0	0	0	0	0
K17830	digeranylgeranylglycerophospholipid reductase [EC:1.3.1.101 1.3.7.11]	0	0	0.844595	0	0	0	0	8.93381	0.4746255	0	0	0	0	0	0	0	5.194043	0	0	0	0	0	0	0	0	0	0	0	0	11.46711	0	0	0	0	0	0	0	0	11.04883	2.2615	0	0
K17836	beta-lactamase class A [EC:3.5.2.6]	1.247115	1.269666	1.1873107	13.03619	9.56958	6.339706	1.447138	4.19654	3.92128	7.2948303	3.72942	1.2209821	9.432888	0.599078	0.1520373	5.417209	2.24839	1.576414	1.281936	2.7663106	2.7271123	12.280225	9.4125024	8.12856	0.999236	1.910787	3.83356	3.16713	3.86938	2.874818	0.5172823	1.6726965	1.304477	0.103904	1.07943	2.8086991	1.0738384	0.405641	2.9744777	10.06547	5.940575	10.027367
K17837	metallo-beta-lactamase class B [EC:3.5.2.6]	0.106424	0.138095	0	0	0	0	0	0	0	0	0	0	0.078776	0	0	0	0	0	0	0.0598	0	0.320413	0.421736	0	0	0	0	0	0	0	0	0	0	0	0	0	0	0	0	0	0	0
K17850	LysR family transcriptional regulator, regulator of gene expression of beta-lactamase	0	0	0	0	0	0	0	0	0	0	0	0	0	0	0	0	0	0	0	0	0	0	0	0	0	0	0	0	0	0	0	0	8.43063	0	0	0	0	0	0	0	0	0
K17865	3-hydroxybutyryl-CoA dehydratase [EC:4.2.1.55]	0.7373235	0.9051	0	0	0	0.128601	0.0890764	0.5642659	0.214761	0.6560699	0.264782	0.530036	0.7143474	0	0	0	1.95832	0	0.190353	1.586748	1.8616014	0.919048	1.702851	0	0	0.0650417	0.0659121	0.8542185	0	0.212125	0.314002	0.977119	0.27864	0.291408	1.34959	0.127902	0.164674	1.17799	1.9837526	1.934023	0.163099	2.65906
K17870	NO_NAME	0	0	0.339626	0	0	0	0	1.74592	0.0392372	0	0	0	0	0	0	0	0.681785	0	0	0	0	0	0	0	0	0	0	0	0	2.50389	0	0	0	0	0	0	0	0	1.51209	0	0	0
K17883	NO_NAME	0	0	0	0	0	0	0	0	0	0	0	0	0	0	0	0	0	0	0	0	0	0	0	0.0444744	0	0	0	0	0	0	0	0	0	0	0	0	0	0	0	0	0	0
K17884	NO_NAME	0	0	0.351585	0	0	0	0	1.7591	0.121856	0	0	0	0	0	0	0	0.734599	0	0	0	0	0	0	0	0	0	0	0	0	2.33935	0	0	0	0	0	0	0	0	1.70181	0	0	0
K17896	NO_NAME	0	0	0	0	0	0	0	0	0	0	0	0	0	0	0	0.05424	0	0	0	0	0	0	0	0	0	0	0	0	0	0	0	0	0	0	0	0	0	0	0	0	0	0
K17898	D-ornithine 4,5-aminomutase subunit beta [EC:5.4.3.5]	0	0	0	0	0	0	0	0	0	0	0	0	0	0	0	0	0	0	0	0	0	0	0	0.0399102	0	0	0	0	0	0	0	0	0	0	0	0.0887635	0	0	0	0	0	0
K17899	D-ornithine 4,5-aminomutase subunit alpha [EC:5.4.3.5]	0	0	0	0	0	0	0	0	0	0.255132	0.396552	0.315779	0.53257	0	0	0	0	0	0.272124	0.282997	0.285319	0.120343	0.0511305	0.0804277	0	0.159398	0	0.783038	0	0.0866426	0	1.1574	0.682865	0.515778	0	0	0.605351	0.989797	0	0.247152	0.0799417	2.66226
K17910	NO_NAME	0	0	0	0	0	0	0	0	0	0	0	0	0.137771	0	0	0	0	0	0	0	0	0	0	0	0	0	0	0	0	0	0	0	0	0	0	0	0.0405471	0.0937008	0.150084	0.0409996	0	0.327259
K17920	sorting nexin-5/6/32	0	0	0	0	0	0	0	0	0	0	0	0	0	0	0	0.026599	0	0	0	0	0	0	0	0	0	0	0	0	0	0	0	0	0	0	0	0	0	0	0	0	0	0
K17923	NO_NAME	0	0	0	0	0	0	0	0	0	0	0	0	0	0	0	0.0227423	0	0	0	0	0	0	0	0	0	0	0	0	0	0	0	0	0	0	0	0	0	0	0	0	0	0
K17931	NO_NAME	0	0	0	0	0	0	0	0	0	0	0	0	0	0	0	0.0787506	0	0	0	0	0	0	0	0	0	0	0	0	0	0	0	0	0	0	0	0	0	0	0	0	0	0
K17938	NO_NAME	0	0	1.35652	0.00797185	0	0.00782306	0.0997976	0.00840683	0	0.0119048	0	0.0145311	1.15868	0.911458	0.562696	0	0	0.0118281	0	0	0	0	0.107349	0.0233688	0	0.0181522	0.0238896	0.263106	0	0	0.0104304	0	7.92753	0.173593	0	0.0594742	0	0	0	0	0	0.22127
K17940	2-heptyl-3-hydroxy-4(1H)-quinolone synthase [EC:1.14.13.182]	0	0	0	0	0	0	0	0	0	0	0	0	0	0	0	0	0	0	0	0	0	0	0	0	0	0	0	0	0	0	0	0	9.9806	0	0	0	0	0	0	0	0	0
K17947	dTDP-L-rhamnose 4-epimerase [EC:5.1.3.25]	0	0	0	0	0	0	0	0.0334264	0	0	0	0	0	0	0	0	0	0	0	0.0677797	0	0	0	0.0342733	0.0737011	0	0	0	0	0	0	0	0.0689991	0	0	0.0870085	0	0.033306	0	0	0	0.0677088
K17948	NO_NAME	0	0	0.125204	0	0	0.0526093	0.2914833	0	0	0	0.224664	0	8.45829	2.48826	26.9299	0	0.36059	0	0	0	0	0	0	0	0	0	0.1422907	0	3.00852	0	0.0663984	0.0318611	0.210866	0	0	0	0	0	0	0	0	0.590263
K17965	NO_NAME	0	0	0	0	0	0	0	0	0	0	0	0	0	0	0	0.083998	0	0	0	0	0	0	0	0	0	0	0	0	0	0	0	0	0	0	0	0	0	0	0	0	0	0
K17992	NO_NAME	1.109066	1.84315	0.865368	0	0	1.331809	1.5241677	3.0356048	1.815698	0.929027	1.644966	4.951403	4.079994	0.339535	0	2.510349	2.7761471	1.000937	0.815685	1.6294057	2.042356	3.0853499	2.7158501	0	0	2.2767127	0.5373007	1.761735	0.140085	4.391743	0.89037	2.9450806	0.580307	0.400215	0.999515	0.102954	0.3233229	1.379745	1.868447	2.030951	1.09733	4.5509787
K18000	anthranilate-CoA ligase [EC:6.2.1.32]	0	0	0	0	0	0	0	0	0	0	0	0	0	0	0	0	0	0	0	0	0	0	0	0	0	0	0	0	0	0	0	0	5.23165	0	0	0	0	0	0	0	0	0
K18001	putative alkyl quinolones biosynthesis protein PqsB	0	0	0	0	0	0	0	0	0	0	0	0	0	0	0	0	0	0	0	0	0	0	0	0	0	0	0	0	0	0	0	0	9.19667	0	0	0	0	0	0	0	0	0
K18002	putative alkyl quinolones biosynthesis protein PqsC	0	0	0	0	0	0	0	0	0	0	0	0	0	0	0	0	0	0	0	0	0	0	0	0	0	0	0	0	0	0	0	0	10.5075	0	0	0	0	0	0	0	0	0
K18003	2-heptyl-4(1H)-quinolone synthase [EC:2.3.1.230]	0	0	0	0	0	0	0	0	0	0	0	0	0	0	0	0	0	0	0	0	0	0	0	0	0	0	0	0	0	0	0	0	10.3701	0	0	0	0	0	0	0	0	0
K18008	NO_NAME	0	0	0	0.187924	0	0	0	0	0	0	0	0	0	0	0	0.787698	0	0	0	0	0	0.256973	0.0514189	0	0	0	0	0	0	0.138758	0.216811	0	0	0	0	0	0	0	0	0	0	0
K18009	meso-butanediol dehydrogenase / (S,S)-butanediol dehydrogenase / diacetyl reductase [EC:1.1.1.- 1.1.1.76 1.1.1.304]	0	0	0	0	0	0	0	0	0	0	0	0	0	0	0	0	0	0	0	0	0	0	0	0	0	0	0	0	0	0.676679	0	0	0	0	0	0	0	0	0	0	0	0
K18011	beta-lysine 5,6-aminomutase beta subunit [EC:5.4.3.3]	0.119354	0.21119	0.0606924	0	0	0	0	0	0.0541584	0.170088	0.120167	1.442835	0.937271	1.7547623	0.19998	0.2210314	0.100827	0	0.103666	0.592064	0.135866	0.894013	0.755436	0	0.148644	0.079699	0.0673046	0.796109	2.20592	0.676203	0.2125694	1.23723	0.307289	0.317402	0.242513	0.104483	0.390115	1.15476	0.515446	0	0	3.151769
K18012	L-erythro-3,5-diaminohexanoate dehydrogenase [EC:1.4.1.11]	0.114666	0.182605	0.0379601	0.2247893	0.042133	0.1133957	0	0	0.0586563	0.480692	0.1469743	26.633918	1.140067	0.534784	0.2285612	0.2693903	0.2072319	0.107208	0.1394	0.7848297	0.332483	0.959552	0.712605	0.217708	0.2139949	0.0383636	0.2132993	1.295297	2.04262	0.8727279	0.0823147	1.547512	1.023096	0.532362	0.126628	0.1673044	0.832046	2.27579	0.272937	0.0886254	0.0769608	5.527503
K18013	3-keto-5-aminohexanoate cleavage enzyme [EC:2.3.1.247]	0.616608	0.921855	0.1242223	0	0.0435199	0	0	1.07927	0	0.117626	0.116344	0.460025	0.58379	0.0980697	0.0769472	3.967928	0	0	0.0684327	0.5113158	0.1703561	2.2529884	2.0499851	0.100966	0.0713624	1.84749	0.071087	0.5204282	0	1.499929	0.3263598	0.363239	0	0	3.79889	0.1780769	0.7376718	4.220515	6.9430869	0.949113	0	0
K18014	3-aminobutyryl-CoA ammonia-lyase [EC:4.3.1.14]	43.200058	29.9405204	0.606794	15.3745	19.6426	17.4581	12.424	3.7260946	7.7979683	10.0430651	5.426883	0.4933233	1.882657	3.7699829	0.329697	0.2450114	0.5542692	4.57624	6.22998	41.5567083	32.512201	3.882867	6.316918	0.834726	10.907462	7.8610237	3.616432	2.994972	2.26549	5.156638	1.085083	4.537137	17.467063	13.358727	3.299559	0.524173	28.394022	39.870704	50.915234	72.390351	69.7453	4.03857
K18015	NO_NAME	0	0	0	0	0	0	0	0	0	0	0	0	0	0.160309	0	0	0	0	0	0	0	0	0	0	0	0	0	0.220493	0	0	0	0	0	0	0	0	0	0	0	0	0	0.111889
K18072	two-component system, OmpR family, sensor kinase ParS [EC:2.7.13.3]	0	0	0	0	0	0	0	0	0	0	0	0	0	0	0	0	0	0	0	0	0	0	0	0	0	0	0	0	0	0	0	0	4.20233	0	0	0	0	0	0	0	0	0
K18093	imipenem/basic amino acid-specific outer membrane pore [EC:3.4.21.-]	0	0	0	0	0	0	0	0	0	0	0	0	0	0	0	0	0	0	0	0	0	0	0	0	0	0	0	0	0	0	0	0	9.65361	0	0	0	0	0	0	0	0	0
K18094	membrane fusion protein, multidrug efflux system	0	0	0	0	0	0	0	0	0	0	0	0	0	0	0	0	0	0	0	0	0	0	0	0	0	0	0	0	0	0	0	0	6.81143	0	0	0	0	0	0	0	0	0
K18099	LuxR family transcriptional regulator, quorum-sensing system regulator RhlR	0	0	0	0	0	0	0	0	0	0	0	0	0	0	0	0	0	0	0	0	0	0	0	0	0	0	0	0	0	0	0	0	4.93727	0	0	0	0	0	0	0	0	0
K18100	rhamnosyltransferase subunit A [EC:2.4.1.-]	0	0	0	0	0	0	0	0	0	0	0	0	0	0	0	0	0	0	0	0	0	0	0	0	0	0	0	0	0	0	0	0	10.1992	0	0	0	0	0	0	0	0	0
K18104	ATP-binding cassette, subfamily B, bacterial AbcA/BmrA [EC:3.6.3.44]	0	0	0.0416042	0.103653	0.131584	0	0	0	0	0	0	0	0	0.141735	0	0	0	0	2.486376	0.4025976	0	0	0	0	0.113191	0.0529834	0.1988524	0	0	0.2333378	0	0.3919359	5.56795	0	0.1614779	0.815313	0	0	0	0	0.0630651	1.070851
K18118	succinyl-CoA:acetate CoA-transferase [EC:2.8.3.18]	0	0	0.0305733	0	0	0	0	0	0.0527951	0.21318	0.164004	0.243699	0.494442	0	0	0.189488	0.0702067	0	0	0.157642	0.0993347	0.0977615	0	0.0531943	0	0.0776929	0	0.534329	0	0.0774232	0.0902966	0	5.342081	0.341643	0.0537616	0	0.242602	1.28651	0	0	0.0454588	2.34992
K18119	succinate-semialdehyde dehydrogenase [EC:1.2.1.76]	0	0	0	0	0	0	0	1.64073	0	0	0	0	0	0	0	4.19191	0	0	0	0	0	1.33319	0	0	0	1.4867	0	0	0	0.53426	0.494502	0.513675	0	0	3.9629	0	0.782473	3.60144	7.20849	1.14089	0	0
K18120	4-hydroxybutyrate dehydrogenase [EC:1.1.1.61]	0	0	0	0	0	0	0	1.7439766	0	0.0470503	0	0.365549	0.813622	0	0	4.1990398	0.410329	0	0	0.208756	0	1.30845	0.86652	0	0	1.828282	0	0.0589651	0	1.910444	4.453199	0.621605	0	0	3.77061	1.26591	0.907359	3.32616	7.5264	1.17059	0	0.153884
K18122	4-hydroxybutyrate CoA-transferase [EC:2.8.3.-]	0.148976	0.102805	0	0	0	0	0	0	0	0.0747123	0	2.12582	0.290647	0	0	0	0.215161	0	0	0	0	0.336392	0	0	0	0	0	0	0	0.064584	0	0.989173	0.146341	0	0	0.605973	0	0	0	0	0	0
K18123	4-hydroxy-2-oxoglutarate aldolase [EC:4.1.3.16]	0.115365	0.195966	0	0	0	0	0	0	0	0	0	0.0797472	0	0	0	0	0.0550221	0	0	0	0	0.347332	0.455914	0	0	0	0	0	0	0	0	0	0	0	0	0	0	0	0.0658081	0	0	0
K18131	MarR family transcriptional regulator, repressor of the mexAB-oprM multidrug resistance operon	0	0	0	0	0	0	0	0	0	0	0	0	0	0	0	0	0	0	0	0	0	0	0	0	0	0	0	0	0	0	0	0	8.73196	0	0	0	0	0	0	0	0	0
K18136	TetR/AcrR family transcriptional regulator, multidrug resistance operon repressor	0.0484359	0.105349	0.768078	0	0	0	0	0	0	0.335911	0.895471	0	0	0	0	0	0	0.214056	0	0.103489	0	0	0	0	0	0	0	0.272147	0	0	0	0	0.8072925	0	0	0	0	0	0	0	0	0
K18138	multidrug efflux pump	0.170045	0.617076	2.3835151	0.476597	0	0.1578435	2.4209696	0.0682172	0	0.4293928	0.5677814	2.715585	3.369509	2.72128	3.68742	0.73897	0.392674	0.34491862	0.254996	0	0	0.7248479	1.0250146	0	0	0	0.0762107	0.4728173	4.10147	1.10747564	0.705756	0.83185387	13.860981	1.783889	0.3332559	0.248515	0	0.0846986	0	0	0	1.73009
K18139	outer membrane protein, multidrug efflux system	1.781218	1.193724	0	0	0	0.0466177	0.3213519	0.2867756	0.1092047	2.020655	0.824122	19.162279	2.051318	0	0	5.062669	0.8425097	0.5072724	0	0	0	2.4658379	2.606533	0	0	1.204893	0.3090985	5.2381943	52.702369	1.404764	0.547963	1.8314188	8.1934077	0.225415	0.098692	0	0.070057	0.651714	0	0	0	0.551824
K18140	NO_NAME	0	0	4.09618	0	0	0.0256091	1.233238	0	0	0	0.613696	0	10.7741	3.01147	19.2322	0	0.305009	0.040727	0	0	0	0.0256263	0	0	0	0	0.0838355	0	1.21031	0	0.0831604	0	7.01733	0.370876	0	0	0	0	0	0	0	0.462745
K18141	NO_NAME	0	0	2.15111	0	0	0.0608967	0.569898	0.0231112	0	0.3622704	0.121884	0.0340666	3.083273	3.46584	12.83869	0	0.33941	0.0118614	0	0	0	0.0165487	0.0989454	0	0	0	0.211053	0.2519113	0.928847	0.013344	0.00994038	0	3.299494	0.352118	0	1.032121	0	0	0	0	0	1.0227868
K18142	NO_NAME	0	0	0.938493	0	0	0.05934788	0.120373	0.02435783	0	0.02608975	1.2499356	0	0.0998445	0.686473	0.171159	0	0.179857	0.0999155	0	0	0	0.02072904	0.11912814	0	0	0	0.16549927	0.0129676	3.49403	0.00929383	0.0944328	0.0124138	4.1479251	0.240623	0	0.0759593	0	0.109991	0	0	0	0.45457669
K18143	two-component system, OmpR family, sensor histidine kinase AdeS [EC:2.7.13.3]	0	0	0	0	0	0	0.580256	0	0	0	0	0	0	0	0	0	0	0	0	0	0	0	0	0	0	0	0	0	0	0	0	0	0	0	0	0	0	0	0	0	0	0
K18144	two-component system, OmpR family, response regulator AdeR	0	0	0	0	0	0	0.681446	0	0	0	0	0	0	0	0	0	0	0	0	0	0	0	0	0	0	0	0	0	0	0	0	0	0	0	0	0	0	0	0	0	0	0
K18146	multidrug efflux pump	0	0	0.406367	0	0	0	0.6335379	0	0	0	0	0	0	0	0	0.203137	0.0266252	0	0	0	0	0	0	0	0	0	0	0	0	0	0.0246937	0	0	0.0276451	0.107312	0	0	0	0	0	0	2.85907
K18149	penicillin-binding protein	0	0	0	0.117057	0.081314	0	0	0	0	0	0	0	0	0.117143	0	0	0	0	0.127458	0	0	0	0	0	0	0	0.0821802	0	0	0.0832624	0.0628338	0	5.80179	0	0	0.261354	0	0	0	0	0	0.68733
K18157	NO_NAME	0	0	0	0	0	0	0	0	0	0	0	0	0	0	0	0.0577952	0	0	0	0	0	0	0	0	0	0	0	0	0	0	0	0	0	0	0	0	0	0	0	0	0	0
K18160	NO_NAME	0	0	0	0	0	0	0	0	0	0	0	0	0	0.0277802	0	0.0257423	0	0	0	0	0	0	0	0	0	0	0	0	0	0	0	0	0	0	0	0	0	0	0	0	0	0
K18161	NO_NAME	0	0	0	0	0	0	0	0	0	0	0	0	0	0	0	0.0647624	0	0	0	0	0	0	0	0	0	0	0	0	0	0	0	0	0	0	0	0	0	0	0	0	0	0
K18167	NO_NAME	0	0	0	0	0	0	0	0	0	0	0	0	0	0	0	0	0	0	0	0	0	0	0	0	0	0	0	0.0844256	0	0	0	0	0	0	0	0	0	0	0	0	0	0
K18188	NO_NAME	0	0	0	0	0	0	0	0	0	0	0	0	0	0	0	0	0	0	0	0	0	0	0	0	0	0	0	0.0425477	0	0	0	0	0	0	0	0	0	0	0	0	0	0
K18193	NO_NAME	0	0	0	0	0	0	0	0	0	0	0	0	0	0	0	0.0686301	0	0	0	0	0	0	0	0	0	0	0	0	0	0	0	0	0	0	0	0	0	0	0	0	0	0
K18194	NO_NAME	0	0	0	0	0	0	0	0	0	0	0	0	0	0	0	0.0343712	0	0	0	0	0	0	0	0	0	0	0	0	0	0	0	0	0	0	0	0	0	0	0	0	0	0
K18197	NO_NAME	0.346067	0	0	0	0	0	0	0	0	0	0.0475011	1.213933	0.2037512	0	0	2.79017	0	0	0	0	0	0.848868	0.363074	0	0	0.1166174	0.1017348	0.285404	0	4.02346	0	0	0	0	0	0	0	0	0	0	0	0
K18205	NO_NAME	15.84117	47.498419	13.36698	7.46806	17.81635	61.1384	24.22213	16.03521	11.554084	0.760612	0	2.161623	7.279317	0	0.039348	1.577451	1.906005	6.492652	2.618119	33.34776	0.694929	18.375761	57.50998	0	0	2.94754	5.92888	3.35491	0	1.19194	28.78296	10.4548	19.954426	0.982223	3.191084	1.873998	10.172491	3.98113	15.8477	0.957241	27.804318	8.07012
K18206	NO_NAME	4.13998	0	1.39722	1.24799	1.15757	8.51537	3.29103	2.49917	0.397836	0.361083	0	0	0.492499	0	0	0.684741	0.288641	0.312104	0	0.603815	0	0.331177	0.864598	0	0	0.852384	1.0714	1.33553	0	0.386915	0.90644	1.2356	0.348506	0	0.149342	0.535202	4.711664	2.11563	0	0	0.301493	1.97872
K18207	NO_NAME	0	0	0	0	0	0	0	0	0	0	0	0	0	0	0	0.0994535	0	0	0	0	0	0	0	0	0	0	0	0	0	0	0	0	0	0	0	0	0	0	0	0	0	0
K18208	NO_NAME	0	0	0	0	0	0	0	0	0	0	0	0	0	0	0	0.0211574	0	0	0	0	0	0	0	0	0	0	0	0	0	0	0	0	0	0	0	0	0	0	0	0	0	0
K18209	fumarate reductase (CoM/CoB) subunit A [EC:1.3.4.1]	0	0	0.299747	0	0	0	0	1.762242	0.113541	0	0	0.350318	0.57087	0	0	0	0.683059	0	0	0	0	0	0.851754	0	0	0	0	0	0	3.5231	0	0	0	0	0	0	0	0	1.9449	0	0	0
K18210	fumarate reductase (CoM/CoB) subunit B [EC:1.3.4.1]	0	0	0.211264	0	0	0	0	1.79335	0.0385381	0	0	0	0	0	0	0	0.580808	0	0	0	0	0	0	0	0	0	0	0	0	2.32227	0	0	0	0	0	0	0	0	1.63502	0	0	0
K18214	NO_NAME	0	0.0587489	0.139067	0	0	0.31165	0	0.220145	0	0	0	0	0	0.053386	0	0.202794	0	0.225764	0	0	0	0	0	0	0	0	0	0	0	1.05383	0	0.0868248	0	0	0	0	0	0.358882	0	0	0.576312	0
K18216	ATP-binding cassette, subfamily B, tetracycline resistant protein	0	0	0	0	0	0	0	0	0	0	0	0	0	0	0	0	0	0	0	0	0	0	0	0	0	0	0	0	0	0	0	0	0	0	0	0	0	0.24082	0	0	0	0
K18217	ATP-binding cassette, subfamily B, tetracycline resistant protein	0.0590129	0	0.165159	0.205665	0.0643543	0	0	0	0	0.714203	0.57578	0	0	0	0	0	0	0	0	0	0	0	0	0.565717	0	0	0	0	0	0	0	0	0	0.468603	0.0381522	0.157762	0	0	0	0	0.0429449	0
K18220	NO_NAME	52.981576	91.279757	36.2054473	84.2959757	85.64787	107.104041	97.841951	93.5683281	85.392217	39.62792	41.74403	47.7363342	63.299917	64.937798	14.23505	43.691045	127.439547	97.7628528	80.261129	77.737076	96.699943	94.709397	77.1920439	86.7839316	88.4292095	50.307148	36.489068	50.1051033	6.396686	84.09583	86.443662	94.1917292	58.617208	104.478099	68.835962	120.9958	115.4070354	91.788218	97.4752067	87.3707809	139.0885024	166.42689
K18221	NO_NAME	0.516277	0.42016	0	0	0	0.059683	0.0766359	1.92213	0.560418	0	0	0.161242	0.674007	0.109882	0	0.47491	0.320286	2.78651	0.535946	0	0	2.73719	0.735781	0	0	2.04576	1.21695	0	0.190498	4.4946	0	0.511131	4.65748	5.83382	0	0	0	0	0.0937358	0.172294	0	0
K18230	macrolide transport system ATP-binding/permease protein	0	0	0.0746834	0	0.0371224	0	0	0	0	0	0	0	0	0	0	0	0	0	0	0	0	0	0	0.148147	0	0	0	0	0	0	0	0	0	0	0	0	0	0	0	0	0	0
K18231	macrolide transport system ATP-binding/permease protein	0	0	0	0.051587	0.0924321	0.441673	0	0	0	0.22909	0	0	0	0.106371	0	0	0	0	0.124517	0	0	0	0.412663	0	0.172345	0	0	0	0	0.0925056	0.0532518	0	6.31265	0	0.7638472	0.181275	0	0	0	0	0	0.845331
K18234	NO_NAME	0.920405	0.985658	0.0889325	0	0.486674	0.3183328	0.985461	1.177597	1.781823	13.87309	11.77797	1.600237	0.899506	0.106549	0.340335	0.9119207	0.2279169	0.5377438	0.762209	4.41971	0.0968687	1.1731271	0.6459909	0.108359	0.0361291	0.561543	0.131321	0.0339343	0	0.1712844	0.4171088	1.926633	0.869271	0.0645101	0.349846	0.3647107	0.0359665	0.326964	0.145037	0	0.125614	1.1834901
K18236	NO_NAME	0	0	0.0687042	0	0	0.436239	0.465147	0	0	0	0.192165	0	0	0	0	0	0	0	0	0	0	0	0	0	0	0	0	0	0	0.0564369	0	0	0.030586	0	0	0	0	0.241774	0	0	0.0781082	0
K18244	NO_NAME	0.361198	0.310428	0.915293	0	0	1.34768	1.21251	0.365116	0.332089	0.483802	1.006486	0.0509553	0.756486	0.430941	0	0.715417	1.62699	0.499978	0.29274	1.19165	1.39436	3.1176	2.45753	0	0	0	0	0	0	1.10916	0.9382	0.824334	0	0	1.994239	0	0	0	1.64066	1.81682	1.11797	0.100538
K18273	NO_NAME	0	0	0	0	0	0	0	0	0	0	0	0	0	0	0	0.0482911	0	0	0	0	0	0	0	0	0	0	0	0	0	0	0	0	0	0	0	0	0	0	0	0	0	0
K18277	trimethylamine monooxygenase [EC:1.14.13.148]	0	0	0	0	0	0	0	0	0	0	0	0	0	0	0	0	0	0	0	0	0	0	0	0	0	0	0	0	0	0	0	0	11.019	0	0	0	0	0	0	0	0	0
K18284	adenosylhomocysteine/aminodeoxyfutalosine nucleosidase [EC:3.2.2.9 3.2.2.30]	0	0	0	0	0	0	0	0	0	0	0	0.0626267	0	0	0	0	0	0	0	0	0	0	0	0	0	0	0	0	0.0909382	0	0	0	0	0	0	0	0	0	0	0	0	0
K18285	aminodeoxyfutalosine synthase [EC:2.5.1.120]	0	0	0	0.337575	0	0	0	0	0	0	0	0	0	0	0	0.862552	0	0	0	0	0	0.146278	0.0330572	0	0	0	0	0	0	0.26019	0.210916	0.0513652	0	0	0.0847655	0	0	0	0	0	0	0
K18291	itaconyl-CoA hydratase / mesaconyl-C4 CoA hydratase [EC:4.2.1.56 4.2.1.-]	0	0	0	0	0	0	0	0	0	0	0	0	0	0	0	0	0	0	0	0	0	0	0	0	0	0	0	0	0	0	0	0	6.27495	0	0	0	0	0	0	0	0	0
K18292	(S)-citramalyl-CoA lyase [EC:4.1.3.25]	0	0	0	0	0	0	0	0	0	0	0	0	0	0	0	0	0	0	0	0	0	0	0	0	0	0	0	0	0	0	0	0	8.2057	0	0	0	0	0	0	0	0	0
K18294	NO_NAME	0	0	0	0	0	0	0	0	0	0	0	0	0	0	0	0	0	0	0	0	0	0	0	0	0	0	0	0	0	0	0	0	10.9263	0	0	0	0	0	0	0	0	0
K18295	NO_NAME	0	0	0	0	0	0	0	0	0	0	0	0	0	0	0	0	0	0	0	0	0	0	0	0	0	0	0	0	0	0	0	0	0.11053	0	0	0	0	0	0	0	0	0
K18296	NO_NAME	0	0	0	0	0	0	0	0	0	0	0	0	0	0	0	0	0	0	0	0	0	0	0	0	0	0	0	0	0	0	0	0	11.1209	0	0	0	0	0	0	0	0	0
K18297	NO_NAME	0	0	0	0	0	0	0	0	0	0	0	0	0	0	0	0	0	0	0	0	0	0	0	0	0	0	0	0	0	0	0	0	1.34993	0	0	0	0	0	0	0	0	0
K18298	NO_NAME	0	0	0	0	0	0	0	0	0	0	0	0	0	0	0	0	0	0	0	0	0	0	0	0	0	0	0	0	0	0	0	0	7.6378	0	0	0	0	0	0	0	0	0
K18299	NO_NAME	0	0	0	0	0	0	0	0	0	0	0	0	0	0	0	0	0	0	0	0	0	0	0	0	0	0	0	0	0	0	0	0	9.00509	0	0	0	0	0	0	0	0	0
K18302	NO_NAME	0	0	0	0	0	0	0	0	0	0	0	0	0	0	0	0.125784	0	0	0	0	0	0.0747048	0.044844	0	0	0	0	0	2.55416	0.0907617	0	0	0	0	0.0945317	0	0	0	0	0	0	0.166497
K18303	NO_NAME	0	0	0	0	0	0	0	0	0	0	0	0	0.150976	0	0	0	0	0	0	0	0	0	0	0	0	0	0	0	0	0	0	0	0	0	0	0	0	0	0	0	0	0
K18304	LuxR family transcriptional regulator, quorum-sensing system regulator LasR	0	0	0	0	0	0	0	0	0	0	0	0	0	0	0	0	0	0	0	0	0	0	0	0	0	0	0	0	0	0	0	0	3.02878	0	0	0	0	0	0	0	0	0
K18310	beta-citrylglutamate/N-acetylaspartylglutamate synthase [EC:6.3.1.17 6.3.2.41]	0	0	0	0	0	0	0	0	0	0	0	0	0	0	0	0.0228432	0	0	0	0	0	0	0	0	0	0	0	0	0	0	0	0	0	0	0	0	0	0	0	0	0	0
K18311	N-acetylaspartylglutamate/N-acetylaspartylglutamylglutamate synthase [EC:6.3.2.41 6.3.2.42]	0	0	0	0	0	0	0	0	0	0	0	0	0	0	0	0.0393619	0	0	0	0	0	0	0	0	0	0	0	0	0	0	0	0	0	0	0	0	0	0	0	0	0	0
K18320	NO_NAME	0	0	0	0	0	0	0	0	0	0	0	0	0	0	0	0	0	0	0	0	0	0	0	0	0	0	0	0	0	0.0327214	0	0	0	0	0	0	0	0	0	0	0	0
K18324	multidrug efflux pump	0	0.308007	2.13104	0	0	0.124879	1.6849694	0.01706276	0	0.01280076	0.0682461	0.00610484	3.530602	4.11484	10.34457	0.110517	0.23295739	0.01709826	0	0	0	0.01944064	0.0227015	0	0	0	0.0281905	0.0402904	0.1866074	0.0150377	0.272003	0	3.572195	1.3478351	0	0.648081	0	0.012671	0	0	0	1.1600969
K18325	NO_NAME	0	0.188311	0.133531	0	0	0	3.006865	0	0	0.666135	0	0	0	0	0	0	0	0	0	0	0	0	0	0	0	0	0	0	0	0	0.331992	0	3.37111	1.491311	0	0	0	0	0	0	0	1.725904
K18326	MFS transporter, DHA2 family, multidrug resistance protein	0	0.164214	3.5196	0	0	0.3497949	1.7302351	0.0527678	0	0	0.667184	0.0531288	0	0.147507	0.603919	0.427371	0.0946645	0	0	0	0	0.0137647	0.0131264	0	0	0	0.03018472	0.0393987	2.33093	0.0167525	0.4562782	0	3.6334	1.083281	0.178916	0.0489371	0	0	0	0	0	1.232609
K18330	NO_NAME	0.260366	1.650247	0	0	0	0.0769833	0.276574	1.817674	0.376971	1.18705	0.328751	3.165364	1.256733	0	0.021848	4.79214	0.2136291	0.265561	0	0.60568	0.2124	0.969311	0.0752885	0	0.343282	0.804668	0	1.9892	3.24279	2.043545	0	0.675916	1.2232	0.43934	0	0	0	2.09537	0	0	0	1.082201
K18331	NO_NAME	1.031632	1.4407771	0.861093	0.0897447	0.0662126	1.17015	1.1415	0.528433	1.11721	0.3273473	0.657502	2.561323	1.3575028	0.2910396	0.0443094	0.6765239	1.8359038	0.871039	1.05847	1.356824	1.2517873	2.5080634	1.9934819	0.154983	0	0.399741	0.694435	0.0698689	0	1.3123162	0.9409207	1.634697	0.15068	0	1.00516	0.2844202	0	0.0695904	1.7319246	1.27181	1.0831	0.0332448
K18332	NO_NAME	1.19073	3.213937	0.853982	0	0	1.247347	1.711538	2.725278	1.300031	5.7025348	1.159212	5.7461475	5.5552073	0.36411	0.0443851	10.11805	2.630319	1.420685	0.8803785	1.6149876	1.386137	5.0171459	2.85455	0	1.17409	1.279469	1.3207989	11.7277	3.54638	6.04684	1.006151	2.169841	2.796878	1.83735	0.8881069	0	0	2.67282	2.061944	1.791396	1.12024	1.110707
K18334	L-fuconate dehydratase [EC:4.2.1.68]	0	0	0	0	0	0	0	0	0	0	0	0	0	0	0	0	0	0	0	0	0	0	0	0.0416306	0	0	0	0	0	0	0	0	0	0	0	0	0	0	0	0	0	0
K18344	two-component system, OmpR family, response regulator VanR	0	0	0	0	0	0	0	1.36753	0.295611	0	0	0	0.688218	0	0	0.240205	0	0	0	0	0	0	0	0	0	0.098697	0.100018	0	0	0	0.116255	0	0	0	0	0	0	0.0980948	0.146567	0.3761015	0.940477	1.25623
K18345	two-component system, OmpR family, sensor histidine kinase VanS [EC:2.7.13.3]	0	0	0	0	0	0	0	1.7602527	0.372241	0	0	0	0.343863	0.0544127	0	0.177612	0	0	0	0	0	0	0	0	0	0.176832	0.0796437	0	0	0	0	0	0	0	0	0	0	0.518672	0	0.23695	0.794883	0
K18346	vancomycin resistance protein VanW	0	0.0796382	0	0.0345034	0	0	0	0	0	0	0	0.06173	0.0595085	0.0331721	0	0	0	0	0	0	0	0.200749	0.289214	0	0	0	0	0	0	0	0	0.368501	0	0	0	0.459639	0	0	0.0539005	0	0	0
K18348	serine/alanine racemase [EC:5.1.1.18 5.1.1.1]	0	0.132024	0	0	0	0	0	0	0	0	0	0	0.0661751	0	0	0	0	0	0	0	0	0.173829	0.149831	0	0	0	0	0	0	0	0	0	0	0	0	5.85936	0	0	0.232854	0	0	0
K18349	two-component system, OmpR family, response regulator VanR	42.2911078	34.655407	2.497511	14.737297	18.686928	18.972864	20.37844	11.66807	12.941641	20.78654	9.5573108	0.695887	7.376004	5.78619	0.996816	0.559625	4.980892	8.670062	9.978364	48.0029335	56.8880735	7.886815	7.17354	15.528361	30.719324	18.0072464	35.1694	3.320996	0.263919	14.1218	1.7665523	6.912726	29.010403	29.65913	6.96033	3.325152	24.613341	35.9150461	54.5355106	76.467656	70.9309643	13.1543271
K18350	two-component system, OmpR family, sensor histidine kinase VanS [EC:2.7.13.3]	0.146208	0.365219	0	0	0	0	0	0	0	0	0	0	0	0	0	0	0	0	0	0	0	0.535101	0.389599	0	0	0	0	0	0	0	0	0	0	0	0	0	0	0.211211	0.0924227	0	0	0.145651
K18369	alcohol dehydrogenase [EC:1.1.1.-]	0.125708	0.233192	0.192439	0	0	0	0	0.410791	0.2739	0.317852	0.678019	0	0.0823568	0.155488	0	0.0359151	0.137661	0.243643	0.869877	0.236055	0.0896527	0.179661	0.0318379	0	0	0.107149	0	0.262896	0	0.168186	0.379136	0.271757	0	0.121722	0.365628	0.777952	0.0874021	0.0893002	0.1481989	0.0591266	0	0.324305
K18405	NO_NAME	0	0	0	0	0	0	0	0	0	0	0	0	0	0	0	0.1261237	0	0	0	0	0	0	0	0	0	0	0	0	0	0	0	0	0	0	0	0	0	0	0	0	0	0
K18417	NO_NAME	0	0	0	0	0	0	0	0	0	0	0	0	0	0	0	0.043734	0	0	0	0	0	0	0	0	0	0	0	0	0	0	0	0	0	0	0	0	0	0	0	0	0	0
K18429	GDP/UDP-N,N'-diacetylbacillosamine 2-epimerase (hydrolysing) [EC:3.2.1.184]	0	0	0	0	0	0	0	0	0	0	0.229677	0	0	0	0	0	0	0	0	0	0	0	0	0	0	0	0	0	0	0	0	0	0	0	0	0	0	0	0	0	0	0
K18430	N,N'-diacetyllegionaminate synthase [EC:2.5.1.101]	0	0	0	0	0	0	0	0	0	0	0.169637	0	0	0	0	0	0	0	0	0	0	0	0	0	0	0	0	0	0	0	0	0	0	0	0	0	0	0	0	0	0	0
K18435	transcription factor SOX9 (SOX group E)	0	0	0	0	0	0	0	0	0	0	0	0	0	0	0	0.0155795	0	0	0	0	0	0	0	0	0	0	0	0	0	0	0	0	0	0	0	0	0	0	0	0	0	0
K18446	NO_NAME	0	0.3698344	1.7920434	0.113824	0	0.091853	1.134777	0	0	1.1479839	0.299614	0	0.365746	1.4221	10.5123	0.0951966	0.127835	0	0	0	0.168036	0	0.1685306	0	0	0	0.119466	0.3426737	3.81515	0.0800993	0.4024257	0	2.52518	0.2714237	0	0.179476	0	0	0	0	0	0.440812
K18455	NO_NAME	0	0	0	0	0	0	0	0	0	0	0	0	0	0	0	0	0	0	0	0	0	0	0	0.138238	0	0	0	0	0	0	0.156808	0	0	0	0	0	0	0	0	0	0	0
K18456	NO_NAME	0	0	0	0	0	0	0	0	0	0	0	0	0	0	0	0	0	0	0	0	0	0	0	0	0	0	0	0	0	0	0	0	10.5815	0	0	0	0	0	0	0	0	0
K18459	NO_NAME	0	0	0	0	0	0	0	0	0	0	0	0	0	0	0	0	0	0	0	0	0	0	0	0	0	0	0	0	0	0	0	0	2.8297	0	0	0	0	0	0	0	0	0
K18471	methylglyoxal reductase [EC:1.1.1.-]	4.57627	2.5703543	3.3274271	0.642541	0.9678545	2.371842	8.380625	4.37887	3.75847	6.54381	4.826355	0.1516529	0.555034	2.434293	0.0733348	0.370725	3.16651	4.3260295	5.38193	8.24807	26.6432091	0.78148	0.2927023	9.9659815	4.84113	4.21476	1.85662	0.627185	3.30764	3.744975	0.967223	0.599999	16.61664	30.3168252	1.47668	1.0188744	4.8943298	7.4284715	0.60546	1.9562523	6.71444	13.410026
K18473	acetoacetyl-[acyl-carrier protein] synthase [EC:2.3.1.180]	0	0	0	0	0	0	0	0	0	0	0	0	0	0	0	0	0	0	0	0	0	0	0	0	0	0	0	0	0	0	0	0	9.63037	0	0	0	0	0	0	0	0	0
K18474	trans-2-decenoyl-[acyl-carrier protein] isomerase [EC:5.3.3.14]	0	0	0.0470991	0	0	0	0	0	0	1.4882725	0.2284916	0	0	0	0.0601851	0.1241115	0.074611	0	0	0	0	0	0	0.3635599	0	0	0	0	0	0	0.0491392	0.0662067	0	0.223776	0.36377	0.0525088	0.147283	0.164195	0	0	0	0.25048
K18475	NO_NAME	32.513022	20.831574	4.4676251	13.00877	14.26037	14.5412459	16.9726968	11.1976941	11.649803	6.4754166	6.988331	0.593533	6.8213587	11.5334709	4.61789	0.772025	19.608299	14.048944	10.5678743	33.2274027	56.81277	3.645112	4.2278652	4.87992	1.07353	7.853466	5.1307052	3.171278	0	6.4633683	1.963516	6.291918	13.608894	28.917568	6.08218	5.419715	15.1010012	22.366193	41.75776	59.4142116	49.039643	0.3566387
K18478	NO_NAME	0	0.520314	4.75349	0	0	0.111266	0.5564452	0	0	0.84677	0	0	8.62578	6.28522	36.7964	0	0.0489987	0	0	0	0	0	0.2498097	0	0	0	0.0566635	0	0.818033	0.121574	0.1018229	0	3.12406	0	0.0347375	3.06776	0	0	0	0	0	1.24353
K18479	NO_NAME	0	0	2.48254	0	0	0.0922108	0.4762367	0.0484407	0	0.4137696	2.49628	0	3.94004	2.4408	15.8176	0	0.0244878	0	0	0	0	0	0.274953	0.1208045	0	0	0.0866454	0	4.785	0	0.07505	0.0238072	5.307872	0.0773885	0	0.993526	0	0	0	0	0	0.527044
K18483	NO_NAME	0	0	0	0	0	0	0	0	0	0	0	0	0	0	0	0.0709855	0	0	0	0	0	0	0	0	0	0	0	0	0	0	0	0	0	0	0	0	0	0	0	0	0	0
K18485	NO_NAME	0	0	0	0	0	0	0	0	0	0	0	0	0	0	0	0.103258	0	0	0	0	0	0	0	0	0	0	0	0	0	0	0	0	0	0	0	0	0	0	0	0	0	0
K18486	NO_NAME	0	0	0	0	0	0	0	0	0	0	0	0	0	0	0	0.00694471	0	0	0	0	0	0	0	0	0	0	0	0	0	0	0	0	0	0	0	0	0	0	0	0	0	0
K18487	zinc finger protein ZIC 3	0	0	0	0	0	0	0	0	0	0	0	0	0	0	0	0.0311287	0	0	0	0	0	0	0	0	0	0	0	0	0	0	0	0	0	0	0	0	0	0	0	0	0	0
K18488	NO_NAME	0	0	0	0	0	0	0	0	0	0	0	0	0	0	0	0.0283609	0	0	0	0	0	0	0	0	0	0	0	0	0	0	0	0	0	0	0	0	0	0	0	0	0	0
K18489	homeobox protein DLX5	0	0	0	0	0	0	0	0	0	0	0	0	0	0	0	0.0649055	0	0	0	0	0	0	0	0	0	0	0	0	0	0	0	0	0	0	0	0	0	0	0	0	0	0
K18495	NO_NAME	0	0	0	0	0	0	0	0	0	0	0	0	0	0	0	0.0783866	0	0	0	0	0	0	0	0	0	0	0	0	0.072087	0	0	0	0	0	0	0	0	0	0	0	0	0
K18499	Ski-like protein	0	0	0	0	0	0	0	0	0	0	0	0	0	0	0	0.0265035	0	0	0	0	0	0	0	0	0	0	0	0	0	0	0	0	0	0	0	0	0	0	0	0	0	0
K18530	NO_NAME	0	0	1.94334	0	0	0.0192117	0.312446	0	0	0	0	0.0254381	2.2874	2.67278	1.50312	0	0.579628	0	0	0	0	0.0747406	0.0891037	0	0	0	0.0840641	0.197868	0.787764	0	0	0.0333697	0	0.44961	0	1.59549	0	0	0	0	0	0.587549
K18531	NO_NAME	0	0	3.14286	0	0	0.0193601	0.274459	0	0	0	0	0.0149498	8.25099	4.78832	34.6	0	0.206434	0	0	0	0	0	0.0380395	0	0	0	0.161379	0.253885	0.592779	0	0	0	0	0.178827	0	0.548024	0	0	0	0	0	0.51102
K18532	adenylate kinase [EC:2.7.4.3]	0	0	0.170199	0	0	0	0	1.269	0	0	0	0	0	0	0	0	0.441611	0	0	0	0	0	0	0	0	0	0	0	0	2.30686	0	0	0	0	0	0	0	0	1.66847	0	0	0
K18552	NO_NAME	0	0	0	0	0	0	0.0962912	0	0	0	0	0.0342073	0	0	0	0	0	0	0	0	0	0	0	0	0	0	0	0	0	0	0	0	0	0	0	0	0	0	0	0	0	0
K18555	NO_NAME	0	0	0	0	0	0	0	0	0	0	0	0	0	0	0	0	0	0	0	0	0	0	0	0	0	0	0	0	0	0	0	0	0.551607	0	0	0	0	0	0	0	0	0
K18567	NO_NAME	0	0	0	0	0	0	0.0548119	0	0	0	0	0	0	0	0	0	0	0	0	0	0	0	0	0	0	0	0	0	0	0	0	0	0	0	0	0	0	0	0	0	0	0.056424
K18581	NO_NAME	0	0	0	3.091678	0	0	0	1.12963	0.483434	0	0	0.26192	0.101479	3.073794	1.31465	0	0	3.0452	0.295157	0	0.796265	0	0	0.6883635	0.3704608	0.670531	0	0.267858	0	0.0487008	0	0	0.161611	0.2513361	0.272513	0.710905	0.3959124	0.1378397	0.0507196	0.135243	5.1217829	0.102589
K18589	dihydrofolate reductase (trimethoprim resistance protein) [EC:1.5.1.3]	0	0	0	0	0	0	0.329887	0	0	0	0	0	0	0	0	0	0	0	0	0	0	0	0	0	0	0	0	0	0	0	0	0	0	0	0	0	0	0	0	0	0	0.417955
K18590	dihydrofolate reductase (trimethoprim resistance protein) [EC:1.5.1.3]	0	0	0	0	0	0	0.236258	0	0	0	0	0.0966394	0	0	0	0	0	0	0	0	0	0	0	0	0	0	0	0	0	0	0	0	0	0	0	0	0	0	0	0	0	0
K18625	protein Shroom	0	0	0	0	0	0	0	0	0	0	0	0	0	0	0	0.022124	0	0	0	0	0	0	0	0	0	0	0	0	0	0	0	0	0	0	0	0	0	0	0	0	0	0
K18640	NO_NAME	52.367753	39.51249	48.3214982	13.7891363	20.2658	56.6927942	47.408167	56.778498	74.281635	34.492985	29.09195	0.757104	21.567157	43.80374	6.994773	9.1550073	50.35869	51.767	46.3593	90.35303	153.38232	18.3872743	18.530818	19.6918	25.119891	40.433725	51.8762047	12.203851	0.0683323	27.694823	19.653854	28.209397	27.2598376	41.1263265	53.4337	94.830679	38.7696	20.4173522	75.0983448	122.719344	69.6274402	18.728343
K18646	NO_NAME	0	0	0	0	0	0	0	0	0	0	0	0.0874294	0	0	0	0	0	0	0	0	0	0	0	0	0	0	0	0	0	0	0	0	0	0	0	0	0	0	0	0	0	0
K18657	NO_NAME	0	0	3.544398	0	0	0.0854065	0.2719677	0.0358019	0	0	0.683852	0	7.97897	6.89017	32.7383	0	0.384025	0	0	0	0.026487	0.282638	0.0626447	0	0	0.068833	0.218868	0.1243	3.53251	0	0.1158532	0.0345919	9.1069233	0.9289057	0.0440186	3.27029	0	0	0	0	0	0.926042
K18668	NO_NAME	0	0	0	0	0	0	0	0	0	0	0	0	0	0	0	0.0286972	0	0	0	0	0	0	0	0	0	0	0	0	0	0	0	0	0	0	0	0	0	0	0	0	0	0
K18669	dual specificity tyrosine-phosphorylation-regulated kinase 2/3/4 [EC:2.7.12.1]	0	0	0	0	0	0	0	0	0	0	0	0	0	0	0	0.0487641	0	0	0	0	0	0	0	0	0	0	0	0	0	0	0	0	0	0	0	0	0	0	0	0	0	0
K18672	NO_NAME	5.1284367	3.7731543	5.7776792	8.2969378	10.4185054	17.8849847	9.147592	9.3425833	11.3239001	5.8324403	8.3239278	13.7673321	7.5705879	2.9251254	0.8542941	7.103875	8.2575638	8.0768299	8.005334	14.4816309	16.482896	11.9661136	4.5143853	7.8707278	20.0847686	16.814772	17.523654	3.8347821	27.71961	10.6990874	7.4085116	9.1765176	15.3678754	10.526358	12.2497407	12.6053922	7.3449507	8.3957665	13.066487	12.928686	13.288034	15.737979
K18673	NO_NAME	0	0	0	0	0	0	0.408879	0	0	0	0	0	0	0	0	0	0	0	0	0	0	0	0	0	0	0	0	0	0	0	0.122393	0	0	0.215814	0	0	0	0	0	0	0	0
K18675	N,N'-diacetylchitobiose phosphorylase [EC:2.4.1.280]	0	0	0	0.442782	0	0	0	0	0	0	0	0	0	0	0	0.0474071	0	0	0	0	0	0	0	0	0.142566	0	0	0	0	0	0	0	0.232116	0.0505744	0	0	0	0	0	0	0.0759821	0.109524
K18682	ribonucrease Y [EC:3.1.-.-]	14.607766	10.0997049	8.2107477	22.544969	18.1235178	9.133533	16.1470769	11.6297341	9.9907272	61.739272	49.2841453	42.159297	32.1603533	12.5023868	2.9519879	44.8662848	21.7007811	9.5740209	6.8787445	32.4889954	21.24341	29.8329828	27.2019794	30.8074388	22.6029769	33.25444	31.9161903	55.2959917	67.2406052	28.4621502	59.8046714	22.2590203	23.3942278	18.5928885	27.6343301	18.5457933	17.2810881	22.729897	46.8329616	19.7532172	11.9144765	40.6788972
K18691	NO_NAME	0.736935	0.516035	3.93682	0	0	0.2744581	1.6897855	0.8960186	0	1.335407	0.547498	1.0786362	2.948061	4.30999	10.8379	5.433621	0.654868	0.3690015	0	0.14352	0.124027	0.6718638	1.4004853	0	0.541392	1.085452	0.2630717	2.4029324	3.706459	0.1152185	0.5219217	1.135058	16.3484124	0.7019669	0.559807	0.949044	0.209349	1.3591511	4.8548469	0.705971	0	1.2488221
K18692	NO_NAME	0	0	1.0261828	0.169926	0.2047672	0.745883	0.1367787	0.0369188	0	3.001267	0.2765354	0.943582	0	0.0646094	0.0881606	1.526943	0	0.1527374	0.12483	0.20915	0	1.5095108	1.1066038	0.711461	0.755374	0	1.0401785	0	1.66519	0.7701626	14.833436	2.140585	0	0.2399464	0.4419	1.356039	0.0646315	0	0	0.0375917	0	6.5547041
K18697	phosphatidylglycerophosphatase C [EC:3.1.3.27]	0	0.302178	1.26354	0	0	0.0299097	0.854611	0	0	0.0199286	0.284396	0.0503759	3.03433	2.13083	10.9084	0	0.132569	0	0	0	0	0.0694961	0.306248	0.0443202	0	0.0229793	0.26394	0	0.536798	0	0	0	4.80345	0.715286	0	1.11618	0	0	0.016996	0	0	0.383126
K18698	beta-lactamase class A TEM [EC:3.5.2.6]	0	0	0	0	0	0.0051926	0.1860376	0	0	0	0	0.00793841	0	0	0	0	0.142398	0	0	0	0	0	0.01306163	0	0	0	0	0.00827978	2.754072	0	0	0.0369224	9.79764	0.09157663	0	0	0	0	0.154879	0.0617012	0	0.19371793
K18699	beta-lactamase class A SHV [EC:3.5.2.6]	0	0	2.265052	0	0	0	0.115637	0	0	0	0	0	0	0	0	0.565003	0.1378473	0	0	0	0	0	0	0	0	0	0	0	0	0	0.377418	0	0	0	0.1705366	0	0	0	0	0	0	0
K18702	NO_NAME	0	0	1.7519	0	0	0.0336995	0.22288	0	0	0	0.416314	0	2.87173	1.99426	8.01777	0	0.323437	0.0173167	0	0	0	0.051472	0.0656893	0	0	0.090344	0.047251	0.0586099	0.630385	0	0.01872	0	3.63625	0.483632	0	0.955221	0	0	0	0	0	0.390889
K18704	NO_NAME	7.91889	2.978647	11.5418254	0.113095	0	0	0	3.63737	13.910439	0.823904	5.97876	0	19.64787	3.752981	1.1466431	0.3924271	10.43248	1.879521	1.5117717	6.83317	40.78241	1.200112	0.0457949	0.4355059	0.096937	2.395331	4.5997965	7.7907686	0	1.1925076	5.04765	3.399798	1.326623	5.422615	1.0342292	14.5082754	0.5885357	0.892087	4.76354	22.213949	40.660738	0
K18707	NO_NAME	2.4104099	3.78103	1.936908	5.233837	1.95451	4.398553	5.088729	7.089591	4.8427529	8.378473	5.528772	9.4876012	10.2434301	1.557315	0.3758642	21.460091	3.568306	5.491256	6.176564	3.6756113	4.0203116	7.3103977	3.440662	4.0523818	3.332465	7.1357877	4.234725	33.86734	4.324304	8.3022848	1.5463615	3.3732465	5.257819	6.520787	5.821915	1.546244	4.199002	8.0407661	10.2906443	7.9963232	2.841424	1.5305649
K18729	NO_NAME	0	0	0	0	0	0	0	0	0	0	0	0	0	0	0	0.0278296	0	0	0	0	0	0	0	0	0	0	0	0	0	0	0	0	0	0	0	0	0	0	0	0	0	0
K18741	NO_NAME	0	0	0	0	0	0	0	0	0	0	0	0	0	0	0	0.0427953	0	0	0	0	0	0	0	0	0	0	0	0	0	0	0	0	0	0	0	0	0	0	0	0	0	0
K18751	NO_NAME	0	0	0	0	0	0	0	0	0	0	0	0.0453556	0	0	0	0.0480287	0	0	0	0	0	0	0	0	0	0	0	0	0	0	0	0	0	0	0	0	0	0	0	0	0	0
K18760	NO_NAME	0	0	0	0	0	0	0	0	0	0	0	0	0	0	0	0.0485111	0	0	0	0	0	0	0	0	0	0	0	0	0	0	0	0	0	0	0	0	0	0	0	0	0	0
K18761	NO_NAME	0	0	0	0	0	0	0	0	0	0	0	0	0	0	0	0.0375146	0	0	0	0	0	0	0	0	0	0	0	0	0	0	0	0	0	0	0	0	0	0	0	0	0	0
K18762	NO_NAME	0	0	0	0	0	0	0	0	0	0	0	0	0	0	0	0.0578824	0	0	0	0	0	0	0	0	0	0	0	0	0	0	0	0	0	0	0	0	0	0	0	0	0	0
K18765	NO_NAME	0	0.378515	2.56126	0	0	0	0.292076	0.0639926	0	0	0.223594	0	3.28902	1.9574	12.0139	0	0.281865	0	0	0	0	0.0229116	0.119047	0	0	0	0.173413	0.0264047	0.0955771	0	0.0208828	0.0119599	4.075495	0.340811	0.144985	0.36812	0	0	0	0	0	0.545609
K18767	beta-lactamase class A CTX-M [EC:3.5.2.6]	0	0	0	0	0	0	0	0	0	0	0	0	0	0	0	0	0	0	0	0	0	0	0	0	0	0	0	0	0	0	0.0752567	0	0.0748297	0	0	0	0	0	0	0	0	0
K18770	NO_NAME	0	0	0.0824626	0	0	0	0	0	0	0	0	0	0	0	0	0	0	0	0	0	0	0	0	0	0	0	0	0	0	0	0	0	0	0	0	0	0	0	0	0.0508988	0	0
K18773	NO_NAME	0	0	0	0	0	0	0	0	0	0	0	0	0	0	0	0.05047	0	0	0	0	0	0	0	0	0	0	0	0	0	0	0	0	0	0	0	0	0	0	0	0	0	0
K18778	NO_NAME	0	0.410861	7.634954	0.0382154	0	0.3672904	2.648306	0.0742105	0	1.1785222	1.17636	0.00679515	4.699951	7.38808	16.7385	0.685608	0.688015	0	0	0	0	0.155352	0.4455064	0.0311691	0	0	0.2027297	0.1820173	3.64081	0	0.610137	0	10.1912481	1.5080608	0.480536	2.063468	0	0.0591545	0	0	0	2.648435
K18779	NO_NAME	0	0	0.23964	0	0	0	0	5.89701	0.250571	0	0	0	0	0	0	0	4.403645	0	0	0	0	0	0	0	0	0	0	0	0	7.41906	0	0	0	0	0	0	0	0	7.57072	2.59382	0	0
K18785	NO_NAME	0.570579	1.6138608	0	0.0727322	0.114166	0.5783598	3.247577	4.0381146	1.7749376	7.99713	3.123183	24.573977	7.1219884	1.1297709	0.1488815	15.268634	1.0632557	9.0991798	5.0295231	1.5120584	0.936858	4.253428	1.426457	3.147849	2.6780779	8.0712739	1.689618	42.212326	55.8037909	4.1693614	0.0748151	1.5053761	4.6188638	5.619707	0.6409257	0.3556616	3.9009509	3.919363	0.4374255	0.4090754	0.87054	2.259171
K18788	NO_NAME	0	0	0	0	0	0.099011	0	0	0	0	0	0	0	0	0	0	0	0	0	0	0	0	0	0	0	0	0	0	0	0	0	0	0	0	0	0	0	0	0	0	0	0
K18792	beta-lactamase class D OXA-10 [EC:3.5.2.6]	0	0	0	0	0	0	0.0884063	0	0	0	0	0	0	0	0	0	0	0	0	0	0	0	0	0	0	0	0	0	0	0	0	0	0	0	0	0	0	0	0	0	0	0
K18795	beta-lactamase class A CARB-1 [EC:3.5.2.6]	0	0	0	0	0	0	0.119156	0	0	0	0	0	0	0	0	0	0	0	0	0	0	0	0	0	0	0	0	0	0	0	0	0	0	0	0	0	0	0	0	0	0	0
K18796	beta-lactamase class A LAP [EC:3.5.2.6]	0	0	0.109126	0	0	0	0.138764	0	0	0	0	0	0	0	0	0	0	0	0	0	0	0	0	0	0	0	0	0	0	0	0	0	0	0	0	0	0	0	0	0	0	0
K18800	2-octaprenylphenol hydroxylase [EC:1.14.13.-]	0	0	3.74083	0.0121408	0	0.2569362	1.51481	0	0	0	0.320857	0.0399223	0	5.12688	0	0.311084	0.540859	0.00938697	0	0	0	0.0103532	0.0857274	0	0	0	0.1470346	0.0164333	1.67616	0.00816891	0.4150914	0	2.2938646	0.377197	0.205357	1.90213	0	0	0	0	0	1.366392
K18815	NO_NAME	0	0	0	1.3708	0	0	0	0	0	0.0389137	0	0	0	12.9985	0	0	0	0	0	0	1.13147	0	0	0	0	0	0.129346	0	0	0	0	0	0	0.1479439	0.0650349	1.40139	0	0	0	0	3.75551	0.1481674
K18816	NO_NAME	0	0	0	0	0	0	0.219248	0	0	0	0	0	0	0	0	0	0	0	0	0	0	0	0	0	0	0	0	0	0	0	0	0	0.517784	0	0	0	0	0	0	0	0	0
K18824	dihydropteroate synthase type 2 [EC:2.5.1.15]	0	0	0	0	0	0	0	0	0	0	0	0.0908166	0	0	0	0	0	0	0	0	0	0	0	0	0	0	0	0	0	0	0	0	0	0	0	0	0	0	0	0	0	0
K18825	dihydropteroate synthase type 3 [EC:2.5.1.15]	0	0	0	0	0	0	0.102452	0	0	0	0	0.13096	0.0504839	0	0	0	0	0	0	0	0	0	0	0	0	0	0	0	0	0	0	0	0	0	0	0	0	0	0	0	0	0
K18828	NO_NAME	0.214876	0.322819	0.624064	0.793924	0.141848	0	0	0.27988	0.102998	0.0924201	0.487536	0.236359	0.385842	3.882596	43.5814	0.0885328	1.64373	0.654734	0.262869	1.808352	1.644036	1.55968	1.07465	0	0	0	0	0	0	0.842187	0.758838	0.910815	0.14545	0.281694	1.26999	0	0	0	1.23811	1.56677	1.241932	0
K18829	NO_NAME	0.105111	0.334775	0.462269	0	0	0	0	0.761895	0.106812	0.0958431	0.379194	0.103798	0.604045	6.618194	59.20756367	0.0491849	2.38625	0.428831	1.02227	1.70098	1.60775	2.53166	1.4259286	0	0	0	0	0	0	0.911352	1.57389	0.734649	0	0.104331	1.495	0	0	0	2.03924	2.27472	1.99706	0
K18830	NO_NAME	0.506783	0.129128	0.0103609	2.593422	1.6526778	0.139853	0.176181	0	0.0411991	1.3189781	1.90551	0.260236	0.2740772	0.03781536	0.0964825	0.3583467	0.043829	0.0620274	0.1153969	0.13167	0	0.0406874	0.195392	0	0.760689	0.282932	1.18783	0.198556	0.481694	0.153791	0.108405	0.101202	1.887384	1.6508189	0	0.13951	0.347933	0.292815	0	0	0.00523415	0.382692
K18831	NO_NAME	0	0.669551	0.277362	0	0	0.0344529	0.187406	1.1861	0	0	0.388563	0	0.641186	0.66045	6.39215	0	0	0	0	0	0	1.22651	0	0	0	0	0.246398	0.456058	1.85307	0.2112821	0	0.0463588	5.24605	0.273732	2.9399	0.456401	0.241093	3.210421	0	0	0	0.242999
K18837	NO_NAME	0	0	0.48199	0	0	0	0.060903	0	0	0.283037	0	0	0	3.239141	1.74105	0	1.05464	0	0	0	0	0.2021809	0	0	0.0178222	0	0.0110959	0	3.62779	0.0380612	0.0948548	0	4.6539	0.7067778	0	1.824607	0	0	0	0	0	0.220406
K18838	NO_NAME	0	0	0.9288829	0	0	0	0	0	0	0.785571	0	0	0	3.965973	0.14824	0	1.1095015	0	0	0	0	0	0.146544	0	0	0	0	0.0737996	0	0	0	0	2.682158	1.257564	0	3.477337	0	0	0	0	0	0
K18839	NO_NAME	0	0	10.9211	0.107578	0	0	2.39802	0.367342	0	0.0315581	2.55956	0	2.70089	2.82946	44.6574	0	1.15051	0	0	0	0	0	0	0	0	0	2.86717	0	4.65084	0	0	0	7.27251	0	0	0	0	0	0	0	0	1.76325
K18840	NO_NAME	0	0	6.22857	0	0	0	0.144242	0.0599742	0	0	0	0.147502	14.6417	7.13899	71.6883	0	0	0	0	0	0	0.149901	0	0	0	0	0	0.438913	0	0	0	0.149139	9.94404	0	0	1.0249	0	0	0	0	0	0.230302
K18841	NO_NAME	0	0	0	0	0	0	0.140562	0	0	0	0	0	4.39399	2.44631	19.401	0	0.467906	0	0	0	0	0	0	0	0	0	0.147055	0	0	0	0	0	4.81281	0	0	0	0	0	0	0	0	0.135509
K18842	NO_NAME	0	0	0	0	0	0	0.241817	0	0	0	0	0.164855	15.0138	8.40516	68.537	0	0.72189	0	0	0	0	0	0	0	0	0	0.168657	0	0	0	0.17855	0.0833425	10.1245	0	0	0.0204549	0	0	0	0	0	0.248929
K18843	NO_NAME	0	0	2.62627	0	0	0.0582721	0.314027	0.048176	0	0	0	0	5.59872	3.86103	22.4616	0	0.319587	0	0	0	0	0	0.044844	0	0	0	0.0895992	0.0456951	0	0	0	0	4.2928	0.46949	0	1.68071	0	0	0	0	0	0.4702
K18846	NO_NAME	0	0	0	0	0	0.0828077	0.0405458	0	0	0	0	0	0	0	0	0	0	0	0	0	0	0	0	0	0	0	0	0	0	0	0	0	0	0	0	0	0	0	0	0	0.13996	0
K18850	NO_NAME	0	0	2.081874	0	0	0.0188116	0.333324	0	0	0	0	0	3.76791	4.16559	13.0694	0.219503	0.1665668	0	0	0	0	0.0187193	0.0208168	0	0	0	0.0833954	0.029283	0.0456026	0.0182285	0.129011	0.011112	0.48633	0.0270851	0.122545	0.334855	0	0	0	0	0	0.4440774
K18853	dihydromethanopterin reductase (acceptor) [EC:1.5.99.15]	0	0	0.322097	0	0	0	0	1.94336	0.108535	0	0	0	0	0	0	0	0.544328	0	0	0	0	0	0	0	0	0	0	0	0	2.36474	0	0	0	0	0	0	0	0	2.41748	0	0	0
K18855	NO_NAME	0	0	0.102458	0	0	0	0	1.84222	0.107609	0	0	0	0	0	0	0	0.652529	0	0	0	0	0	0	0	0	0	0	0	0	2.62823	0	0	0	0	0	0	0	0	2.08871	0	0	0
K18856	D-alanine---D-serine ligase [EC:6.3.2.35]	0.179739	0.140606	0	0	0	0	0	0	0	0	0	0	0.0450148	0	0	0	0	0	0	0	0	0.199368	0.300903	0	0	0	0	0	0	0	0	0	0	0	0	5.86799	0	0	0.4125474	0.0865557	0	0
K18862	NO_NAME	0	0	9.78468	0	0	0.493599	1.3159358	0	0	0	1.334298	0	17.30612	21.375494	85.24561	0	1.191118	0.0851357	0	0	0.0434093	0	0	0	0	0	0.5144047	3.6557683	3.077761	0	0.867244	0.425047	17.26453	1.475934	0.0430331	8.41993	0	0	0	0	0	1.63226
K18866	D-alanyl-D-alanine dipeptidase/carboxypeptidase [EC:3.4.13.22 3.4.16.4]	0.21664	0.0459997	0	0	0	0	0	0	0	0	0	0	0.1897377	0	0	0	0	0	0	0	0	0.347862	0.375868	0	0	0	0	0	0	0	0	0	0	0	0	4.61629	0	0	0.1868	0	0	0
K18882	DNA primase large subunit [EC:2.7.7.-]	0	0	0.319872	0	0	0	0	1.74995	0.0362303	0	0	0	0	0	0	0	0.385431	0	0	0	0	0	0	0	0	0	0	0	0	2.38801	0	0	0	0	0	0	0	0	1.68314	0	0	0
K18887	ATP-binding cassette, subfamily B, multidrug efflux pump	0.26238	0.684974	1.0927	0	0	1.49353	1.07038	0.535727	1.06952	0.25019	0.983676	0.0634538	0.372009	0.277607	0	0.52897	1.94544	0.818848	0.750712	1.18607	1.31047	1.31658	1.26968	0	0	0.341857	0.580758	0	0	1.0214	0.841881	0.780593	0	0.0640214	1.31551	1.337346	0	0.4488286	1.5060362	1.6389	1.17801	0
K18888	ATP-binding cassette, subfamily B, multidrug efflux pump	0.413915	0.61759	1.20801	1.81794	0	1.37855	1.32136	0.637943	0.841578	0.549222	0.900964	0	0.308673	18.692846	0	0.727234	2.2407836	0.991675	0.972501	1.05077	2.213342	1.54612	1.08931	0.127183	0	0.443844	1.009866	0	0	0.911759	0.856403	0.8417225	0	0.350187	1.1507794	1.85458	0	0	1.30001	1.69733	4.94588	0.152297
K18889	ATP-binding cassette, subfamily B, multidrug efflux pump	1.11492	0.375966	7.4699976	1.039066	6.3348548	1.89801	18.3049625	12.2095297	21.4356612	20.6888508	5.342734	0	11.60889	5.2597393	25.8560815	0.1749735	2.124272	8.919637	16.911419	3.04166	5.95328	0.083883	3.9458106	0.172114	0.244439	2.28891	0.326026	4.0418639	0.162847	1.15244	1.726886	9.0823389	7.6489352	2.0261813	10.532463	4.6457414	12.8531	6.43148	0.759251	13.3071	7.345665	7.2460001
K18890	ATP-binding cassette, subfamily B, multidrug efflux pump	0	0.47458	8.33901	0.129187	0	0.8553655	6.514617	0.05694949	0	0.5939922	0.867407	0.0259639	3.89768	1.83083	11.4650844	1.0478703	0.245962	1.4453168	0.372717	0	0	24.3182	50.1574162	0.17341	0.61038	0	0.5146673	0.1799079	0.3480194	0.2900627	1.593696	0.5271774	5.027689	1.2890044	0.0171731	1.753547	0	0.0625614	0.0229594	0	0.0901132	2.0206686
K18891	ATP-binding cassette, subfamily B, multidrug efflux pump	0	0	14.7921	0.101008	0	0	1.77363	0	0	0.423815	0	0	0	0.140393	0	0.8955315	0	2.85602	0.673164	0.59274	0	43.3782	87.3167	0.271674	0.300289	0	0.2575674	0	0	0.1689637	1.147298	0.4009368	6.25011	0.162829	0.50377	0.648544	0	0	0	0	0	1.3030292
K18892	ATP-binding cassette, subfamily B, multidrug efflux pump	0	0	15.5070085	0.5095602	0.4246511	0.971776	3.8502	0.0643519	0	0.290172	0	2.47012	0.0372002	0.491534	0.0232833	0	0.0503874	2.59276	0.532631	0.0527647	0	44.8857	86.6852989	0	0.5698732	0	0.0895992	0	0	0.3845012	0.6184931	0.4817857	6.2379359	0.102808	0.386192	14.7723998	0	0	0	0.0659135	0	7.3466854
K18893	ATP-binding cassette, subfamily B, multidrug efflux pump	0	0	0	0	0	0	0	0	0	0.0926672	0.529974	0	0	0	0	0	0	0	0	0	0	0	0	0	0	0	0	0	0	0	0	0	0	0	0	0	0	0	0	0	0	0
K18898	NO_NAME	0	0	2.63741	0	0	0.0499475	0.448609	0.0787162	0	0.0157381	0.342798	0	5.67509	2.39157	11.2545	0	0.456552	0	0	0	0	0.0476275	0.113978	0	0	0	0.179198	0.140644	0.595196	0.0141071	0.0542027	0	6.02435	0.410804	0	1.33106	0	0	0	0	0	0.403028
K18899	NO_NAME	0	0	2.26297	0	0	0.0100591	0.107321	0.00809391	0	0.00750493	0	0.0110651	4.3001	1.88726	13.5083	0	0.281576	0	0	0	0	0.00814119	0.0135545	0	0	0	0.0787204	0	0.0715219	0	0.00796254	0.00841448	3.08419	0.122316	0.0408553	1.14749	0	0	0	0	0	0.152439
K18900	NO_NAME	0	0	0.0540705	0	0	0	0.0791508	0	0	0.560526	0	0	0	0	0	0	0	0	0	0	0	0	0	0	0	0	0	0	0	0	0	0	0	0	0	0	0	0	0	0	0	0.122218
K18906	NO_NAME	0	0	0	0	0	0	0	0	0	0	0	0	0	0	0	0	0	0	0	0	0	0	0	0	0	0	0	0	0	0	0	0	0	0.0440147	0	0	0	0	0	0	0	0
K18907	NO_NAME	0	0	0	0	0	0	0	0	0	0	0	0	0	0	0	0	0	0	0	0	0	0	0	0	0	0	0	0	0	0	0	0	0	0	0	0	0.087491	0	0	0	0	0
K18908	NO_NAME	0	0	0	0	0	0	0	0	0	0	0	0	0	0	0	0	0	0	0	0	0	0	0	0	0	0	0	0	0	0	0	0	0	0	0	0	0.106915	0	0	0	0	0
K18910	NO_NAME	40.5616	27.2688	0	12.81038	12.69378	15.8935	13.096649	1.24613	1.290433	8.2163108	5.12997	0.127388	0.638335	2.6124565	0.155436	0.0365838	0.540805	4.5581636	4.629634	0.159886	0	2.8095227	3.30344	0.0479588	0	6.65369	2.62419	1.4464537	0	2.343371	0.960767	4.407364	13.9272034	12.637503	2.807068	0.0310503	15.2372	27.403697	22.131216	75.39697	65.8137	0.2145654
K18918	NO_NAME	0.378398	0	0	0.940947	0.226956	0.10761	3.01466	0.117549	0	0.0620609	0	0.453078	5.700164	5.18734	17.3845	0.0520781	0.490885	0.560566	0	0	0	0	0.59426	0	0.0679095	0	0	0.1146919	0.3759424	1.6326749	0.202357	0	1.93934	2.441348	0	1.20548	0	0	0	0	0	0.0940399
K18919	NO_NAME	0	0.0143113	2.49625	0	0	0	1.3703	1.46937	0	0	1.27978	0	12.15401	14.1473	111.6434	0	0	0	0	0	0	0	0	0	0	0	0	0	5.81355	1.53791	0	0	24.2416	0	0	8.34561	0	0	0	0	0	5.6424
K18920	NO_NAME	0	0	0	0	0	0	0	2.93874	0	0	7.67869	0	0	8.48838	0	0	3.06803	0	0	0	0	0	2.73548	0	0	0	0	2.77978	0	0	0	0	29.09	0	0	8.34562	0	5.8563	0	0	0	2.8212
K18921	NO_NAME	0	0	0	0	0	0	0	0	0	0	0	0	0	0.397893	0	0	2.04535	0	0	0	0	0	0.911828	0	0	0	0	0	0	0	0	0	0	0	0	0	0	0	0	0	0	0.984481
K18922	NO_NAME	0	0	44.9326	0.0280044	0	0	0	0	0	0	10.23824	0	78.3258	31.12408	44.6574	0	9.20409	2.89461	0	0	0	0	2.73548	0	0	0	0	2.77978	25.57961	0	0	0	67.87671	0	0	11.1275	0	2.92815	0	0	0	0
K18923	NO_NAME	0	0	0	0	0	0	0	0	0	0.192935	0	0	0	0	0.0075466	0	0	0	0	0	0	0	0	0	0	0	0	0	0	0	0	0	0.142598	0	0	0	0	0	0	0	0	0
K18924	NO_NAME	0	0	0	0.598983	0	0	0	0	0	0	0	0	0	0	0	0.437199	0	0	0	0	0	0.316458	0	0	0	0	0	0	0	0	0.505892	0	0	0	0.213572	0	0	0	0	0.0974879	0.277037	0
K18925	NO_NAME	0	0	0	0.160389	0	0	0	0	0	0	0	0	0	0	0	0.697532	0	0	0	0	0	0.51784	0.0994721	0	0	0	0	0	0	0.111848	0.468971	0	0	0	0.157266	0	0	0	0	0	0	0
K18926	NO_NAME	0	0	0	0	0	0	0	0	0	0	0	0	0	0	0	0	0	0	0.998341	0	0	0	0	0	0	0	0	0	0	0	0	0	0	0	0	0	0	0	0.156136	0	0	0.0465033
K18927	NO_NAME	0	0	0	0	0	0	0	0	0	0	0	0	0	0	0	0	0	0	0	0	0	0	0	0	0	0	0	0	0	0	0	0	0.479303	0	0	0	0	0	0	0	0	0
K18928	NO_NAME	0.374556	2.1175343	2.6034267	0.2462272	0.0498177	0.34954466	8.2965108	0.6781491	0.0439178	5.5567599	1.3543077	21.56686	8.01741	3.43397	16.1363677	12.892017	1.2278341	0.499578	0.0840733	0.7224284	0.4104884	3.15175	0.8223257	0.283928	1.7780247	1.04843	0.7875702	17.8417385	62.685384	1.469523	16.9757594	2.33088	5.609693	4.329897	0.2383967	12.2561833	0.1080835	3.076783	0.1345404	0.0445376	0	8.7693985
K18929	NO_NAME	0.2203095	1.711012	1.1780002	0.0140995	0	0.4756987	2.589795	0.8965326	0.148031	5.647721	1.9917969	25.8022538	6.933255	2.606396	12.1938668	14.87599	1.4107367	1.211989	0.1096367	0.8680717	0.544908	4.1072251	1.074037	0.3106387	1.565235	2.57604	1.110136	29.9104146	56.8541466	2.260265	0.7488534	1.2800368	6.820555	5.5860991	0.1539582	2.1337882	1.6712809	3.2588538	0.1195585	0.0684927	0	2.564581
K18930	NO_NAME	0	0	0.119516	0.337376	0	0	0.0477144	0	0	0.11545	0.456766	0	0	0	0	0.574285	0	0	0	0.0624713	0	0.18902	0.0523096	0	0	0	0	0	0	0.0691971	0.4278078	0	5.85455	0.0613045	0.0389186	0.227036	0	0	0	0	0	0.0613971
K18932	NO_NAME	0	0	0	0	0	0	0	0	0	0	0	0	0	0	0	0.025911	0	0	0	0	0	0	0	0	0	0	0	0	0	0	0	0	0	0	0	0	0	0	0	0	0	0
K18933	tyrosine decarboxylase / aspartate 1-decarboxylase [EC:4.1.1.25 4.1.1.11]	0	0	0.176206	0	0	0	0	6.66393	0.2738613	0	0	0	0	0	0	0	4.833549	0	0	0	0	0	0	0	0	0	0	0	0	8.62811	0	0	0	0	0	0	0	0	8.56276	2.90723	0	0
K18939	NO_NAME	0	0	0.0878963	0	0	0	0	0	0	0	0	0	0	0	0	0	0	0	0	0	0	0	0	0.0405285	0	0	0	0	0	0	0	0.0407719	0	0	0	0	0	0	0.0700501	0.1866977	0	0
K18940	two-component system, OmpR family, sensor histidine kinase ArlS [EC:2.7.13.3]	0	0	0	0	0	0	0	0	0	0	0	0	0	0.106105	0	0	0	0	0	0	0	0	0	0	0	0	0	0	0	0	0	0	0	0	0	0	0.0570215	0	0	0	0	0
K18942	DNA polymerase [EC:2.7.7.7]	0	0	0	0	0	0	0	0	0	0	0	0	0	0	0	0.426459	0	0	0	0	0	0	0	0	0	0	0	0	0	0	0	0	0	0	0	0	0	0	0	0	0	0
K18943	NO_NAME	0	0	0	0	0	0	0	0	0	0	0	0	0	0	0	0.571745	0	0	0	0	0	0	0	0	0	0	0	0	0	0	0	0	0	0	0	0	0	0	0	0	0	0
K18944	NO_NAME	0	0	0	0	0	0	0	0	0	0	0	0	0	0	0	0.495288	0	0	0	0	0	0	0	0	0	0	0	0	0	0	0	0	0	0	0	0	0	0	0	0	0	0
K18947	NO_NAME	0	0	0	0	0	0	0	0	0	0	0	0	0	0.0490127	0	0	0	0	0	0	0	0	0	0	0	0	0	0	0	0	0	0	0	0	0	0	0	0	0	0	0	0
K18954	NO_NAME	0	0	0	0	0	0	0	0	0	0	0	0	0	0	0	0	0	0	0	0	0	0	0	0	0	0	0	0	0	0	0.0379419	0	0	0	0	0	0	0	0	0	0	0
K18955	NO_NAME	27.3912	45.126517	15.12067	20.97528	101.0800033	103.0680559	42.4178548	20.6446753	11.4484145	1.8364466	0.0595247	2.0450894	25.0237352	0.1275351	0.2818284	4.6751038	3.3851812	11.4881558	4.2252485	30.4744953	1.5551166	33.6148972	67.9689304	2.677183	0.1007242	27.3990976	27.7741763	6.1748278	0	2.7624769	39.5511842	19.362547	57.018784	2.3754268	10.505008	3.371981	56.1317	22.74827	14.9391	0.2484692	29.7777932	23.1716164
K18967	NO_NAME	0	0	0	0	0	0	0	0	0	0	0	0	0	0	0	0	0	0	0	0	0	0	0	0	0	0	0	0	0	0.0407392	0.1952575	0	0	0	0	0	0	0.0680965	0	0	0	0
K18968	NO_NAME	0	0	2.51176	0	0	0.0781787	0.34377	0.0182896	0	1.0151983	0	0	0	1.32686	1.59986	0	0	0	0	0	0	0.024167	0.101943	0	0	0	0.130828	0.0165537	2.99705	0	0.0377063	0	6.57969	0.0962309	0	0	0	0	0	0	0	0.4305246
K18979	NO_NAME	0.8257001	1.296788	2.3850545	1.0190674	0.329822	0.419337	1.179242	1.511633	0.0791323	4.1823877	3.1004752	2.16844	1.466492	1.601622	2.0929253	3.8795131	0.288209	0.33727	0.2159165	0.0696954	0.0124957	2.3950651	2.4780337	0.456193	0	1.844883	0.302835	0.56438	4.30555	3.2760465	0.81248	1.054064	12.5444402	2.652402	3.9791018	10.7359207	0.560119	3.5039466	7.1921258	0.968947	0.1584716	4.5425888
K18986	two-component system, OmpR family, sensor kinase Ihk [EC:2.7.13.3]	0	0	0	0	0	0	0	0	0	0	0.0750972	0	0	0	0.0233971	0	0	0	0	0	0	0	0	0	0	0	0	0	0	0	0	0	0	0	0	0	0	0	0	0	0	0
K18987	two-component system, OmpR family, response regulator Irr	0	0	0	0.156593	0	0	0	0	0	0.244995	0.090872	0	0	0	0.132122	0	0	0.0685115	0.0653283	0	0	0.117969	0.0812077	0	0	0	0	0	0	0	0	0	0	0.10001	0.274592	0.0493823	0	0	0	0	0	0
K18988	NO_NAME	0	0.439393	2.36253	0	0	0.0894556	0.61174	0.0183545	0	0.0125562	0.365659	0	2.31505	2.02946	9.10901	0	0.237407	0.0825306	0	0	0	0.0339062	0.12212	0	0	0	0.226306	0.154988	1.01045	0.0155756	0.126473	0	6.65925	1.76898	0	0.902452	0	0	0	0	0	1.25946
K18991	NO_NAME	0	0	0	0	0	0	0	0	0	0	0	0	0	0	0	0	0	0	0	0	0	0	0	0	0	0	0	0	0	0	0	0	0.464001	0	0	0	0	0	0	0	0	0
K18992	NO_NAME	0	0	0	0	0	0	0	0	0	0	0	0	0	0	0	0	0	0	0	0	0	0	0	0	0	0	0	0	0.0433607	0	0	0	0	0	0	0	0	0	0	0	0	0
K18997	NO_NAME	0	0.521477	4.46445	0	0	0	0.263519	0	0	0	0.984447	0.10779	7.63521	4.788311	23.0954425	0	0.531005	0	0	0	0	0	0.105211	0	0	0	0.385966	0.106915	3.26453	0	0	0	8.90416	0.595892	0	3.530838	0	0	0	0	0	0.976568
K19000	NO_NAME	0	0	5.39731	0.0434551	0	0	0.814772	0.0794253	0	0	1.17601	0.160145	10.8036	9.71193	46.6402	0	1.07796	0.0827032	0	0	0.0213839	0.38928	0.073932	0.0423165	0	0	0.309965	0.525905	2.96468	0	0	0.076585	7.43841	0.989736	0	4.13521	0	0.158278	0.0224916	0	0	0.991232
K19002	1,2-diacylglycerol 3-alpha-glucosyltransferase [EC:2.4.1.337]	0	0.623654	0.4237659	0.164128	0.2224498	0	6.9237693	1.7406381	0.27909	0.0924201	0.248121	0.165749	1.2488	0.1434086	0.0935786	0.630009	0.2188925	0.1148	0.128554	0.093191	0	1.5040625	0.4947465	0.260214	0.646141	0	0	0.094925	0	2.1833184	0.191786	0.330592	5.9551376	0.1429069	0.1931677	12.6596923	0.03627	0.185326	0	0.0216759	0.37394	5.1344525
K19005	lipoteichoic acid synthase [EC:2.7.8.20]	0	0	0.109211	0.0664261	0	0.899783	2.29635	0	0	0.903848	0.0651385	0	0	0	0	2.0387387	0	0.0758414	0	0.70501	0	0.2406923	0.8600671	0.038367	0.6234182	0.0620464	0.3225466	0	0	0.092645	11.578069	2.2414914	0.0396813	0	0.432111	0.932832	0.1478827	0.1365	0	0.0325035	0	2.8628655
K19022	NO_NAME	0	0	0	0	0	0	0	0	0	0	0	0	0	0	0	0.071913	0	0	0	0	0	0	0	0	0	0	0	0	0	0	0	0	0	0	0	0	0	0	0	0	0	0
K19046	NO_NAME	0	0.732321	0	0.307212	0	0	0.4581306	0.0529502	0	0	0	0.100993	0	0.637266	0	0.5912818	0.106529	0.107874	0.1397456	0	0	1.277892	0.390783	0	0	0.386615	0.3313185	0	0	0.2116577	0.226519	0	0	1.04049	0.107583	0.300743	0	0	0	0	0	1.814081
K19048	NO_NAME	0	0	4.294767	0	0	0	2.018095	0.183671	0	1.733211	1.7597	0	0	4.214471	0	0	1.006698	0	0	0	0	0	0.273941	0	0	0	0.223998	0	0	0	0.0948548	0	3.431058	0.7636207	0	0.0869335	0	0.137257	0.0673511	0	0	1.5158787
K19049	NO_NAME	0.826249	0.652222	0	0	0	0	0.0841466	0.144191	0.0693988	1.354176	0.2436712	2.34651	0.7546358	0	0	1.7217	0.0969222	0.401302	0	0.200757	0.133501	1.565055	1.217682	0	0	1.2264037	0.3739022	3.5950446	3.95183	2.406191	0.129675	0.943764	0.780339	0.257614	0	0	0	0.217868	0.1691516	0	0	0.344253
K19050	NO_NAME	0.0603827	0.238108	0	0	0	0	0	0	0.0438288	1.32928	0.163376	0.119257	0	0	0	0	0.0848809	0	0	0	0	0	0	0	0	0	0	0	0	0.463334	0	0.108849	0.6042	0.0513728	0	0	0	0	0.0591725	0	0	0
K19052	NO_NAME	0.220783	2.14534	0	0	0	0.1224	0.5374951	0.26635	0.1616187	3.526862	0.571434	3.097122	0.6322476	0	0	9.88494	0.112403	0.671981	0.097705	0.4750713	0.2413128	1.12121	0.3093902	0	1.707631	0.825408	0.0418226	14.77184	3.88952	1.0186535	0	0.9809624	2.445816	1.1315028	0.127178	0	0.0520293	2.844706	0.1346948	0	0	0.669701
K19055	NO_NAME	1.535017	3.826838	4.519725	5.39816	2.66758	5.75710848	2.510359	4.2350403	3.271327	1.089971	3.2110022	2.890761	3.155265	2.8688118	8.8240299	4.6892974	4.002837	2.4658014	2.3808256	3.722813	4.247675	2.5046694	1.3192254	4.34729877	0.408115	1.494067	4.681158	2.1521279	3.62368	3.1577	0.9828845	3.101526	16.8049359	0.851448	2.305218	2.2903316	0.1343996	2.7113446	2.60231	7.61721	1.461322	0.6477321
K19057	NO_NAME	0	0	0	0	0	0	0.114192	0	0	0	0	0	0	0	0	0	0	0	0	0	0	0	0	0	0	0	0	0	0	0	0	0	0	0	0	0	0	0	0	0	0	0
K19063	NO_NAME	0	0	0	0	0	0	0.219248	0	0	0	0	0	0	0	0	0	0	0	0	0	0	0	0.0656516	0	0	0	0	0	0	0	0	0	0	0	0	0	0	0	0	0	0	0.315974
K19064	lysine 6-dehydrogenase [EC:1.4.1.18]	0	0	0	0	0	0	0	0.0887836	0	0	0	0.8608938	1.8295461	0	0	0	0.72181	0	0	0	0	0.0830355	1.85174	0	0	0	0	0	0	2.864617	0	0	0	0	0	0	0	0	0	0	0	0
K19068	NO_NAME	2.1340686	2.323101	0.672344	0	0	1.77978	2.38591	4.42758	2.96659	2.58776	4.13637	0.176665	0.580421	3.07269	0.137098	1.88566	2.27893	4.1244	5.84659	1.88344	0.3886968	4.40582	0.305684	11.2463	8.89413	6.69041	2.83	0	0	1.24266	1.47176	2.80097	0.583468	0.847504	6.55819	16.74123	0	0	2.143455	0.159221	0	5.42938
K19077	two-component system, OmpR family, sensor histidine kinase GraS [EC:2.7.13.3]	0	0	0	0	0	0	0	0	0	0	0	0	0	0	0	0	0	0	0	0	0	0	0	0	0	0	0	0	0	0	0	0	0	0	0	0	0.067533	0	0	0	0	0
K19078	two-component system, OmpR family, response regulator protein GraR	0	0	0	0	0	0	0	0	0	0	0	0	0	0	0	0	0	0	0	0	0	0	0	0	0	0	0	0	0	0	0	0	0	0	0.034654	0	0.0654933	0	0	0	0	0
K19080	cationic antimicrobial peptide transport system permease protein	0	0	0	0	0	0	0	0	0	0	0	0	0	0	0	0	0	0	0	0	0	0	0	0	0	0	0	0	0	0	0	0	0	0	0	0	0.0441672	0	0	0	0	0
K19081	two-component system, OmpR family, sensor histidine kinase BraS/BceS [EC:2.7.13.3]	0	0.0639171	0.43759	0.996195	0	0.100293	0	0.667362	0	0	0	14.6158	0.0645631	0	0.0701758	1.48143	0	0.680407	0	1.39517	0	4.98137	0.1343301	0.0575505	0	0.0597977	0	0	25.8483	0.78432	1.83814	0	0	0	1.86091	0.2666604	0.6055625	0.769952	0.21936	0.1633132	0	0.66315
K19082	two-component system, OmpR family, response regulator protein BraR/BceR	0	0	0.0717314	0.101395	0.0815217	0	0	0	0	0	0	0	0	0	0.0366645	0	0	0	0	0	0.0665276	0	0	0.06615	0	0	0	0	0	0	0	0	0	0	0.0662808	0.14389	0	0	0	0	0	0
K19088	NO_NAME	0	0	0	0	0	0	0	0	0.196834	0	0	0	0	0	0	0	0.253794	0.494048	0.862427	0	0	18.5776	45.701	0	0	0	1.37383	0	0	0	0	0	0	0	0	0.0913199	0	0	0.048192	0.288009	0	0
K19090	NO_NAME	0	0	0	0	0	0	0	1.61005	4.49991	0	0	0	0	0	0	0	0.956556	2.08871	5.02906	0	0	3.6056	0.902179	0	0	6.12118	24.4804	0	0	0	4.23012	7.97343	0	0	0	0.337476	0	0	0.0628184	1.29859	0	0
K19091	NO_NAME	0.150811	0.145555	0	0	0	0	0.0755991	2.5715	3.80621	0	0.226102	2.40992	5.0947448	1.00539	0.186221	0	0.461854	0.12731	0.390405	1.71932	8.78469	0.531225	0	0	0	2.30406	8.62686	2.01781	0	3.397003	1.30967	1.889026	0.356857	1.18683	0.0496917	4.16575	0	0.155602	1.62212	0	0	0
K19092	NO_NAME	0.945995	0.29539	0	0	0	0	0	0	0	4.2622	1.05394	0	0	0	0	0	0	0.227028	0	0	0	0	0	0	0	0.721198	0	0	0	0	0.476134	0.555617	2.173155	0.114977	0	0.113546	0	0	0	0	0	0
K19114	NO_NAME	0	0	0	0	0	0	0	1.40066	0	0	0.167457	0	0	0	0	0	0.546286	0	0	0	0	0	0	0	0	0	0	0	0	2.04573	0	0	0	0	0	0	0	0	1.50789	0	0	0
K19115	NO_NAME	0	0	0	0	0	0	0	0	0	0	0	0	0	0	0	0	0	0	0	0	0	0	0	0	0	0	0	0	0.615922	2.14703	0	0	0	0	0.140265	0	0	0	1.62524	0	0	0
K19116	NO_NAME	0	0	0	0	0	0	0.0225796	1.65896	0.0620201	0.13555	0.141686	2.38883	0.411564	0	0	0	0.428865	0	0	0	0	0	0	0	0	0	0	0	0	0.161114	0	0.863587	0	0	0	0	0	0.0697179	0	0	0	0.0537371
K19117	NO_NAME	6.6679502	2.6285393	5.9789146	0	0.1228655	0	0	3.559748	6.099886	1.04157	3.995532	0.3611731	5.699618	2.249744	0.637935	1.1717476	7.5683462	0.3229462	0.1826357	1.8673044	11.282651	2.167298	1.717215	0.172559	0.0681561	8.0802403	3.3913043	4.8617252	0.039266	1.639586	4.7182667	1.1593689	1.8575366	1.7269713	5.041787	3.800377	2.1675129	3.131735	3.1969668	13.630601	27.95065	0.545706
K19118	NO_NAME	4.7789135	2.6063462	7.8857977	0.2392677	0.256751	8.118298	15.1357372	8.6577889	7.2270781	13.2970063	3.9843391	0.2712216	7.5954429	2.39783	0.481751	4.7155344	7.9863081	3.239203	4.3092258	2.5944924	9.2127742	3.9669137	3.3797966	0.6661559	2.2506634	11.9420449	8.0176025	3.4298901	0	5.5321058	2.1110214	1.1434676	2.023539	1.375112	4.3841448	3.505969	2.6430199	4.7554499	8.5482929	14.341284	19.2653291	0.9506338
K19119	NO_NAME	5.4311041	3.4137614	6.4861791	0	0.089588	12.37409	22.1554806	5.029014	6.390403	13.28832	3.734039	0.3700829	13.6183562	2.9851464	0.809508	1.983725	8.994793	3.3823764	4.277036	3.5561251	11.4492716	5.9126423	11.8129753	1.023063	0.3497414	14.9256495	19.6125555	4.540746	0.0407968	4.7019206	1.934997	1.909341	15.417105	3.015149	3.9456507	4.2537089	2.4078783	3.922827	16.3680042	24.4624861	18.40662	4.4966662
K19123	NO_NAME	0	0.686741	0.899306	0.311413	0	0	0.21175	0	0	0	0	0.0680529	0	0.431039	0.0472798	0.5463077	0.110229	0.87535	0.2290299	0.397091	0	1.312949	0.5833955	4.2837375	0	0.326038	0.470396	0	0	0.0501151	16.7239527	5.456792	0	0.198989	0.2478011	0.142942	0	0	0	0.072065	0.100954	1.935252
K19124	NO_NAME	0.0674039	0.723511	1.1762	0.341914	0	0.0570829	0.340393	0	0	0.0265866	0	0.0535518	0	0.0832194	0	0.723116	0.3481494	1.024801	0.448423	0.4415315	0.0552195	1.5530031	0.511598	5.7645183	0.0313852	0.281174	0.463022	0.0757985	0	0.0817492	19.493074	5.9959705	0	0.170452	0.303547	0	0	0	0	0.115446	21.052466	1.753372
K19125	NO_NAME	0	0.626293	0	0.0850881	0	0	0.140945	0	0	0	0	0	0	0.226357	0	0	0.327486	0.160004	0.12483	0	0	1.31452	0.587979	0.106901	0	0.270136	0.331382	0	0	0	0	0	0	0.418517	0	0	0	0	0	0.131444	0	0.959932
K19126	NO_NAME	0	0.683966	0	0.671993	0	0.0360481	0.164436	0	0	0	0	0.112102	0	0.1622454	0.0391388	1.037764	0.357623	0.110121	0.210009	0.633953	0.0496639	0.1851825	0	6.1540876	0	0.338288	0.420727	0	0	0.136394	0.3084411	0.0695373	0	0	0.267682	0	0	0	0	0.14354	0.174106	1.39733
K19127	NO_NAME	0	0	0	0	0	0	0.868797	0.246361	0.0393121	0	0	0	0	0	0	0	0.0459286	0	0	0	0	0	0	0	0	0.144007	0	0	0	0	0	0	0	0	0	0	0	0	0	0	0	0
K19128	NO_NAME	0	0	0	0	0	0	0.690379	0.298652	0	0	0	0	0	0	0	0	0.162132	0	0	0	0	0	0.093967	0	0	0.287532	0	0	0	0	0	0	0	0	0	0	0	0	0	0	0	0
K19129	NO_NAME	0	0	0	0	0	0	0.646549	0.111086	0	0	0	0	0	0	0	0	0.305749	0	0	0	0	0	0	0	0	0.281959	0	0	0	0	0	0	0	0	0	0	0	0	0	0	0	0
K19130	NO_NAME	0	0	0	0.0525778	0	0	0.913532	0.21142	0	0	0	0	0	0	0	0	0.198649	0.150091	0	0	0	0	0.182366	0	0	0.244257	0	0	0	0.0683514	0	0	3.23223	0.125197	0	0	0	0	0	0	0	0
K19131	NO_NAME	0	2.24463	0	0	0	0	0	0.0505227	0	0	0	0	0	0	0	0	0	0	0	0.411232	0	0	0	0	0	0	0.640801	0	0	0	0	0	0	0	0	0	0	0	0	0	0	0
K19133	NO_NAME	0	0	0	0	0	0	0.08087	0	0	0.118783	0.16784	0	0	0	0	0	0	0	0	0	0	0	0	0	0	0	0	0	0	0	0	0	0	0.0554153	0	0.173297	0	0	0	0	0	0
K19134	NO_NAME	0	0	0	0	0	0	0.0804368	0.820299	2.97381	1.60645	0.93284	0	4.19041	0.843472	0.25069	0.0742544	0.0706728	0	0.0347306	1.5957783	8.22698	0.216117	0	0	0	0	0	1.79669	0	0.158375	0.896622	0.810164	0.259498	1.41992	0	3.61116	0.0961117	0	0	0	0	0
K19137	NO_NAME	0.0641352	0.102135	0.1155253	0.681123	0.192336	0	0	0.683427	0.130347	0	0	0.0644263	0.4022663	0	0	1.5574386	0	0.486093	0.271645	1.25374	1.49687	4.105834	0.3221394	0	0	0.0799242	0.323974	0.109935	2.6067768	0.0521324	0	0	0.205438	0.111404	2.0940636	0	0	0	0	0	0	0.4752727
K19138	NO_NAME	0	0	0	0	0	0	0	3.75344	3.19803	0	0	0	0.561571	0.0698632	0	0	19.312683	7.1019	7.11976	0	0	0	0	0.92365	0.390878	9.047168	5.28014	0.171592	0	1.600311	15.6774	0.993237	0	0	0.5509267	0.0686882	0	0	0	0	0	0
K19139	NO_NAME	0	0	0	0	0	0	0	3.61695	3.64454	0	0	0.14372	1.0388	0	0	0	14.7671	5.609	6.07632	0	0	0	0	0	0	11.7846	3.53933	0	0	1.19427	0	0	0	0	0.813254	0.04076	0	0	0	0	0	0
K19140	NO_NAME	0	0	0	0	0	0	0	3.81866	3.60067	0	0	0.10069	0.727785	0	0	0	21.1364	5.00927	5.38807	0	0	0	0	0	0	11.0208	4.82441	0	0	1.56553	13.0812	1.18993	0	0	0.863238	0	0	0	0	0	0	0
K19147	NO_NAME	0	0.0538835	0.2669421	0	0	7.2019104	6.66821	0	0	0	0.49896	0	0	0	0.0403774	0	0.7427768	0	0.0492879	0.152711	0.0767553	0	0.0548926	0.2783867	0.103026	0.198852	0.0570772	0	0	0	4.3202916	7.7832664	0	0	0.1089879	0.2703997	0	0	0.0940418	0	0.0706656	0.8031364
K19155	NO_NAME	0	0	3.66125	0	0	0.079916	0.365413	0	0	0	0.804434	0.0533818	6.86806	6.11702	32.3082	0	0.847361	0	0	0.0312252	0	0	0.182366	0.0146062	0	0	0.191145	0.397112	1.57243	0.117174	0.0867244	0	8.44996	0.509732	0	1.96056	0	0	0.0666042	0	0	0.578307
K19156	NO_NAME	0	0.0158578	3.00554	0	0	0.045294	0.442032	0	0	0.008461	0.454116	0	4.35628	3.05764	16.8751	0	0.230121	0	0	0	0	0	0.132362	0	0	0	0.0924895	0	0.525095	0	0	0	3.94905	0.636084	0	0.448689	0	0	0	0	0	0.273019
K19157	NO_NAME	36.4484302	64.3763112	65.452382	31.1563628	33.924611	24.6819666	11.8999311	15.4954866	8.775849	14.551029	26.7310522	179.846288	78.3055732	6.0334479	32.9818119	56.1354342	31.4587907	19.8463143	16.251815	48.3316313	15.967497	119.963307	161.9884002	26.26652	8.7250966	16.11134373	13.980333	7.220553	1.5348457	210.8197685	71.2842364	27.8848079	16.3135195	10.012651	13.5407612	157.7455232	52.38839	93.0373704	39.7325453	15.315133	8.92367	71.627181
K19158	NO_NAME	3.3741607	2.5089481	9.6610237	0.1617495	0	3.1404393	1.395355	6.5973296	9.619373	10.7955131	17.2110474	2.6989726	16.3924804	5.319893	22.9800723	2.7103068	3.5362385	1.58213	2.781671	4.180416	12.8770143	3.6517366	3.6750555	0.3308733	0	8.4561325	17.8241353	21.151762	6.282604	5.8872304	2.9032584	6.25663046	9.866187	2.469588	12.1947236	5.9437939	0.1163367	0.405097	10.4523673	7.8332558	14.94345	1.7364516
K19159	NO_NAME	3.0169751	2.2577799	10.4500067	3.4589638	6.7792341	0	0.6060033	8.2463134	11.5079412	16.34384	14.4833733	0.9482976	17.8414089	7.2269907	35.2485898	7.0472111	3.1171201	1.4254359	3.522031	8.4375734	12.8794262	3.5195469	2.504553	1.08267	0.155583	7.1893536	18.3229251	3.1861734	2.701585	2.5417716	7.2463774	2.7053951	7.935087	4.2413907	1.6096069	23.214919	0.2834864	0.328662	9.8326591	8.0106367	16.0008176	10.5663003
K19160	NO_NAME	0	0	0	0	0	0	0.375594	0.101336	0	0	1.99484	0	0	0.954516	0	0	0	0.180913	0	0	0	0	0.245809	0	0	0	0	0	0	0	0	0	7.3378	0.4783893	0	0.923799	0	0	0	0	0	0.407884
K19161	NO_NAME	0	0	0	0.108758	0	0.0582721	0.39967	0.244895	0	0	1.86635	0	0.0562686	2.59367	0	0	0	0.120609	0	0	0	0.296679	0.170968	0	0	0.0350742	0	0.579122	0	0	0	0.177103	13.838	0.645549	0	4.75236	0	0	0.0379197	0	0	0.58775
K19162	NO_NAME	0	0	3.46147	0	0	0	0.876991	0	0	0.0359968	0.204765	0	6.33809	1.43359	1.85009	0	0	0	0	0	0	0.0220443	0.109419	0.0266028	0	0	0.0265482	0.185319	0	0	0	0	5.36549	0.413151	0	0	0	0	0	0	0	0.225696
K19163	NO_NAME	0	0	0	0	0	0	1.0739088	0	0	0	0	0	0	5.20274	0	0	0	0	0	0	0	0	0	0	0	0	0.0716794	0	0	0	0.171812	0	0.121208	0	0	0	0	0	0	0	0	0.42318
K19164	NO_NAME	0	0	5.42664	0	0	0	1.60794	0.383313	0	0.3696137	2.2574401	0.12185	0	17.3476	167.052	0	0	0	0	0	0	0	0	0	0	0	0	0.36258	1.61768	0	0.263944	0.123202	8.22109	0.543486	0	0	0	0	0	0	0	0.245322
K19165	NO_NAME	1.523339	7.8698321	0.351865	0.940947	0.113478	0	0.1903197	2.8967317	0.92658	0.0197717	0.0133266	1.6934393	0.3031965	7.2411138	51.4135029	0.118044	0.237406	5.272286	4.1847	1.221514	0.115758	0.563839	0.12874693	1.1680284	0.4513443	1.36177	0.704591	0.9870412	0	0.2084712	0	0.0445075	6.138515	1.076311	0.2661033	1.722467	0.8571293	0.520071	0.197345	0.445509	3.705783	0.6571119
K19166	NO_NAME	0	0	0	0.0612596	0	0	0.569919	0.489789	0.0600819	0.0490852	0.55845	19.836821	0	1.241342	0	4.61109	1.2529093	0	0	0	0	1.6614	0.170968	0	0	0	0	6.25451	4.69312	0.704874	0	0.0590343	5.617307	0.517863	0.060067	0.354056	0.119389	0.6960364	0	0	0	1.546671
K19167	NO_NAME	0	0	0.0938441	0	0	0	0	1.836397	0.999422	0	0	0.084287	2.216439	0.0483668	0	0	0	3.26579	3.23193	0.059026	0	0.128811	0	0.614856	0.34441	0.701283	0	0.522694	0.664405	0.233016	0	0	0	0	0.299235	0.237767	0	0	0.417116	0.266444	1.09151	0.277845
K19168	NO_NAME	0	0	4.52809	0	0	0	0.637348	0	0	0	1.13097	0	12.311	8.91609	43.5822	0	1.03457	0.100975	2.16804	0.0483775	0	0.165588	0.254464	0	0	0	0.533428	0.290908	2.78509	0	0.0705896	0	7.24432	1.01541	0	3.33178	0	0.170241	0	0	0	0.820116
K19169	NO_NAME	0	1.090464	0	0	0	0	0	0	0	0	0	0	0	0.170424	0	0	0	0.978587	0.958888	0	0	0	0	0	0	0.321435	0	0	0	0	0	0	0	0	0	0.145901	0.495823	0.0646422	0.11096	0	0	0
K19170	NO_NAME	0.203626	1.08946	0.0421494	0	0	0.478145	0.0578388	0.142636	0	0	0	0	0.0506269	0	0	0.142182	0.297874	0.470191	0.0700538	0	0	0	0	0.0810934	1.811172	0	0	0	0	1.955939	0.108903	0.209299	0	0	0	0.892387	0	0	0.361561	0.0617273	0	0
K19171	NO_NAME	0.214524	0.825537	0.4000821	0	0	0.3229779	0.067476	0.8036373	0	0.344636	0.484556	12.0707	0.275667	0	0	0.408458	1.046065	1.216965	0.1533538	0	0.0667995	2.188568	4.5829	0.262773	1.212969	0	0	0	0	3.243398	0	0.114259	0	0	0	0.619471	0	0	0.292041	0	0	0
K19172	NO_NAME	0.100609	0.748082	0.425153	0.0405929	0	0.396193	0.21878	0.23429	0.0767156	0	0	0	0	0	0	0.433148	0.244919	0.906746	0	0	0	0	0	0.397474	1.367335	0	0.187207	0	0	1.301096	0.0806641	0.15083	0	0	0	1.477115	0	0	0.244186	0	0	0
K19174	NO_NAME	0	0	0.383057	0	0	0	0	0	0	0	0	0	0	0	0	0	0	0	0	0	0	0	0	0	0	0	0	0	0	0	0.0621044	0	0	0	0	0	0	0	0	0	0	0
K19175	NO_NAME	0	0	0.52468	0	0	0	0	0	0	0	0	0	0	0	0	0	0	0	0	0	0	0	0	0	0	0	0	0	0	0	0.0553897	0	0	0	0	0	0	0	0	0	0	0
K19177	dehydrodolichyl diphosphate syntase complex subunit NUS1 [EC:2.5.1.87]	0	0	0	0	0	0	0	0	0	0	0	0	0	0	0	0.0639421	0	0	0	0	0	0	0	0	0	0	0	0	0	0	0	0	0	0	0	0	0	0	0	0	0	0
K19200	isopenicillin-N N-acyltransferase like protein	0	0	0	0	0	0	0	0	0	0	0	0.243317	0.660025	0	0	0	0.295952	0	0	0	0	0.0457897	0.659682	0	0	0	0	0	0	1.0978	0	0	0	0	0	0	0	0	0	0	0	0
K19215	beta-lactamase class C ACT/MIR [EC:3.5.2.6]	0	0	0.0977449	0	0	0	0.39817	0	0	1.15358	0	0	0	0	0	0	0	0	0	0	0	0	0	0	0	0	0	0	0	0.0337152	0.265136	0	0	0.1612105	0	0	0	0	0	0	0	0.195444
K19221	cob(I)alamin adenosyltransferase [EC:2.5.1.17]	11.5007762	5.84329	15.2097064	2.655731	12.268173	13.5255715	26.529488	27.7643166	38.4491631	28.2004282	24.298946	1.2223902	20.122008	15.7217555	22.7111637	7.363083	21.8833287	17.2954013	26.759578	18.8015015	42.6838398	5.3200362	3.6438323	9.1542107	15.827911	11.6488383	12.78889	8.248928	1.649057	11.8924638	16.2034477	37.7989883	40.708226	34.5157565	24.2145391	6.2299183	24.8024851	19.4168793	17.2920921	22.577928	19.622833	27.265818
K19222	1,4-dihydroxy-2-naphthoyl-CoA hydrolase [EC:3.1.2.28]	0.0932399	0	4.03985	0	0	0	0.0945033	0	0	0.0526325	0.934512	0	4.7188	5.85405	31.9165	0	0.105794	0.130095	0.0620252	0	0	0.0358412	0	0	0	0	0.230692	0.0624671	2.29869	0	0	0	13.7175818	0.0647573	0	0.511609	0	0	0	0	0	0.518841
K19223	NO_NAME	0	0	0	0	0	0	0	0	0	0	0	0	0	0	0	0	0	0	0	0	0	0	0.0509401	0	0	0	0	0	0	0	0	0.401077	0	0	0	0.362666	0	0	0	0	0	0
K19225	NO_NAME	3.8071779	2.726909	14.175727	8.50097	2.583623	5.3346769	1.625065	5.805134	9.2079246	1.153862	3.498326	1.0941633	8.208989	1.458914	0.2622434	1.1682679	6.18637	3.7743755	4.306428	6.279309	18.078755	33.9692651	57.7102417	3.37299	0.362168	2.5033145	4.0921704	3.185793	0	3.9237612	2.7032653	3.184192	0.676007	1.943194	1.330235	6.13655	0.3920001	0.5599592	6.0359	14.532018	17.6284712	1.0816645
K19226	cationic peptide transport system substrate-binding protein	0	0.175455	0.9682623	0	0	0.0136966	0.4251552	0	0	0.255132	0.606483	0.0146934	0.0991242	0.119566	0.300224	0.292609	0.0610112	0.0126324	0	0	0	0.0330987	0.0679424	0	0	0	0.0817981	0.312924	3.51615	0	0.1008528	0.0117459	5.2199072	0.74793	0.119748	0.0390345	0	0	0	0	0	1.005482
K19227	cationic peptide transport system permease protein	0	0.166157	3.29469	0	0	0.1497367	2.337913	0.0432167	0	0.0559215	0.235254	0.0183891	4.0315	4.77472	13.1697	0.358037	0.3121822	0	0	0	0	0.0628262	0.0703985	0	0	0	0.0948697	0.112418	1.3337	0.108209	0.599014	0	8.3538923	1.625959	0.254401	1.47276	0	0.0645915	0	0	0	1.71139
K19228	cationic peptide transport system permease protein	0	0	2.11222	0.0210158	0	0.309476	1.5919382	0	0	0.067076	0.352328	0.0234754	4.34111	3.57405	9.30477	0.334537	0.111791	0	0	0	0	0.0644007	0.0775238	0	0	0	0.260033	0.10858	0.715513	0.0238826	0.258067	0.0155584	3.83773	1.02827	0.350188	0.64197	0	0	0	0	0	1.13076
K19229	cationic peptide transport system ATP-binding protein	0.0508549	0.3142145	4.0807715	0	0	0.2388948	2.3311328	0.037461	0	0.556109	3.9172413	0	2.309857	3.589013	8.743828	0.252051	0.174692	0.277959	0.146232	0.158644	0.0106052	0.0163058	0.1501263	0	0	0	0.199863	0.547378	6.28407	0.0457508	0.626228	0.016551	9.1930996	1.425041	0.18469	0.940491	0	0	0.0204744	0	0	1.569413
K19230	cationic peptide transport system ATP-binding protein	0	0.220126	1.27662	0	0	0.19158	1.44943	0.0402567	0	0	1.29731	0	3.23122	5.19635	12.5043	0	0.168111	0.118957	0	0	0	0	0.286664	0	0	0	0.248691	0.33002	4.11992	0.070224	0.152335	0	9.58543	1.23408	0	1.72756	0	0.106964	0	0	0	1.64559
K19231	NO_NAME	0	0	0	0	0	0	0	0	0	0	0.269005	0	0	0	0	0	0	0	0	0	0	0	0	0	0	0	0	0	0	0	0	0	0	0	0	0	0	0	0	0	0	0
K19234	NO_NAME	0	0	2.58384	0	0	0	0.344979	0.0571544	0	0.503176	0.34643	0	3.83811	2.96852	14.4997	0	0.269126	0	0	0	0	0.0380997	0.0863837	0	0	0	0.120829	0	0.613475	0	0.0167182	0	4.06967	0.44485	0	1.27893	0	0	0.0288672	0	0	0.6820653
K19235	NO_NAME	0	0	1.601	0	0	0.135899	1.67528	0	0	0.0137334	0.155549	0.0483142	1.96524	1.23307	6.81899	0.0810104	0.121136	0	0	0	0	0.0196554	0.0963383	0	0	0	0.0916701	0	0.383109	0	0.249647	0	2.330455	0.638567	0.169601	0.703409	0	0.0203979	0	0	0	0.143395
K19236	L,D-transpeptidase YcfS	0	0	1.96003	0	0	0.0756538	0.152255	0	0	0	0	0	3.9313	3.06493	15.9801	0	0.352255	0	0	0	0	0	0	0	0	0	0.00930489	0	0	0.0569595	0.0239009	0.00730792	1.9226988	0.365159	0	1.04063	0	0.00904119	0	0	0	0.417728
K19239	predicted membrane protein	0	0.11273	0	0	0	0	0	0	0	0	0.727101	0	0	0	0	0	0	0.118147	0	0.109254	0	0	0	0	0	0	0	0.104006	0	0	0	0	0.067105	0	0	0	0	0	0	0	0	0
K19242	NO_NAME	0	0	0	0	0	0	0	0	0	0	0	0	0	0	0	0	0	0	0	0	0	0	0	0.0475624	0	0	0	0	0	0	0	0	0	0	0	0	0	0	0	0	0	0
K19244	alanine dehydrogenase [EC:1.4.1.1]	0	0	0	0	0	0	0	8.4035337	9.60104	0	0	0.76062	1.061401	1.52059	0.271242	2.92098	0.423425	0	0	0.44911	17.1373	0	1.343011	0	0	0	0	0	0	1.80439	20.2151	3.7782	7.07462	3.05648	0	1.73158	0	0	53.1346	20.9301	0	0
K19265	NO_NAME	12.449696	4.536201	14.7069888	10.2373087	8.260954	45.8081711	32.2847142	11.0999056	10.805584	3.6968508	3.2892223	1.5140475	17.770839	9.346616	28.15683	2.976876	9.313577	6.944586	14.061718	8.9119147	7.963349	5.9928479	6.1994279	17.5638748	5.5923486	9.25298	30.403295	3.912063	1.94959	7.627514	9.1238868	13.0441168	15.607938	3.1908228	11.7724128	6.092618	21.3579899	9.3654207	6.362104	27.691752	3.437649	11.5964647
K19267	NAD(P)H dehydrogenase (quinone) [EC:1.6.5.2]	0	0.0901318	1.021195	0.141578	0	0.54519	0.954107	0.0619987	0	1.3412583	0.0767629	0	0	0.51914	0	0	0.233015	0.0767511	0.2461307	0.4048	0	1.2399227	1.3996531	1.3383908	0.342847	0	0.5324586	0.316684	6.00979	0.1560258	0.221464	0.5193428	9.3378389	1.0592163	0.1940548	1.14941	0.0976817	0.284166	0	0	0	2.1701336
K19268	methylaspartate mutase epsilon subunit [EC:5.4.99.1]	0	0.553784	0	0	0	0.023069	1.42106	1.09948	0	0	0	0.1106784	0	1.29792	0.153912	4.053832	0.240033	0	0	0	0	1.28406	0.1291867	0	0	1.58541	0.0462698	0.0328813	0.762695	1.502556	0.570598	0.218991	6.69453	1.10852	4.584579	0.0386371	0.713601	3.90385	5.94307	1.02349	0	1.1028289
K19269	phosphoglycolate phosphatase [EC:3.1.3.18 3.1.3.48]	0	0	0	0	0	0	0	0	0	0	0	0	0	0	0	0.0581073	0	0	0	0	0	0	0	0	0	0	0	0	0	0	0	0	0	0	0	0	0	0	0	0	0	0
K19270	NO_NAME	0	0.479338	9.26994	0	0	0.2994879	1.966272	0.0703889	0	0.2113197	0.8551069	0	13.7534324	5.54855	26.2184	0.707857	0.464915	0.0194859	0	0	0	0.1073748	0.0474361	0.0885192	0	0	0.272317	0.2212934	1.715071	0	0.535288	0.0146694	9.750881	0.9660267	0.266137	2.37486	0	0.0701353	0	0	0	0.6302315
K19271	NO_NAME	1.1938836	2.8838859	1.3744939	0.0445775	0	1.6653906	3.3365686	1.7835545	1.3657568	2.9488037	4.0441886	35.7578296	6.700654	1.506815	0.113248	26.3990966	3.1293831	2.190169	2.080122	3.99877	3.839353	5.633254	2.4071899	0.902419	1.63366	3.6461	1.809062	35.953142	91.283858	89.8434912	1.366194	2.8983937	2.995727	4.8929454	1.5203727	0.1247718	3.4997382	2.8985272	4.7571802	2.822233	2.220748	1.9673225
K19272	NO_NAME	0	0	0	0	0	0	0.22221	0	0	0	0	0	0	0	0	0	0	0	0	0	0	0	0	0	0	0	0	0	0	0	0	0	0	0	0	0	0	0	0	0	0	0
K19275	NO_NAME	0	0	0	0	0	0.159456	0.3049532	0	0	0	0	0	0	0	0	0	0	0	0	0	0	0	0	0	0	0	0	0	8.74996	0	0	0	5.76453	0.1941248	0	0	0	0	0	0	0	0.0952303
K19285	FMN reductase (NADPH) [EC:1.5.1.38]	0.491917	0.214256	1.1191689	0	0	1.24314	0.913532	0.835907	1.40992	0.402541	0.853187	0.0622787	0.408135	0.176055	0	0.87877	1.73173	0.952006	0.92004	1.2247	1.06755	1.37976	1.13067	0	0	0.502989	0.573435	0	0	0.765536	0.728485	0.717857	0	0	0.756043	0	0.0567392	0.0743185	1.78093	1.5419559	1.051609	0
K19286	FMN reductase [NAD(P)H] [EC:1.5.1.39]	0	0.329652	0	0	0	0.0685554	0.5840624	0.166878	0.0565477	0.877913	0.114259	2.20488	0.0399146	0	0	2.496011	0.0751968	0.358007	0	0.357764	0	0.514784	0.148228	0	0	0.392402	0	0	0.203775	0.2982581	0	0.356127	1.442011	0.497107	0.0747959	0.437756	0	2.45194	0.0646237	0.161663	0	0
K19290	mannuronan synthase [EC:2.4.1.33]	0	0	0	0	0	0	0	0	0	0	0	0	0	0	0	0	0	0	0	0	0	0	0	0	0	0	0	0	0	0	0	0	7.96591	0	0	0	0	0	0	0	0	0
K19291	mannuronan synthase [EC:2.4.1.33]	0	0	0	0	0	0	0	0	0	0	0	0	0	0	0	0	0	0	0	0	0	0	0	0	0	0	0	0	0	0	0	0	10.8589	0	0	0	0	0	0	0	0	0
K19292	NO_NAME	0	0	0	0	0	0	0	0	0	0	0	0	0	0	0	0	0	0	0	0	0	0	0	0	0	0	0	0	0	0	0	0	10.9372	0	0	0	0	0	0	0	0	0
K19293	NO_NAME	0	0	0	0	0	0	0	0	0	0	0	0	0	0	0	0	0	0	0	0	0	0	0	0	0	0	0	0	0	0	0	0	10.4496	0	0	0	0	0	0	0	0	0
K19294	NO_NAME	3.613973	2.8317875	5.655308	0.2976028	0.0610827	2.58296	2.45304	6.817596	3.7670948	1.367749	3.8705181	0.5993065	9.7497697	7.8373828	4.2092458	1.1703804	2.3045072	10.0764737	8.879921	4.2885088	15.8136053	2.989252	2.1707137	3.1278248	0.9425838	3.0043361	1.6844312	4.1242375	0	4.0023174	3.081949	3.170081	13.067746	19.108694	2.5036621	4.0562656	0.5533218	1.3410355	4.75507	10.8710387	17.03272	3.537725
K19295	NO_NAME	0	0	0	0	0	0	0	0	0	0	0	0	0	0	0	0	0	0	0	0	0	0	0	0	0	0	0	0	0	0	0	0	10.9017	0	0	0	0	0	0	0	0	0
K19296	NO_NAME	0	0	0	0	0	0	0	0	0	0	0	0	0	0	0	0	0	0	0	0	0	0	0	0	0	0	0	0	0	0	0	0	6.48864	0	0	0	0	0	0	0	0	0
K19299	NO_NAME	10.8552	4.03945	1.18427	2.02413	0.48822	3.50053	0.766157	1.42153	0.509718	0.37346	0.13146	1.97182	4.63821	0.236885	0.0593453	0.0831331	0.713496	0.757946	0.885806	0	0	5.44948	2.57314	0.334596	5.53025	0.35624	0.774036	2.11368	0.206267	1.60777	1.55297	1.70485	0	0	1.74334	1.21626	0.591354	0.995558	3.76626	1.49868	1.76876	1.59016
K19302	undecaprenyl-diphosphatase [EC:3.6.1.27]	38.1825701	30.2157089	16.834766	39.8638041	23.3833922	40.6850846	39.9931285	21.8623174	22.6743443	25.0464255	38.7922729	14.8337074	15.6429579	17.8956978	30.8121362	23.4688208	27.4985222	17.0993754	23.0102492	38.8216884	60.2841571	13.7054503	9.6357718	15.119635	3.3619864	15.1815771	10.168534	16.1738958	26.9013813	14.8797365	22.8963397	40.8557859	34.2541612	44.1507052	18.1399237	14.4008534	34.948909	40.8645426	48.2457716	63.738836	56.4706726	19.5691917
K19303	NO_NAME	0	0	5.79952	0	0	0.1906402	1.2460059	0.0890634	0	0.027097	0.566275	0	8.659876	6.643425	28.184606	0.514299	0.702405	0.0181794	0	0.0140853	0.0174016	0	0.0769836	0	0	0	0.0925004	0	4.196131	0.0816587	0.5108947	0.0478477	7.33155	0.709539	0.299089	3.187587	0	0	0	0	0	0.9574497
K19304	NO_NAME	0	0	1.98446	0	0	0.0729534	0.0742069	0.0663655	0	0.0142798	1.09687	0.0208294	0	0.296695	0	0	0.0236899	0.0592248	0	0	0	0.0177007	0.0737439	0	0	0	0.135648	0.239801	2.64063	0.0156078	0.0280103	0	5.785735	0.169867	0	0.0996067	0	0.0673999	0	0	0	0.718358
K19309	bacitracin transport system ATP-binding protein	1.720699	1.50483	0.346781	15.2074	2.35803	5.60237	6.85538	4.39818	14.1727	2.33198	0.257154	1.146555	1.7471908	10.989834	0.2564801	0.0680258	2.04017	1.80218	0.673983	2.20312	7.49189	1.766277	1.791376	18.6233	16.431923	1.15954	0.6986565	0.7412486	0	2.1393	0.458211	0.854073	3.049384	12.824168	0.0677807	0.943705	0.789296	1.35791	3.3567603	2.671614	0.592328	1.5527541
K19310	bacitracin transport system permease protein	0.583301	3.34805	0.418113	0.886983	0	0	0	0.2108546	0	0	0	0.1238711	0.448068	0	0	0.542542	0.0528971	0	0	0	0	1.593824	1.029169	0	0	0	0	0	0	0.280464	0.835721	0.1072817	6.99861	36.663	0	0.0799388	0	0	1.523627	0.380872	0	2.41017
K19324	NO_NAME	0	0	0	0	0	0	0	0	0	0	0	0	0	0	0	0	0	0	0	0	0	0	0	0	0	0	0	0	0.019159	0	0	0	0	0	0	0	0	0	0	0	0	0
K19331	NO_NAME	0	0	0	0	0	0	0	0	0	0	0	0	0	0	0	0.0485485	0	0	0	0	0	0	0	0	0	0	0	0	0	0	0	0	0	0	0	0	0	0	0	0	0	0
K19333	NO_NAME	0	0	0	0	0	0	0	0	0	0	0	0.295005	0.687069	0	0	0	0.0672814	0	0	0	0	0	0.563893	0	0	0	0	0	0	0.836405	0	0	0	0	0	0	0	0	0	0	0	0
K19334	NO_NAME	0	0	3.63316	0	0	0	0.437358	0	0	0	1.1404	0	5.10763	6.63952	31.5353	0	0.738116	0	0	0	0	0	0.189588	0	0	0	0.170327	0.440362	0	0	0.060106	0	5.18436	0.694175	0	2.36872	0	0	0	0	0	0.934971
K19335	NO_NAME	0	0	2.37819	0	0	0	0.211752	0	0	0	0	0	2.84688	3.17358	8.15777	0	0.14511	0	0	0	0	0	0	0	0	0	0.0387456	0.187823	0	0	0	0	3.93108	0.475835	0	0.150371	0	0	0	0	0	0.0762486
K19336	NO_NAME	0	0	5.08797	0	0	0.059512	0.427484	0	0	0	0	0	0.675223	2.91976	11.6055	0.443485	0.3054068	0	0	0	0	0	0.0227268	0	0	0	0.115326	0.221791	0	0	0.253415	0	4.48734	0.344626	0	0.532699	0	0	0	0	0	0.49521
K19337	NO_NAME	0	0.527271	2.727558	0	0	0.131066	1.050562	0	0	0.28221	0.128277	0	3.15104	2.75872	11.7427	0.245925	0.266866	0	0	0	0	0.0116615	0.0833428	0	0	0	0.156868	0.0202363	0.271299	0.0135269	0.455303	0	18.8649079	1.608008	0	0.428872	0	0	0	0	0	1.42593
K19338	NO_NAME	0	0	1.39439	0	0	0.0193792	0.3053173	0	0	0.0190898	0	0.0428188	0	2.63054	3.601	0	0.5627136	0	0	0	0.0249715	0	0.0239934	0	0	0	0.2569895	0.434341	3.40637	0	0.0705896	0	5.32181	0.603581	0	1.32574	0	0.028723	0	0	0	0.705299
K19339	NO_NAME	0	0	0	0	0	0	0	0	0	0	0	0	0	0	0	0	0	0	0	0	0	0	0	0	0	0	0	0	0	0	0	0	9.653	0	0	0	0	0	0	0	0	0
K19341	Cu-processing system permease protein	0	0	0	0	0	0	0	0	0	0	0	0	0	0	0	0	0	0	0	0	0	0	0	0	0	0	0	0	0	0	0	0	10.9517	0	0	0	0	0	0	0	0	0
K19342	NO_NAME	0	0	0	0	0	0	0	0	0	0	0	0	0	0	0	0	0	0	0	0	0	0	0	0	0	0	0	0	0	0	0	0	10.1101	0	0	0	0	0	0	0	0	0
K19344	NO_NAME	0	0	0	0	0	0	0	0	0	0	0	0	0	0	0	0	0	0	0	0	0	0	0	0	0	0	0	0	0	0	0	0	8.48459	0	0	0	0	0	0	0	0	0
K19345	NO_NAME	0	0	0	0	0	0	0	0	0	0	0	0	0	0	0	0	0	0	0	0	0	0	0	0	0	0	0	0	0	0	0	0	10.4388	0	0	0	0	0	0	0	0	0
K19350	lincosamide and streptogramin A transport system ATP-binding/permease protein	0.101357	0.151915	0.0450791	0.623935	0	1.326583	2.953773	0.798093	0	0.6746102	0.3257039	0.3161241	0.556066	0.0536754	0	1.273008	0.215179	2.384606	0.749689	0.330506	0	2.0424065	1.62676	0.6225896	0.6913486	0.537463	0.1435926	0.3150263	0	1.2068101	0.343861	0.0447755	0	0	0.3450027	9.7306084	0	0.329006	0.2124468	0.21332	0.685908	3.4662242
K19353	heptose-I-phosphate ethanolaminephosphotransferase [EC:2.7.8.-]	0	0	0	0	0	0	0	1.12993	0	0	0	0	0	0	0	1.00807	0	0	0	0	0	0.708335	0	0	0	0.813917	0	0	0	0.154118	0.253489	0.163013	0	0.0480161	2.62789	0	0.420093	2.67903	4.55286	0.656749	0	0
K19354	NO_NAME	0	0.408539	0.85465	0.0112138	0	0	0.0929016	0.831525	0	0	0.0292521	0	4.01929	4.20104	30.2917	1.51209	0.197602	0	0	0	0	0.352194	0.185456	0.0712976	0	0.535814	0.184665	0.09423	1.08782	0.191495	0	0	4.79903	0.391507	1.219	0.990158	0.277369	1.32449	4.98947	0.772244	0	0.382535
K19355	mannan endo-1,4-beta-mannosidase [EC:3.2.1.78]	0.10701	0.773152	0.119616	0	0.115885	0	0	2.349977	0.478056	0	0	0.297529	2.2712	0	0	0.674602	0.572508	0	0	0	0	1.488832	1.67194	0.194397	0.113051	7.77726	0.362652	0	0	1.8561824	0	0	0	0	0.206106	0	0	0	0.473365	0.0780597	0	0.788218
K19370	NO_NAME	0	0	0	0	0	0	0	0	0	0	0	0	0	0	0	0.0302894	0	0	0	0	0	0	0	0	0	0	0	0	0	0	0	0	0	0	0	0	0	0	0	0	0	0
K19373	NO_NAME	0	0	0	0	0	0	0	0	0	0	0	0	0	0	0	0.0634858	0	0	0	0	0	0	0	0	0	0	0	0	0	0	0	0	0	0	0	0	0	0	0	0	0	0
K19374	NO_NAME	0	0	0	0	0	0	0	0	0	0	0	0	0	0	0	0.0704763	0	0	0	0	0	0	0	0	0	0	0	0	0	0	0	0	0	0	0	0	0	0	0	0	0	0
K19387	NO_NAME	0	0	0	0	0	0	0	0	0	0	0	0	0	0	0	0.0631462	0	0	0	0	0	0	0	0	0	0	0	0	0	0	0	0	0	0	0	0	0	0	0	0	0	0
K19399	NO_NAME	0	0	0	0	0	0	0	0	0	0	0	0	0	0	0	0.0390013	0	0	0	0	0	0	0	0	0	0	0	0	0.0307324	0	0	0	0	0	0	0	0	0	0	0	0	0
K19401	NO_NAME	0	0	0	0	0	0	0	0	0	0	0	0	0	0	0	0.0605462	0	0	0	0	0	0	0	0	0	0	0	0	0	0	0	0	0	0	0	0	0	0	0	0	0	0
K19402	NO_NAME	0	0	0	0	0	0	0	0	0	0	0	0	0	0	0	0.0808121	0	0	0	0	0	0	0	0	0	0	0	0	0	0	0	0	0	0	0	0	0	0	0	0	0	0
K19405	NO_NAME	0.253727	0.6050806	1.097707	0.585961	0	0.999737	0.880258	1.2295419	0.830802	0.706995	0.951891	11.2142596	0.423189	0.3132786	0.0258187	1.774556	1.95182	1.527001	1.757574	2.050729	1.267705	4.4846879	1.05072	0	0	0.410652	0.569637	0.184304	25.90479	1.5293656	2.418063	0.797549	0	0.0952025	2.3377807	0.496103	0.984767	0.721134	1.419704	1.6075149	1.192002	0.7673183
K19407	NO_NAME	0	0	0	0	0	0	0	0	0	0	0	0	0	0	0	0.0408775	0	0	0	0	0	0	0	0	0	0	0	0	0	0	0	0	0	0	0	0	0	0	0	0	0	0
K19411	NO_NAME	0.485445	0.573924	1.1805037	0.562523	0	1.3407791	0.79333	0.951657	0.664064	2.3621179	1.417115	10.258079	1.277728	0.3093611	0	1.832958	2.340533	1.8114577	1.535522	2.4510214	1.2631775	5.0725865	1.935761	0.130797	0.0389835	0.441841	0.301808	0.159087	27.74451	2.4926377	2.4728642	0.671127	0	0	2.6679382	0.1423656	1.175849	0.635827	1.7454488	1.2711063	1.00821	1.35264
K19416	NO_NAME	0.083584	0.477979	6.02726	0	0	0.272087	2.9871649	0.0367485	0	1.3943347	3.9628875	0	2.73666	2.89053	10.07163	0.989519	0.185014	0.423189	0.209834	0.070445	0	0	0.123541	0	0	0	0.2168988	0.936207	2.6769126	0.0455052	1.089768	0	16.6076	1.603989	0.474883	0.0654558	0	0	0	0	0	1.7757
K19417	NO_NAME	0	0	0	0	0	0	0	0	0	0	0	0	0	0	0	0	0	0	0	0	0	0	0	0	0	0	0	0	0	0	0	0	0.0325032	0	0	0	0	0	0.0616797	0.0393449	0	0
K19419	NO_NAME	0.16798	0.290973	0	0	0	0	0	0	0	0	0	0	0.0673119	0	0	0	0	0	0	0	0	0.354915	0.374957	0	0	0	0	0	0	0	0	0	0	0	0	0	0	0	0	0	0	0
K19420	NO_NAME	0	0	0	0	0	0	0	0	0	0	0	0	0	0	0	0	0	0	0	0	0	0	0	0	0	0	0	0	0	0	0	0	0	0	0	0	0	0	0	0.172962	0.0915735	0
K19422	NO_NAME	0	0	0	0	0	0	0	0	0	0	0	0	0	0	0	0	0	0	0	0	0	0	0	0	0	0	0	0	0	0	0	0	0	0	0	0	0.13686	0	0	0	0	0
K19423	NO_NAME	0	0	0.0540315	0	0	0	0	0	0	0	0	0	0	0	0	0	0	0	0	0	0	0	0	0	0	0	0	0	0	0	0	0	0	0	0	0	0.178488	0	0	0.0886254	0	0.0492786
K19424	NO_NAME	0	0	0.0975099	0	0	0	0	0	0	0	0	0	0	0	0	0	0	0	0	0	0	0	0	0	0	0	0	0	0	0	0	0	0	0	0	0	0	0	0	0	0	0.0505289
K19425	NO_NAME	0	0.0965011	0	0	0	0	0.0585181	0	0	0	0	0	0	0	0	0	0	0.0412044	0	0	0	0.0544709	0	0	0	0	0	2.68087	0	0	0	0.141178	0.163912	0.100247	0	0	0	0	0.0653136	0.135303	0	0.0903587
K19426	NO_NAME	0	0	1.39346	0.0805605	0.0777248	0	0.0375424	0	0	0	0	0	0	0	0	0.414366	0	0	0	0	0	0	0.281043	0	0	0	0.608784	0	0	0.0842688	0.758838	0.116462	0	0	0	0.962223	0	0	0	0	0.126705	4.97574
K19427	NO_NAME	0.0912209	0.301298	0	0	0	0	0	0	0	0	0	0.0400363	0.115752	0	0	0	0	0	0	0.0820114	0.0370228	0.294984	0.449401	0	0	0	0	0	0	0	0	0	0	0	0	0	0	0	0.0873958	0	0	0.397208
K19428	NO_NAME	0	0	0.0495945	0	0	0	0	0	0	0	0	0	0	0	0	0	0	0	0	0	0	0	0	0	0	0	0	0	0	0	0	0	0	0.0736455	0	0	0	0	0	0	0	0
K19429	NO_NAME	0	0	0	0	0	0	0	0	0	0	0.126816	0.404645	0.938812	0	0	0	0	0	0	0	0	0	0	0	0	0	0	0	0	0	0	0	0	0	0	0	0	0	0	0	0	0
K19432	NO_NAME	0	0	0	0	0	0	0	0	0	0	0	0	0	0	0	0	0	0	0	0	0	0	0	0	0	0	0	0	0	0	0	0	1.21208	0	0	0	0	0	0	2.19348	0	0
K19449	NO_NAME	0	0	0	0	0	0	0	0	0	0	0	0	0	0	0	0	0	0	0	0	0	0	0	0	0	0	0	0	0	0	0	0	0	0	0	0	0	0	0	0.0913949	0	0
K19468	NO_NAME	0	0	0	0	0	0	0	0	0	0	0	0	0	0	0	0.0161332	0	0	0	0	0	0	0	0	0	0	0	0	0	0	0	0	0	0	0	0	0	0	0	0	0	0
K19469	NO_NAME	0	0	0	0	0	0	0	0	0	0	0	1.53204	0	0	0	5.25529	0	0	0	0	0	0	0	0	0	0	0	0.134991	0.338755	0	0	0	0	0	0	0	0	0	0	0	0	0
K19472	NO_NAME	0	0	0	0	0	0	0	0	0	0	0	0	0	0	0	0.00868938	0	0	0	0	0	0	0	0	0	0	0	0	0	0	0	0	0	0	0	0	0	0	0	0	0	0
K19473	NO_NAME	0	0	0	0	0	0	0	0	0	0	0	0	0	0	0	0.01532673	0	0	0	0	0	0	0	0	0	0	0	0	0	0	0	0	0	0	0	0	0	0	0	0	0	0
K19481	NO_NAME	0	0	0	0	0	0	0	0	0	0	0	0	0	0	0	0.0506882	0	0	0	0	0	0	0	0	0	0	0	0	0	0	0	0	0	0	0	0	0	0	0	0	0	0
K19486	NO_NAME	0	0	0	0	0	0	0	0	0	0	0	0	0	0	0	0.107825	0	0	0	0	0	0	0	0	0	0	0	0	0	0	0	0	0	0	0	0	0	0	0	0	0	0
K19489	NO_NAME	0	0	0	0	0	0	0	0	0	0	0	0	0	0	0	0.040628	0	0	0	0	0	0	0	0	0	0	0	0	0	0	0	0	0	0	0	0	0	0	0	0	0	0
K19490	NO_NAME	0	0	0	0	0	0	0	0	0	0	0	0	0	0	0	0.0928028	0	0	0	0	0	0	0	0	0	0	0	0	0	0	0	0	0	0	0	0	0	0	0	0	0	0
K19491	NO_NAME	0	0	0	0	0	0	0	0	0	0	0	0	0	0	0	0.0229451	0	0	0	0	0	0	0	0	0	0	0	0	0	0	0	0	0	0	0	0	0	0	0	0	0	0
K19504	NO_NAME	0	0	0.0483146	0	0	0	0	0	0	0	0	0	0	0	0	0.155833	0	0	0	0	0	0	0	0	0.352822	0	0	0	0	0.700433	0	0	0	0	0	0	0	0	0	0	0	0.118308
K19505	NO_NAME	0	0	0	0	0	0	0	0	0	0	0	0	0	0	0	0	0	0	0	0	0	0	0	0	0	0	0.0624013	0	0	0	0	0	0	0	0	0	0	0	0	0	0	0
K19506	PTS system, fructoselysine/glucoselysine-specific IIA component [EC:2.7.1.-]	47.333552	37.016182	10.591015	39.2858	47.2032	23.4936	33.21192	18.73055	16.83083	35.64666	18.037786	1.600354	26.241384	17.782478	6.617451	3.884009	45.434968	21.052001	26.2713752	69.101572	59.7693	17.407092	20.762459	15.2211	4.27955	13.822529	5.26822	21.87881	0.0568203	7.088504	57.856525	16.1339	28.67123	21.465925	34.104044	15.49622	60.60711	62.24384	54.7171372	86.033159	87.5963721	22.65976
K19507	PTS system, fructoselysine/glucoselysine-specific IIB component [EC:2.7.1.-]	1.987091	3.317142	6.4712959	29.5732	27.8419	2.43109	15.3424	15.20669	8.12826	14.2945887	1.641598	1.854472	27.81193	12.660756	6.639447	3.144354	32.673942	10.40646	14.913765	30.627361	32.72	21.403172	22.5494	0.0412056	0	1.45432	0.294756	13.3022	0.0628491	5.1792942	72.3717	10.77834	11.06129	6.5316	36.23446	13.44784	22.5274	13.88951	0.4786423	0.107326	0.106091	20.90562
K19508	PTS system, fructoselysine/glucoselysine-specific IIC component	1.4511553	2.540595	1.6665019	20.81996	21.9243	12.58333	19.84653	10.12752	9.03576	16.80745	3.818628	0.959591	15.3740979	12.899631	5.817172	0.0607888	17.40033	10.279342	14.3393613	20.858027	33.4908	1.849007	2.55047	0.679292	0.926694	4.31362	0.681335	10.813295	0	2.2382506	45.72708	6.431685	14.61072	9.36687	17.7155	5.373957	27.94983	30.113708	11.5215401	40.5777	19.8382	1.04147
K19509	PTS system, fructoselysine/glucoselysine-specific IID component	3.373621	6.301309	14.380983	37.8896	35.5379	2.3363842	13.7909049	21.42316	10.47426	13.7120482	1.383531	2.994813	34.5165777	13.70245	6.358566	6.351035	45.6430333	9.23828	11.343855	59.0872878	47.986368	36.592729	39.9178789	0.2537203	0.267697	3.42689	0.418805	13.39084	0.0713944	6.1585808	90.751648	16.846467	15.19184	10.62471	44.0843703	27.935139	33.473373	18.588589	0.2024014	0	0.110092	42.979104
K19510	NO_NAME	1.460118	2.168366	1.990838	0	0	4.03641	14.65823	5.523771	5.77715	13.455441	1.314171	0.0894429	0.5171923	8.338052	4.84542	0.575568	1.955152	9.555596	14.198587	1.0484076	1.28278	2.050101	1.479102	0	0	1.793719	0.810427	0	0	3.42154	1.20553	0.773726	0	0	3.11075	0.0866327	0	0.111618	1.3752084	1.82531	1.274658	0.0626934
K19512	NO_NAME	0	0	0	0	0	0	0	0	0	0	0	0	0	0	0	0.0285603	0	0	0	0	0	0	0	0	0	0	0	0	0	0	0	0	0	0	0	0	0	0	0	0	0	0
K19522	NO_NAME	0	0	0	0	0	0	0	0	0	0	0	0	0	0	0	0.0793445	0	0	0	0	0	0	0	0	0	0	0	0	0	0	0	0	0	0	0	0	0	0	0	0	0	0
K19538	NO_NAME	0	0	0	0	0	0	0	0	0	0	0	0	0	0	0	0.0668894	0	0	0	0	0	0	0	0	0	0	0	0	0	0	0	0	0	0	0	0	0	0	0	0	0	0
K19540	NO_NAME	0.129932	0.181505	1.10945	0	0	0	0.179737	0	0	0	0	0.0337656	1.54142	0.707371	0	0	0.254672	0	0	0	0	0.4363616	0.276065	0	0	0	0.0252327	0	0	0	0	0	0.496394	0.2633102	0	0.561994	0	0	0.0958195	0	0	0.220851
K19543	NO_NAME	0	0	0	0	0	0	0	0	0	0	0	0	0	0	0	0	0	0	0	0	0	0	0	0	0	0	0	0	0	0	0	0	0	0	0	0	0	0.0876567	0	0	0	0
K19545	NO_NAME	13.191349	4.76915	0.133728	0.8121272	0.165489	5.7677841	2.6493478	1.0337	2.0583281	0	0	0	3.332375	0.746078	0.312761	0	0.0622834	1.56603	0.242738	0.0968427	0.176154	0.415321	0.0731958	0.4653292	3.5433	0.306509	0.310611	0.4070751	0	0.526251	0	0.383402	0.161611	0.187796	0	0.282286	0.0967592	0.118843	0	0	1.9003	2.07925
K19546	prephenate decarboxylase [EC:4.1.1.100]	0	0	0	0	0	0	0	0	0	0	0	0	0	0	0	0	0	0	0	0	0	0	0	0.055694	0	0	0	0	0	0	0	0	0	0	0	0	0	0	0	0	0	0
K19548	dihydroanticapsin dehydrogenase [EC:1.1.1.385]	0	0	0.0489462	0	0	0	0	0	0	0	0	0	0	0	0	0	0	0	0	0	0	0	0	0	0	0	0	0	0	0	0	0	0	0	0	0	0	0	0	0.0860187	0	0
K19550	bacilysin biosynthesis oxidoreductase BacG [EC:1.3.1.-]	0	0	0	0	0	0	0	0	0	0	0	0	0	0	0	0	0	0	0	0	0	0	0	0.0959175	0	0	0	0	0	0	0	0	0	0	0	0	0	0	0	0	0	0
K19552	NO_NAME	0	0	0	0	0	0	0	0	0	0	0	0	0	0	0	0	0	0	0	0	0	0	0	0	0	0	0	0	0	0	0	0	0	0	0	0	0	0	0	0.0765167	0	0
K19553	homeobox protein TGIF2	0	0	0	0	0	0	0	0	0	0	0	0	0	0	0	0.0467369	0	0	0	0	0	0	0	0	0	0	0	0	0	0	0	0	0	0	0	0	0	0	0	0	0	0
K19554	NO_NAME	0	0	0	0	0	0	0	0	0	0	0	0	0	0	0	0.0525223	0	0	0	0	0	0	0	0	0	0	0	0	0	0	0	0	0	0	0	0	0	0	0	0	0	0
K19563	lysine---8-amino-7-oxononanoate aminotransferase [EC:2.6.1.105]	0	0	0.0437939	0	0	0	0	0	0	0	0	0	0	0	0	0	0	0	0	0	0	0	0	0	0	0	0	0	0	0	0	0	0	0	0	0	0	0	0	0.0366496	0	0
K19576	NO_NAME	0	0	0	0	0	0	0	0	0	0	0	0	0	0	0	0	0	0	0	0	0	0	0	0	0	0	0	0	0	0	0	0	0	0	0	0	0.0760707	0	0	0	0	0
K19577	NO_NAME	4.26921	0.1982529	2.3594172	0.822369	1.06324	7.4745675	4.0912928	1.81139	0.310769	1.1711316	0.1902369	0.0587938	4.520156	1.81418	4.095332	0.445208	0.509244	0.436687	0.309324	0.8600433	0	0.438232	1.0969878	0.435471	0.307473	0.57318	1.7609586	1.3158918	0.346021	1.0414216	2.022193	1.27026	5.7383	1.4710589	0.0994212	1.222076	3.30995	1.2052802	0	0	0.354741	5.0807578
K19579	NO_NAME	0	0	0	0	0	0	0	0	0	0	0	0	0	0	0	0.0331722	0	0	0	0	0	0	0	0	0	0	0	0	0	0	0	0	0	0	0	0	0	0	0	0	0	0
K19585	NO_NAME	0	0	0	0	0	0	0	0	0	0	0	0	0	0	0	0	0	0	0	0	0	0	0	0	0	0	0	0	0	0	0	0	0	0.0728037	0	0	0	0	0	0	0	0
K19587	NO_NAME	0	0	0	0	0	0	0.0304006	0	0	0.145066	0	0	0	2.80374	0	0	0	0	0	0	0	0	0	0	0	0	0	0	0	0	0.1638655	0	0	0	0	0	0	0	0	0	0	0.4360038
K19591	NO_NAME	0	0	5.992383	0.0387744	0	0	1.2443345	0	0	0.1894623	1.041682	0.130351	8.54235	7.13945	34.347	0.28559	0.7405033	0.0673166	1.00663	0	0	0.165588	0.286272	0	0	0	0.266714	0.323356	3.731485	0	0	0	21.288455	0.8516334	0.211394	3.5574658	0	0.170241	0	0	0	0.819362
K19609	two-component system, OmpR family, sensor histidine kinase PfeS [EC:2.7.13.3]	0	0	0	0	0	0	0	0	0	0	0	0	0	0	0	0	0	0	0	0	0	0	0	0	0	0	0	0	0	0	0	0	9.60508	0	0	0	0	0	0	0	0	0
K19610	two-component system, OmpR family, response regulator PfeR	0	0	0	0	0	0	0	0	0	0	0	0	0	0	0	0	0	0	0	0	0	0	0	0	0	0	0	0	0	0	0	0	6.86532	0	0	0	0	0	0	0	0	0
K19611	ferric enterobactin receptor	0	0	1.47623	0	0	0.0530089	0.209317	0.00696962	0	0.04916795	0.897336	0.00916659	4.23032	1.57313	9.00175	0	0.223039	0	0	0	0	0	0.0470958	0.0388692	0	0	0.0955134	0.0216293	0.85708	0	0	0	20.17514	0.319374	0	0.453642	0	0	0	0	0	0.316487
K19612	NO_NAME	0	0	0	0	0	0	0	0	0	0	0	0	0	0	0	0.0385769	0	0	0	0	0	0	0	0	0	0	0	0	0	0	0	0	0	0	0	0	0	0	0	0	0	0
K19646	NO_NAME	0	0	0	0	0	0	0	0	0	0	0	0	0	0	0	0.221678	0	0	0	0	0	0	0	0	0	0	0	0	0	0	0	0	0	0	0	0	0	0	0	0	0	0
K19648	NO_NAME	0	0	0	0.718132	0	0	0	0	0	0	0	0	0	0	0	0	0	0	0	0	0	0	0	0	0.161488	0	0	0	0	0	0	0	0.176012	0.23809	0	0	0	0.579832	0	0	0	0.335192
K19659	NO_NAME	0	0	0	0	0	0	0	0	0	0	0	0	0	0	0	0	0	0	0	0	0	0	0	0	0	0	0	0	0	0	0	0	0.342236	0	0	0	0	0	0	0	0	0
K19664	CDP-2,3-bis-(O-geranylgeranyl)-sn-glycerol synthase [EC:2.7.7.67]	0	0	0.30751	0	0	0	0	2.06563	0.167185	0	0	0	0	0	0	0	0.555803	0	0	0	0	0	0	0	0	0	0	0	0	1.82766	0	0	0	0	0	0	0	0	2.1944	0	0	0
K19665	archaetidylserine synthase [EC:2.7.8.38]	0	0	0	0	0	0	0	5.89353	0.173351	0	0	0	0	0	0	0	4.61043	0	0	0	0	0	0	0	0	0	0	0	0	5.73146	0	0	0	0	0	0	0	0	6.11774	4.07531	0	0
K19683	NO_NAME	0	0	0	0	0	0	0	0	0	0	0	0.047514	0	0	0	0.0864237	0	0	0	0	0	0	0	0	0	0	0	0	0	0	0	0	0	0	0	0	0	0	0	0	0	0
K19687	NO_NAME	0	0	0	0	0	0	0	0	0	0	0	0	0	0	0	0	0	0	0	0	0	0	0	0.0667467	0	0	0	0	0	0	0	0	0	0	0	0	0	0	0	0	0	0
K19688	NO_NAME	0	0.64322	3.58437	0	0	0.251018	0.491902	0.113028	0	0.0815968	1.64074	0	8.06805	6.89227	32.1028	0	0.865342	0.0742208	0.0331546	0	0	0	0.245492	0	0	0	0.330828	0.320744	3.96514	0	0	0.108986	10.1007	0.650064	0	3.81616	0	0.0750808	0	0	0	0.831892
K19689	NO_NAME	0.2572899	0	2.3317133	1.9213689	2.8652066	1.169285	0.84326	0.7209529	0.969721	56.600623	41.8461	2.29537	1.73629	3.6985309	1.3957248	0.972889	0.436587	3.689835	4.756391	15.165486	0.2659376	0	0.797975	21.623958	1.146354	0.219448	1.0517748	0.3108415	0.17249	0.3317866	2.0308747	1.3790862	7.5075851	3.4515072	7.2373638	9.1729671	0.3327667	0.2388625	0	0.5951029	2.180251	10.833305
K19695	neurocalcin delta	0	0	0	0	0	0	0	0	0	0	0	0	0	0	0	0.01820572	0	0	0	0	0	0	0	0	0	0	0	0	0	0	0	0	0	0	0	0	0	0	0	0	0	0
K19696	5'-methylthioinosine phosphorylase [EC:2.4.2.44]	0	0	0	0	0	0	0	0	0	0	0	0	0	0	0	0	0	0	0	0	0	0	0	0	0	0	0	0	0	0	0	0	8.2867	0	0	0	0	0	0	0	0	0
K19697	propionate kinase [EC:2.7.2.15]	0	0.212182	1.89856	0	0	0	0.342882	0	0	0	0	0	0	0	0	0.20127	0.103708	0	0	0	0	0	0	0	0	0	0	0	0	0	0.410334	0	0	0.0952206	0.231804	0	0	0	0	0	0	0
K19701	NO_NAME	0	0.0772688	0.05738	0	0	0	0	0.0415553	0	0.180658	0.219397	0	0	0	0	0	0	0.135639	0.65618	0	0	0.110752	0	0	0	0.0975059	0	0.147364	0	0	0	0	0	0	0.142729	0	0.0962278	0.0957462	0	0	0	0.107192
K19709	acetate CoA-transferase [EC:2.8.3.8]	0	0	1.710352	0.0161841	0	0.0500105	0.381978	0.1831468	0	0.017317	0.0773764	0.392005	3.7225981	1.697972	8.55452	0	0.453804	0.0177093	0	0	0	0	0.708142	0	0	0	0.12637694	0.0701821	0.19610624	1.05952	0.182625	0	7.044075	1.16748	0	0.525208	0	0	0	0	0	0.937715
K19710	ATP adenylyltransferase [EC:2.7.7.53]	0	0	0.173114	0.470232	0	0	0.0422172	0.151199	0	0.14579	0.198276	0	0	0	0.3163442	0.852593	0	0	0	0.121284	0.0445796	0.210972	0.2164246	0.2893895	0	0	0.063715	0.0317993	0	0	0.5553826	0.1325059	0	0.0350294	0.0652887	0.274269	0.0722352	0	0	0	0	0.1603598
K19711	NO_NAME	0	0	0	0	0	0	0	0	0	0	0	0	0	0	0	0	0	0	0	0	0	0	0	0	0	0	0	0	0	0	0	0	7.64246	0	0	0	0	0	0	0	0	0
K19712	adenosylcobinamide-phosphate guanylyltransferase [EC:2.7.7.62]	0	0	0.382759	0	0	0	0	1.90038	0.115357	0	0	0	0	0	0	0	0.777235	0	0	0	0	0	0	0	0	0	0	0	0	3.03485	0	0	0	0	0	0	0	0	1.46825	0	0	0
K19714	NO_NAME	0	0	0	0.559636	0	0	0	0	0	0	0	0.468537	0.819465	0	0	0.713975	0.19947	0	0	0	0	0.358312	0.6891843	0	0	0	0	0	0	0.961787	0.234995	0.0548448	0	0	0.111608	0	0	0	0	0	0	0
K19715	NO_NAME	0	0	0	0	0	0	0	0.0391067	0	0	0	0.465729	0.598448	0	0	0	0.187839	0	0	0	0	0	0.558262	0	0	0	0.0381611	0	0	1.13886	0	0	0	0	0	0	0	0	0	0	0	0
K19738	calcium homeostasis modulator protein 1	0	0	0	0	0	0	0	0	0	0	0	0	0	0	0	0.0805477	0	0	0	0	0	0	0	0	0	0	0	0	0	0	0	0	0	0	0	0	0	0	0	0	0	0
K19744	L-arginine dehydrogenase [EC:1.4.1.-]	0	0	0	0	0	0	0	0	0	0	0	0	0	0	0	0	0	0	0	0	0	0	0	0	0	0	0	0	0	0	0	0	11.6834	0	0	0	0	0	0	0	0	0
K19745	acrylyl-CoA reductase (NADPH) [EC:1.3.1.-]	0	0	6.54327	0	0	0.3144209	1.34119	0.0958284	0	0	0.48399	0	8.66355	4.41396	25.6809	0.481157	0.345486	0.0172215	0	0	0	0.0828544	0.139261	0	0	0	0.342053	0.1213	1.03164	0.0423118	0.4070736	0	4.86597	0.491239	0.490982	1.71935	0	0	0	0	0	0.471464
K19746	D-arginine dehydrogenase [EC:1.4.99.6]	0	0	0	0	0	0	0	0	0	0	0	0	0	0	0	0	0	0	0	0	0	0	0	0	0	0	0	0	0	0	0	0	8.51435	0	0	0	0	0	0	0	0	0
K19749	NO_NAME	0	0	0	0	0	0	0	0	0	0	0	0	0	0	0	0.0357861	0	0	0	0	0	0	0	0	0	0	0	0	0	0	0	0	0	0	0	0	0	0	0	0	0	0
K19751	NO_NAME	0	0	0	0	0	0	0	0	0	0	0	0	0	0	0	0.0218716	0	0	0	0	0	0	0	0	0	0	0	0	0	0	0	0	0	0	0	0	0	0	0	0	0	0
K19775	NO_NAME	0	0.54703	8.39649	0	0	0.254278	2.39966	0.0843656	0	0	0.514362	0	6.83623	3.99373	26.9303	0.903685	0.469746	0	0	0	0	0	0.183238	0	0	0	0.205778	0.172905	1.32404	0	0.508313	0	5.90387	1.81956	0.634605	1.49076	0	0.0175606	0	0	0	1.69132
K19776	NO_NAME	0	0	9.05586	0	0	0.108775	2.938529	0	0	0.502384	0	0.093476	12.8893	8.97567	24.5882	0.360689	0.732919	0.0237874	0	0	0.0272052	0	0.308725	0	0	0	0.143359	0.339751	0	0	0.5564814	0.0243967	5.33317	1.0798281	0.592661	2.44187	0	0	0.0503304	0	0	1.63003
K19777	NO_NAME	0	0	4.29683	0.0286567	0.0356103	0.229267	0.40435	0.24088	0	0	1.21684	0	7.0843	6.49384	31.8661197	0	0.855025	0	0	0	0.0363258	0	0.269064	0.0720886	0	0.0225749	0.188011	0.774694	2.63039	0	0.2251638	0	9.10057	1.06213	0.036191	2.0066	0	0	0	0.036558	0	1.20248
K19778	NO_NAME	0	0	4.43779	0	0	0.133193	0.56552	0.13994	0	0.0267982	2.51893	0.0889696	4.80158	4.89541	20.3795	0	0.681785	0.0918925	0	0	0	0	0.217102	0	0	0	0.364086	0.573606	5.13069	0.0976448	0.0963604	0	11.7361	0.625987	0	1.50133	0	0.185914	0	0	0	0.671714
K19779	NO_NAME	0	0	44.9326	0	0	0	4.11089	0	0	0	0	0	0	4.24419	0	0	0	0	0	0	0	4.27218	0	0	0	0	0	0	0	0	0	0	0	8.45083	0	16.6912	0	0	0	0	0	4.2318
K19780	NO_NAME	0	0	1.9202	0	0	0	0	0	0	0	0	0	0	0.217651	0	0	0	0	0	0	0	0	0	0	0	0	0	0	0	0	0	0	0	0.216688	0	0.21399	0	0	0	0	0	0
K19784	NO_NAME	0	0.411846	4.0392943	0.904317	0.2578884	0.6998151	1.1668339	0.0668454	0	0.4669645	0.202555	0.0604865	3.41983	5.488872	33.0457	0.469492	0.334562	0	0.337114	0.0683432	0	0.399538	0.9667177	0.584159	0.735802	0	1.4672373	0.400951	0.334593	1.070162	0.970519	0.5578192	24.9621846	2.00129	0.3305135	2.0776634	0	0.119527	0	0	0.0342607	5.305219
K19788	NO_NAME	0	0	0	0	0	0	0	0	0	0	0	0	0	0	0	0.0100139	0	0	0	0	0	0	0	0	0	0	0	0	0	0	0	0	0	0	0	0	0	0	0	0	0	0
K19789	NO_NAME	0	0.420807	2.505267	0.033029	0	0.1383551	2.24545	0	0	0.347671	0.219331	0.0299238	3.50695	4.5168	12.7003	0.10461	0.0453617	0	0	0	0	0.0323089	0.142731	0	0	0	0.140142	0.0431771	1.300566	0.0179946	0.4890349	0	7.58717	1.63162	0.080687	0.704712	0	0	0	0	0	1.577871
K19802	NO_NAME	8.729056	9.1787897	13.52658	0.662377	1.04708	6.0276648	7.8827568	18.439647	23.442084	29.646004	14.431925	3.4406481	7.4667934	3.4972	0.0732488	15.322371	23.7645473	9.712857	15.7151702	1.699224	0.285929	4.5929269	1.5263523	30.6609	26.4961788	16.837926	8.2354112	11.444492	4.005868	6.880724	3.3609096	4.99436	17.31412	35.228166	13.9207385	10.7428145	3.5852318	7.89214	3.625592	6.1347164	24.5858	16.0859511
K19803	NO_NAME	0	0	2.12447	0	0	0.0168879	0.719477	0	0	0.0203862	0.340367	0	0	1.59533	0	0	0.277428	0.0197117	0	0	0	0	0.168037	0.0512129	0	0	0.152509	0	3.05523	0	0	0	3.09468	0.9942434	0	0.140741	0	0	0	0	0	0.405172
K19804	NO_NAME	0	0.1939503	4.0904177	0	0	0.0165403	0.7712446	0.0391136	0	1.4525092	5.1559795	0	3.68592	1.73929	11.807	0	0	0.388199	0.418444	0.198573	0	0.0336823	0.0568553	0.0459519	0	0	0.0494391	0.696972	0.0371187	0	0.258898	0	6.2379441	0.9483151	0	0.728196	0	0	0	0	0	0.896394
K19810	NO_NAME	0	0.473027	3.13523	0	0	0	0.589275	0	0	0	0.436785	0	4.91325	4.50975	24.5279	0	0.659679	0	0	0	0	0.0583233	0.16805	0	0	0.0231518	0.225068	0	0.706356	0.0189129	0.186472	0	5.17928	1.55749	0	2.28816	0	0	0	0	0	1.38653
K19862	NCK adaptor protein 2	0	0	0	0	0	0	0	0	0	0	0	0	0	0	0	0.0706169	0	0	0	0	0	0	0	0	0	0	0	0	0	0	0	0	0	0	0	0	0	0	0	0	0	0
K19871	NO_NAME	0	0	0	0	0	0	0	0	0	0	0	0	0	0	0	0.149445	0	0	0	0	0	0	0	0	0	0	0	0	0	0	0	0	0	0	0	0	0	0	0	0	0	0
K19873	NO_NAME	0	0	0	0	0	0	0	0	0	0	0	0	0	0	0	0.0482879	0	0	0	0	0	0	0	0	0	0	0	0	0	0	0	0	0	0	0	0	0	0	0	0	0	0
K19883	NO_NAME	0.778801	1.09308	1.64779	2.76325	4.08389	16.6039	17.3832	6.71126	3.21927	4.1428	3.0179	4.15124	21.3873	2.14512	0.960652	0.926523	1.56256	2.04642	0.584118	15.8473	5.68022	3.78464	2.98462	6.29711	3.15273	11.0936	1.56694	5.33332	1.20057	9.53346	0.684719	2.23397	4.05672	4.64468	1.32092	4.19376	16.0126	13.7555	2.90947	3.01307	11.662	6.04265
K19894	NO_NAME	0	0	0	0	0	0	0	0	0	0	0	0	0	0	0	0.0822286	0	0	0	0	0	0	0	0	0	0	0	0	0	0	0	0	0	0	0	0	0	0	0	0	0	0
K19904	NO_NAME	0	0	0	0	0	0	0	0	0	0	0	0	0	0	0	0.0517505	0	0	0	0	0	0	0	0	0	0	0	0	0	0	0	0	0	0	0	0	0	0	0	0	0	0
K19911	NO_NAME	0	0	0	0	0	0	0	0	0	0	0	0	0	0	0	0.0355782	0	0	0	0	0	0	0	0	0	0	0	0	0	0	0	0	0	0	0	0	0	0	0	0	0	0
K19921	NO_NAME	0	0	0	0	0	0	0	0	0	0	0	0	0	0	0	0.056731	0	0	0	0	0	0	0	0	0	0	0	0	0	0	0	0	0	0	0	0	0	0	0	0	0	0
K19929	NO_NAME	0	0	0	0	0	0	0	0	0	0	0	0.00879459	0	0	0	0.0255131	0	0	0	0	0	0	0	0	0	0	0	0	0	0	0	0	0	0	0	0	0	0	0	0	0	0
K19934	NO_NAME	0	0	0	0	0	0	0	0	0	0	0	0	0	0	0	0.02455678	0	0	0	0	0	0	0	0	0	0	0	0	0	0	0	0	0	0	0	0	0	0	0	0	0	0
K19935	NO_NAME	0	0	0	0	0	0	0	0	0	0	0	0	0	0	0	0.087392	0	0	0	0	0	0	0	0	0	0	0	0	0	0	0	0	0	0	0	0	0	0	0	0	0	0
K19954	NO_NAME	0.338864	0.764487	0.253351	14.4738	5.99285	1.71045	0.392848	0.473705	0.378785	0	0.106967	0.266117	0.7419805	0.101354	0.0380873	0	1.069021	2.80821	2.7354	1.65226	0.459126	4.1489	5.474923	0	0	0.938333	1.52345	0	0	2.102887	0	0.431391	0	0	0.580076	1.6027	0	0	0.415124	4.12068	0	0
K19955	NO_NAME	4.9105877	3.519142	2.6496828	0.101981	0.836327	2.757244	10.750777	2.5097472	2.2173011	2.861043	6.6581943	1.3489836	1.5089283	9.370257	4.85828	3.84433	18.740644	3.46814	4.68312	1.3750835	0	1.3822591	2.126875	7.07744	0.0582312	2.3553733	0.240312	0.7473977	0	4.786367	13.779397	25.27429	11.1833623	31.3076048	1.739947	1.6773555	3.614583	6.836131	5.2996782	1.278099	2.8065961	14.1179163
K19956	L-sorbose 1-phosphate reductase [EC:1.1.1.-]	2.4405003	2.6667291	6.501756	0.3875767	0.817383	1.4271765	1.8374188	3.425179	6.460126	3.4203	6.80725	0.034508	12.816033	4.922522	22.583685	0.6151363	8.31019	1.430168	2.85919	4.733402	16.27877	2.8957341	1.2540555	4.2607324	1.151378	2.90745	2.7323402	2.3530777	0.181735	2.4419124	2.4398913	1.79674	1.244967	4.253312	3.042948	9.955473	2.3920792	2.7547465	1.8287589	8.1369896	15.66444	7.015534
K19959	NO_NAME	0	0	0	0	0	0	0.115475	0	0	0	0	0	0	0	0	3.13347	0.112035	0	0	0	0	0	0	0	0	0	0	5.13014	0	0	0	0	0	0	0	0	0.0885355	0.156278	0	0	0	0.618135
K19965	dihydroneopterin triphosphate pyrophosphohydrolase [EC:3.6.1.67]	0	0	0.0430389	0	0	0	6.85149	0	0	0	0	0	0	0	0	0	0	0	0	0.238832	0	0	0	7.0370456	0.297754	0	0	0	0	0.318187	0.287835	0	0	0.0728519	0	0.119908	0	0	0	0	0	0.0972827
K19971	manganese/zinc transport system substrate-binding protein	0	0.0183593	0.9661651	0.484947	1.40324	0.0755963	4.189183	0.249625	0.802704	30.009038	23.01812	0.0376496	0	1.74975	0.7456375	0.6588909	0.094401	1.77934	1.79291	7.803401	0.290902	0	0.0633703	0.562501	0.68622	0	0.0774912	0	0.178878	0.2268209	1.0904554	0.6320719	0.281046	1.850048	2.6907106	1.045033	0.155226	0.10175	0	0.1384924	1.10804	4.3873036
K19972	manganese/zinc transport system permease protein	0	0	0	0	0	0	0	0	0	0.202521	0	0	0	0	0	0.0641542	0	0	0	0	0	0	0	0	0	0	0	0	0	0	0	0	0	0	0	0	0	0	0	0	0	0.110395
K19973	manganese/zinc transport system ATP-binding protein [EC:3.6.3.35]	0	0	0	0.148508	0	0	0	0	0	0	0	0	0	0	0	0	0	0	2.06314	0.115976	0	0.0575378	0	0	0.0602488	0	0.0720396	0	0	0	0	0	0	0	0	0.107821	0	0	0	0	0	0
K19975	manganese/zinc transport system substrate-binding protein	0	0	0	0.321786	0	0	0	0	0	0	0	2.23146	0	0.363025	0	0	0.115775	0	1.27551	0	0	0	0.0516129	0	0.0760302	0.047493	0.0649172	0	0	0	0.0801792	0	0.0640347	0.2723828	0	3.5799344	0	0.142037	0	0	0	2.41665
K19976	manganese/zinc transport system permease protein	0	0	0.478006	0.525529	0.1569895	0	0.139995	0	0	0.132141	0	2.5521	0	0.325087	0.0678683	0	0.117499	0	0	0.0621298	0	0	0.0465614	0.404078	0.5191912	0	1.1399501	0	0	0.680662	0.891231	0	0.123787	0.4150959	0	4.0854763	0	0.142037	0	0	0.0491416	4.27418
K19986	NO_NAME	0	0	0	0	0	0	0	0	0	0	0	0	0	0	0	0.0374767	0	0	0	0	0	0	0	0	0	0	0	0	0	0	0	0	0	0	0	0	0	0	0	0	0	0
K19997	NO_NAME	0.176724	0.331097	0.956012	0	0	0	0.190737	0	0	1.539688	1.418416	0.9585199	4.882672	0.993333	10.808	1.368109	0.22847	0.354631	0.0541692	0.136686	0	1.785477	0.474342	0.368403	0.696542	0.269459	0.3252256	6.91415	2.6210786	2.5430923	0	0.13727	3.163932	0.573334	0	0.197296	0	0.139436	0	0	0	1.20579
K20007	NO_NAME	0	0	0	0	0	0	0	0	0	0	0	0	0	0	0	0.0721954	0	0	0	0	0	0	0	0	0	0	0	0	0	0	0	0	0	0	0	0	0	0	0	0	0	0
K20012	growth differentiation factor 6	0	0	0	0	0	0	0	0	0	0	0	0	0	0	0	0.0515573	0	0	0	0	0	0	0	0	0	0	0	0	0	0	0	0	0	0	0	0	0	0	0	0	0	0
K20023	L-talarate/galactarate dehydratase [EC:4.2.1.156 4.2.1.42]	0	0	0	0	0	0	0	0	0	0	0	0.288365	0.668709	0	0	0	0.256491	0	0	0	0	0.0549476	0.712457	0	0	0	0	0	0	0.820876	0	0	0	0	0	0	0	0	0	0	0	0
K20035	3-(methylthio)propanoyl-CoA dehydrogenase [EC:1.3.8.-]	0	0	0	0	0	0	0	0	0	0	0	0	0	0	0	0	0	0	0	0	0	0	0	0	0	0	0	0	0	0	0	0	10.7483	0	0	0	0	0	0	0	0	0
K20037	NO_NAME	0	0	0	0.574573	0	0.347004	0.968481	0	0	0	0	0	0	0	0	0.599264	0.138407	0	0	0	0	0.163685	0.094327	0	0	0	0	0	0	0.0589236	0.2299707	0	0	0.0847201	0.0994212	0	0	0	0	0	0	0
K20038	NO_NAME	0.20828	0.141317	0	0.320175	0	0	0.202528	0.1061947	0	0	0	0.354005	0.5516311	0	0	0.616812	0.272719	0	0	0.0545841	0	0.192489	0.9712181	0	0	0	0	0	0	1.9069713	0.312844	0	0	0.124016	0.375287	0	0	0	0.149036	0	0	0.383914
K20066	NO_NAME	0	0	0	0	0	0	0	0	0	0	0	0	0	0	0	0.0436358	0	0	0	0	0	0	0	0	0	0	0	0	0	0	0	0	0	0	0	0	0	0	0	0	0	0
K20067	NO_NAME	0	0	0	0	0	0	0	0	0	0	0	0	0	0	0	0.0249697	0	0	0	0	0	0	0	0	0	0	0	0	0	0	0	0	0	0	0	0	0	0	0	0	0	0
K20073	NO_NAME	0.0791996	0	0.480619	0.205148	0.118756	0.0975719	0.229445	0	0	2.060044	1.7176518	0	0	0.0789617	0.044509	0.105146	0	0	0.109121	0	0	0.0442579	0.0411962	0.709051	0.125968	0	0	0	0	0	0	0.100961	0.042728	1.090429	0.1148477	0.9985324	0	0	0	0.0544119	0	0
K20074	NO_NAME	29.6509076	54.7203763	24.0742418	28.8203296	117.9126362	34.4998411	26.3653424	29.6649663	30.7193621	7.2650344	7.5648282	13.5837385	30.9645518	4.2153554	1.0988883	11.0376624	12.5349931	20.2661713	19.5250312	38.9118345	47.8476344	34.4211534	55.1757051	20.9054429	15.650361	57.0595624	53.1970855	14.1257825	26.915312	13.8064483	15.2246012	14.9611392	22.9777276	14.0502615	18.1340378	25.5316728	33.2364289	28.2108567	48.3172507	60.7547918	76.4741451	15.5817823
K20093	NO_NAME	0	0	0	0	0	0	0	0	0	0	0	0	0	0	0	0.0980671	0	0	0	0	0	0	0	0	0	0	0	0	0	0	0	0	0	0	0	0	0	0	0	0	0	0
K20096	NO_NAME	0	0	0	0	0	0	0	0	0	0	0	0	0	0	0	0.0788747	0	0	0	0	0	0	0	0	0	0	0	0	0	0	0	0	0	0	0	0	0	0	0	0	0	0
K20102	NO_NAME	0	0	0	0	0	0	0	0	0	0	0	0	0	0	0	0.094636	0	0	0	0	0	0	0	0	0	0	0	0	0	0	0	0	0	0	0	0	0	0	0	0	0	0
K20107	PTS system, maltose-specific IIB component [EC:2.7.1.208]	0	0.0522818	0.2619628	0.0434145	0	0	0.0645796	0.104124	0	2.046409	0.751082	0.491155	0	0.0789092	0.1407655	0.5394478	0.417839	0.0554197	0	0.3788256	0	0.1416392	0.0563078	3.083591	0	0	0.0381724	0.0390017	5.516803	0.1890632	0.5765348	0.2125792	0	0.240503	0.7328116	0.4737072	0	0.0568573	0	0	0.0915461	0.6805199
K20108	PTS system, maltose-specific IIC component	0	0.0522818	0.2619628	0.0434145	0	0	0.0645796	0.104124	0	2.046409	0.751082	0.491155	0	0.0789092	0.1407655	0.5394478	0.417839	0.0554197	0	0.3788256	0	0.1416392	0.0563078	3.083591	0	0	0.0381724	0.0390017	5.516803	0.1890632	0.5765348	0.2125792	0	0.240503	0.7328116	0.4737072	0	0.0568573	0	0	0.0915461	0.6805199
K20112	PTS system, galactose-specific IIA component [EC:2.7.1.204]	0	0.042238	0.0916057	0.0539534	0	0.0966282	0.150858	0.0811155	0.0391484	10.63887946	5.7256749	0	0	0.103833	0.102425	1.4080238	0	0.292117	0.303866	2.447617	0	0	0.0386186	6.882064	0.1848436	0	0	0	6.02495	0	1.711499	0.259968	0.100465	0.387653	0.34387	3.5215395	0	0	0	0	0.416577	0.9830837
K20113	PTS system, galactose-specific IIB component [EC:2.7.1.204]	0	0	0	0	0	0	0	0	0	0	0	0	0	0	0	0	0	0	0	0	0	0	0	0	0	0	0	0	0	0	0	0	0	0	0	0	0	0.337863	0	0	0	0
K20114	PTS system, galactose-specific IIC component	0	0	0.0419035	0	0	0	0	0	0	0	0	0	0	0	0	0	0	0	0	0	0	0	0	0	0	0	0	0	0	0	0	0	0	0	0.266348	0	0	0	0	0	0	0
K20116	PTS system, glucose-specific IIA component [EC:2.7.1.199]	1.791046	1.087274	2.393197	0	0.157137	2.87062	9.48018	6.14331	5.802062	2.693798	15.654016	0.121667	1.546696	9.779931	3.849338	4.202883	15.263335	1.14284	0.8569695	8.06681	25.72753	3.18862	2.7601	0.232614	0.189588	10.808326	1.003585	0	0	3.456339	11.25214	20.828954	3.71942	21.5609	4.202297	1.583202	0.0493249	0	5.905276	1.7981575	1.21131	0.0495107
K20117	PTS system, glucose-specific IIB component [EC:2.7.1.199]	1.791046	1.087274	2.4874999	0	0.157137	2.87062	9.748149	6.14331	5.802062	3.567891	15.654016	0.121667	1.546696	9.779931	3.849338	4.202883	15.263335	1.14284	0.8569695	8.06681	25.72753	3.18862	2.7601	0.232614	0.189588	10.808326	1.003585	0	0	3.456339	11.3195923	20.828954	3.71942	21.6297586	4.202297	1.583202	0.0493249	0	5.905276	1.7981575	1.21131	0.1372813
K20118	PTS system, glucose-specific IIC component	1.791046	1.087274	2.4874999	0	0.157137	2.87062	9.748149	6.14331	5.802062	3.567891	15.654016	0.121667	1.546696	9.779931	3.849338	4.202883	15.263335	1.14284	0.8569695	8.06681	25.72753	3.18862	2.7601	0.232614	0.189588	10.808326	1.003585	0	0	3.456339	11.3195923	20.828954	3.71942	21.6297586	4.202297	1.583202	0.0493249	0	5.905276	1.7981575	1.21131	0.1372813
K20135	NO_NAME	0	0	0	0	0	0	0	0	0	0	0	0.0829329	0	0	0	0	0	0	0	0	0	0	0	0	0	0	0	0	0	0	0	0	0	0	0	0	0	0	0	0	0	0
K20181	NO_NAME	0	0	0	0	0	0	0	0	0	0	0	0	0	0	0	0.0462704	0	0	0	0	0	0	0	0	0	0	0	0	0	0	0	0	0	0	0	0	0	0	0	0	0	0
K20187	NO_NAME	0	0	0	0	0	0	0	0	0	0	0	0	0	0	0	0.0258701	0	0	0	0	0	0	0	0	0	0	0	0	0	0	0	0	0	0	0	0	0	0	0	0	0	0
K20192	NO_NAME	0	0	0	0	0	0	0	0	0	0	0	0	0	0	0	0.0427832	0	0	0	0	0	0	0	0	0	0	0	0	0	0	0	0	0	0	0	0	0	0	0	0	0	0
K20195	NO_NAME	0	0	0	0	0	0	0	0	0	0	0	0	0	0	0	0.0591636	0	0	0	0	0	0	0	0	0	0	0	0	0	0	0	0	0	0	0	0	0	0	0	0	0	0
K20215	NO_NAME	0	0	0.256624	0	0	0	0	1.34578	0.0673816	0	0	0	0	0	0	0	0.616474	0	0	0	0	0	0	0	0	0	0	0	0	2.2853	0	0	0	0	0	0	0	0	1.47225	0	0	0
K20216	dual specificity phosphatase 10 [EC:3.1.3.16 3.1.3.48]	0	0	0	0	0	0	0	0	0	0	0	0	0	0	0	0.0559709	0	0	0	0	0	0	0	0	0	0	0	0	0	0	0	0	0	0	0	0	0	0	0	0	0	0
K20234	docking protein 2	0	0	0	0	0	0	0	0	0	0	0	0	0	0	0	0.041	0	0	0	0	0	0	0	0	0	0	0	0	0	0	0	0	0	0	0	0	0	0	0	0	0	0
K20243	NO_NAME	0	0	0	0	0	0	0	0	0	0	0	0	0	0	0	0.0403033	0	0	0	0	0	0	0	0	0	0	0	0	0	0	0	0	0	0	0	0	0	0	0	0	0	0
K20257	regulatory protein PqsE	0.267515	0.602755	0.695677	0	0	0.939996	0.718845	0.611965	0.921913	0.318168	0.51401	0	0.265661	0.15075	0	0.459597	1.49841	0.699927	0.593375	1.08228	1.11488	1.14393	0.930513	0	0	0.244112	0.340771	0	0	0.365568	0.671759	0.708412	5.88727	0	0.720804	0	0	0	1.17841	1.29451	1.03515	0
K20258	PA-I galactophilic lectin	0	0	0	0	0	0	0	0	0	0	0	0	0	0	0	0	0	0	0	0	0	0	0	0	0	0	0	0	0	0	0	0	10.3276	0	0	0	0	0	0	0	0	0
K20260	phenazine biosynthesis protein	0	0	0	0	0	0	0	0	0	0	0	0	0	0	0	0	0	0	0	0	0	0	0	0	0	0	0	0	0	0	0	0	18.90013	0	0	0	0	0	0	0	0	0
K20261	phenazine biosynthesis protein	0	0	0	0	0	0	0	0	0	0	0	0	0	0	0	0	0	0	0	0	0	0	0	0	0	0	0	0	0	0	0	0	9.81945	0	0	0	0	0	0	0	0	0
K20264	two-component system, NarL family, response regulator FusR	0	0	0	0	0	0	0.188416	0	0	0	0	0	0	0	0	0	0	0	0	0	0	0	0	0	0	0	0	0	0	0	0	0	0	0	0	0	0	0	0	0	0	0.0528975
K20265	glutamate:GABA antiporter	5.191235	4.627419	2.4735011	7.225674	0.7746251	0.6133927	6.340492	0.4398839	0.3125987	5.221636	1.45827	16.121604	11.8016742	3.38678	17.3930677	12.3006971	0.5918921	0.7514946	0.1311472	2.7664746	1.2209403	3.159329	3.1242405	0.456673	3.335504	1.626344	2.4478785	3.6666669	5.327959	1.4942547	5.87998087	2.9399909	9.706248	3.074554	0.4207504	2.6166037	0.9900214	1.828284	0.8054759	0.8224881	1.44728	1.6084693
K20276	large repetitive protein	0	0	0.5643439	0.515626	0	0.112678	0.0932176	0.442203	0	0	0	10.6822	0.112004	0.0636964	0	1.0548241	0.00408131	0	0	0	0	3.15521	0	0	0.189275	0	0	0	0	0.0388458	1.00699	0	0.552378	0.0600809	1.31179	0.057111	0.733307	0.8070682	0.134097	0.083165	0	0.451258
K20280	NO_NAME	0	0	0	0	0	0	0	0	0	0	0	0	0	0	0	0.0833794	0	0	0	0	0	0	0	0	0	0	0	0	0.0180615	0	0	0	0	0	0	0	0	0	0	0	0	0
K20296	NO_NAME	0	0	0	0	0	0	0	0	0	0	0	0	0	0	0	0.0434192	0	0	0	0	0	0	0	0	0	0	0	0	0	0	0	0	0	0	0	0	0	0	0	0	0	0
K20301	NO_NAME	0	0	0	0	0	0	0	0	0	0	0	0	0	0	0	0.07494815	0	0	0	0	0	0	0	0	0	0	0	0	0	0	0	0	0	0	0	0	0	0	0	0	0	0
K20315	NO_NAME	0	0	0	0	0	0	0	0	0	0	0	0	0	0	0	0.0278775	0	0	0	0	0	0	0	0	0	0	0	0	0	0	0	0	0	0	0	0	0	0	0	0	0	0
K20316	NO_NAME	0	0	0	0	0	0	0	0	0	0	0	0.00324618	0	0	0	0	0	0	0	0	0	0	0	0	0	0	0	0	0	0	0	0	0	0	0	0	0	0	0	0	0	0
K20318	NO_NAME	0	0	0	0	0	0	0	0	0	0	0	0	0	0	0	0.0168635	0	0	0	0	0	0	0	0	0	0	0	0	0	0	0	0	0	0	0	0	0	0	0	0	0	0
K20320	beta-lactamase class C PDC [EC:3.5.2.6]	0	0	0	0	0	0	0	0	0	0	0	0	0	0	0	0	0	0	0	0	0	0	0	0	0	0	0	0	0	0	0	0	4.27713	0	0	0	0	0	0	0	0	0
K20322	mutacin IV	0	0	0	0	0	0	0	0	0	0.722167	0.089287	0	0	0	0	0	0	0.20195	0	0	0	0	0	0	0	0	0	0	0	0	0	0	0	0	0	0	0	0	0	0.0474265	0	0.0972827
K20323	mutacin V	0	0	0	0	0	0	0	0	0	0.670902	0	0	0	0	0	0	0	0	0	0	0	0	0	0	0	0	0	0	0	0	0	0	0	0	0	0	0	0	0	0	0	0
K20324	mutacin VI	0	0	0	0	0	0	0	0	0	0.383372	0.0947986	0	0	0	0	0	0	0.214416	0	0	0	0	0	0	0	0	0	0	0	0	0	0	0	0	0	0	0	0	0	0	0	0.208978
K20337	phenol-soluble modulin beta	0	0	0	0	0	0	0	0	0	0	0	0	0	0	0	0	0	0	0	0	0	0	0	0	0	0	0	0	0	0	0	0	0	0	0	0	0.505646	0	0	0	0	0
K20338	MarR family transcriptional regulator, global regulator for virulence	0	0	0	0	0	0	0	0	0	0	0	0	0	0	0	0	0	0	0	0	0	0	0	0	0	0	0	0	0	0	0	0	0	0	0	0	0.0682221	0	0	0	0	0
K20340	two-component system, AgrA family, response regulator AgrA2	0	0	0	0	0	0	0	0	0	0	0	0	0	0	0	0	0	0	0	0	0	0	0	1.24762	0	0	0	0	0	0.367153	0	0	0	0.241808	0	0	0	0	0.134537	0	0	0
K20341	immunity protein	0	0	0	0	0	0	0	0	0	0.864603	0.0914129	0	0	0	0	0.210943	0	0.10821	0	0	0	0	0	0	0	0	0	0	0	0	0	0	0	0	0.0309653	0	0	0	0	0	0	0.570643
K20342	HTH-type transcriptional regulator, regulator for ComX	0.164405	0	0.267601	0.438534	0.658794	0.34698	0.658625	0.0743984	0	13.03508	11.713439	0	0	0.4980659	0.5363768	0.186778	0	0.219844	0.294925	5.401957	0	0	0.0656195	0.6105073	0.0682597	0	0.0679962	0	0.0630928	0	0.7237666	0.470691	0	1.01344	1.231838	1.301731	0.1694351	0.149866	0	0.113227	0.3913739	1.7661127
K20344	ATP-binding cassette, subfamily C, bacteriocin exporter	3.8562788	1.8615	2.3610179	18.189249	17.319247	0.8739023	0.591458	2.2960217	1.61579	5.970256	8.0371406	0.0448407	3.94902	0.2859642	0.106643	10.7656787	0.163909	2.53774	3.72805	2.1613629	0	0.539867	3.6437983	40.58893	0.614678	2.17829	0.9352673	0.338921	0	0.881111	1.802302	0.4357468	4.7454	3.1488	6.419124	0.1317721	2.68494	4.82166	0.217891	0.945527	2.8230069	8.533089
K20345	membrane fusion protein, peptide pheromone/bacteriocin exporter	2.78494	2.06498	1.5212135	0.281949	0.751218	1.952807	11.380113	1.78522	1.72497	4.767826	5.03323	0	6.758516	0.264435	0	0.0614811	0.640368	3.08398	3.86073	1.08201	0	0.0443632	0.0468176	5.31581	0.0986328	2.53845	0.339416	0.251142	0	0.2005138	0.529532	0.238344	5.488528	3.13286	1.205201	0.0544131	2.67788	4.75254	0	0.683326	3.10316	8.721895
K20350	NO_NAME	0	0	0	0	0	0	0	0	0	0	0	0	0	0	0	0.0368903	0	0	0	0	0	0	0	0	0	0	0	0	0	0	0	0	0	0	0	0	0	0	0	0	0	0
K20364	NO_NAME	0	0	0	0	0	0	0	0	0	0	0	0	0	0	0	0.01759854	0	0	0	0	0	0	0	0	0	0	0	0	0	0	0	0	0	0	0	0	0	0	0	0	0	0
K20370	phosphoenolpyruvate carboxykinase (diphosphate) [EC:4.1.1.38]	0	0	0	0	0	0	0	0	0	0	0	0	0	0	0	0	0	0	0	0	0.0504268	0	0	0.0877353	0	0	0	0	0	0	0	0	0	0	0	0	0	0	0	0	0	0
K20373	HTH-type transcriptional regulator, SHP2-responsive activator	0.190789	0	0.5118188	0.193451	1.41848	0.0981425	0.216363	0	0.442709	29.0102	20.5888	0	0	1.56367	0.657549	0.284755	0	1.91705	1.8764	7.458116	0.152313	0	0.155971	1.565037	0.201985	0	0.100603	0.109728	0	0	0.412721	0.391213	0.31897	1.18608	2.946657	1.508388	0.0879707	0.0770566	0	0.0769641	0.672141	3.72449
K20374	HTH-type transcriptional regulator, SHP3-responsive repressor	0	0	0	0	0	0	0	0	0	0	0	0	0	0	0	0	0	0.0877155	0	0	0	0	0.0473677	0	0	0	0	0	4.74856	0	0.267825	0.0736189	0	0	0	0.373325	0	0	0	0	0	0.5700589
K20379	sex pheromone cAD1	0	0	0	0	0	0	0	0	0	0	0	0	0	0	0	0	0	0	0	0	0	0	0	0	0	0	0	0	0	0	0	0	0	0	0	0	0	0.289475	0	0	0	0
K20382	aggregation substance	0	0	0	0.0584292	0	0	0	0	0	0	0	0	0	0	0	0	0	0	0	0	0	0	0	0	0	0	0	0	0	0	0	0	0	0	0	0.0131116	0	0	0	0	0	0
K20444	NO_NAME	11.627513	8.837758	6.378414	16.3992888	6.7939354	8.221452	3.943612	12.838218	10.8357652	6.2618599	9.282895	1.4887619	4.312549	1.79023	0.1652923	5.4995697	4.334847	11.370689	15.28191	7.656651	5.5650988	7.1366063	9.955281	20.7403241	2.1229749	9.4444785	9.1653982	2.0595035	0	5.935364	2.3195938	5.0312516	22.4021528	9.8048479	5.5945434	4.227026	9.0366322	14.3687597	13.6276724	14.137924	6.2986025	24.8517455
K20459	lantibiotic transport system ATP-binding protein	0	0	0	0.114862	0.166228	0	0.0990615	0	0	0.192061	0.0899846	0	0.0971784	0	0.014649	0.0401737	0.071907	0	0.0573476	0.2391968	0.1080557	0	0.1618478	0.7001506	0	0	0.0550607	0	0	1.3230028	0.2888865	0.156746	0	0	0	0	0	0	0	0.180907	0.039302	0.0327171
K20460	lantibiotic transport system permease protein	5.1128815	8.1833565	2.3618611	50.3835919	23.5105865	4.58893	2.0145453	9.41317	7.3276427	11.848583	12.803282	1.796542	19.9118425	10.1070596	2.9267639	1.5561724	6.58348	13.660051	12.2170354	23.9859221	47.5024962	4.1238392	2.4219361	28.419789	25.809831	10.5338863	33.833898	9.48399	0	5.0899025	4.4631925	10.3389528	32.2629442	45.5853711	5.619323	12.1255281	16.465519	18.54678	1.9830801	5.6341896	19.9161362	6.5311648
K20461	lantibiotic transport system permease protein	12.3284569	12.458739	9.3247398	0	0	5.2005372	9.432978	28.94179	29.768654	37.57261	31.03106	0.330556	1.17731	4.3998439	0.0419712	9.50699	19.2973	6.0096201	26.9105	4.3721273	1.386642	6.1415632	0.5059368	29.2428791	34.0774	19.76061	7.47149	0	0	5.206447	5.1688453	9.264055	6.33554	26.8368	20.26917	18.2187141	10.548997	10.66482	7.514232	3.8614848	20.304572	6.474103
K20480	HTH-type transcriptional regulator, quorum sensing regulator NprR	0	0	0.0893975	0	0	0.246573	0.234045	0.423116	0.400127	0	0	0	0.0777743	0	0	0	0	1.12905	1.02601	0	0	0.0941527	0.0527504	0.482098	0.105487	0.25923	0.0375285	0.0727692	0	0	0	0	0	0	0	0.15293	0	3.19435	0	0.168435	0.534898	0.233157
K20482	lantibiotic bacteriocin	0	0	0	0	0	0	0	0	0	0	0	0	0	0	0	0	0	0	0	0	0	0	0	0.626639	0.211757	0	0	0	0	0	0	0	0	0	0	0	0	0	0	0	0	0
K20483	lantibiotic biosynthesis protein	0	0	0.121581	0	0	0.0470755	0.371775	0	0	0	0	0	1.49602	0	0	0.22701	0	1.15661	0.834523	0.386911	0	0	0	3.43863	0	0.263192	0.883099	0	0	0	0	0	0	0	0.266714	0	0.0803739	0	0	0	0	0
K20484	lantibiotic biosynthesis protein	0	0	0	0	0	0	0	0	0	0	0	0	0	0	0	0.4307903	0	1.04595	0.997354	0	0	0	0	0.190041	0	0	0	0	0	0	0	0	0	0	0	0	0	0	0	0	0	0
K20485	ATP-binding cassette, subfamily B, bacterial NisT	0	0	0	0	0	0	0	0	0	0	0	0	0	0	0	0	0	0	0	0	0	0	0	0.152518	0	0	0	0	0	0	0	0	0	0	0	0	0	0	0	0	0	0
K20486	lantibiotic leader peptide-processing serine protease [EC:3.4.21.-]	0	0	0	0	0	0	0	0	0	0	0	0	0	0	0	0	0	0	0	0.020635	0	0	0	0	0	0	0	0	0	0	0	0	0	0	0	0	0	0	0	0	0	0
K20487	two-component system, OmpR family, lantibiotic biosynthesis sensor histidine kinase NisK/SpaK [EC:2.7.13.3]	7.4890275	4.5759583	0.7061079	7.974102	6.23178	5.239502	5.070591	9.690111	9.411994	0.6514824	2.8707404	6.2978189	20.182651	0.332878	0	0.4024638	1.825898	1.780306	5.6293572	0.73805	0.8638215	0.868759	0.8175212	1.116295	2.060416	5.299194	17.268721	6.0033411	0.294553	7.445292	3.822592	1.781793	3.84279	3.129461	2.1548964	0.9546556	1.674291	1.1069628	0.907364	3.2963456	3.134167	3.44282
K20488	two-component system, OmpR family, lantibiotic biosynthesis response regulator NisR/SpaR	1.2846279	3.5194308	1.5923376	5.812792	3.9495386	7.04543	4.5447318	2.285016	3.588502	1.934886	2.77769	0.2320799	0.8140444	6.7408	1.38426	0.5385704	5.9161317	3.43909	6.2838589	2.9647931	6.450618	1.046889	1.1038588	1.5369148	2.0209247	5.442848	13.74996	0.6167036	0	1.538541	1.903029	3.4314113	1.340124	8.3275301	5.68483	2.242185	3.8805	5.2284501	0.9562848	2.8343458	1.921934	2.6535957
K20489	lantibiotic immunity protein	0	0	0	0	0	0	0	0	0	0	0	0	0	0	0	0.365084	0	1.08921	1.0386	0	0	0	0	0	0	0	0	0	0	0	0	0	0	0	0	0	0	0	0	0	0	0
K20490	lantibiotic transport system ATP-binding protein	24.3066611	34.326093	36.5343281	68.11046	84.70444	72.9465455	70.6411892	75.385207	85.635699	47.00575	61.391	3.258716	50.0194	71.1757418	15.4736247	15.5358452	105.7559736	70.651777	80.4659429	145.95103	152.2262	31.0924	26.4609697	42.5091781	50.5513547	68.7959	75.607471	18.9160235	0	37.1478784	117.3232797	90.343594	33.47365	97.43572	104.1639395	34.0052	100.244418	69.7578468	23.5352171	39.222218	28.739326	46.494904
K20491	lantibiotic transport system permease protein	3.44123	3.84266	2.826155	14.0848526	7.990138	0	0.1136	10.968213	10.774736	19.036162	14.51379	1.11019	12.660646	2.153169	0.812603	1.287665	12.13968	5.086345	3.403964	13.81974	5.6621	6.60433	5.68241	0.2408169	0	4.94788	9.86199	3.61238	0	5.101183	35.7343367	9.202485	3.388516	7.7859303	11.3597828	4.478529	9.2338821	5.226982	0.0866533	0.119985	0.249973	12.4183708
K20492	lantibiotic transport system permease protein	35.58498	39.806821	37.486945	119.7843715	109.9546023	100.5251628	97.992056	97.136429	98.064831	69.186677	76.133271	6.281176	32.873047	79.278976	21.20005	14.245752	105.9824867	87.530442	105.488462	161.654979	202.50858	33.059907	19.2975594	119.665411	101.44936	93.184035	136.619312	19.278626	0.349758	54.228653	56.756479	112.256749	32.72105	106.25838	104.016856	48.90546	110.9171844	77.6975153	45.623886	70.2411242	143.293175	49.37789
K20509	NO_NAME	0	0	4.15807	0	0	0.190169	1.03258	0	0	0	0	0	0	0	0	1.12025	0	0	0	0	0	0	0	0.0447541	0	0	0	0	0	0	0.515932	0	0	0.2394	0	0	0	0	0	0	0	0.111889
K20526	NO_NAME	0	0	0	0	0	0	0	0	0	0	0	0	0	0	0	0.0321548	0	0	0	0	0	0	0	0	0	0	0	0	0	0	0	0	0	0	0	0	0	0	0	0	0	0
K20527	type IV secretion system protein TrbB	0	0	0	0	0	0	0	0	0	0	0.303883	0	0	0	0	0	0	0	0	0	0	0	0	0	0	0	0	0	1.04098	0	0.166571	0	1.86041	0	0	0	0	0	0	0	0	0
K20528	type IV secretion system protein TrbC	0	0	0	0	0	0	0	0	0	0	0.357697	0	0	0	0	0	0	0	0	0	0	0	0	0	0	0	0	0	0	0	0	0	6.43337	0	0	0	0	0	0	0	0	0
K20529	type IV secretion system protein TrbD	0	0	0	0	0	0	0	0	0	0	0.197297	0	0	0	0.0209435	0	0	0	0	0	0	0	0	0.0394182	0	0	0	0	0	0	0	0	0	0	0	0	0	0	0	0	0	0
K20530	type IV secretion system protein TrbE	0	0	0	0	0	0	0	0	0	0	0.368907	0	0	0	0	0	0	0	0	0	0	0	0	0	0	0	0	0	1.11965	0	0.100457	0	1.2114	0	0	0	0	0	0	0	0	0
K20531	type IV secretion system protein TrbF	0	0	0	0	0	0	0	0	0	0	0.385991	0	0	0	0	0	0	0	0	0	0	0	0	0	0	0	0	0	0.81485	0	0	0	0	0	0	0	0	0	0	0	0	0
K20532	type IV secretion system protein TrbG	0	0	0	0	0	0	0	0	0	0.0382311	0.378051	0	0	0	0	0	0	0	0	0	0	0	0	0	0	0	0	0	1.49834	0.334025	0.120403	0	0	0	0	0	0	0	0	0	0	0
K20533	type IV secretion system protein TrbI	0	0	0	0	0	0	0	0	0	0.034813	0.275382	0	0	0	0	0	0	0	0	0	0	0	0	0	0	0	0	0	1.00872	0.683514	0.113322	0	1.31043	0.0899024	0	0	0	0	0	0	0	0
K20534	NO_NAME	39.4740327	30.9145392	6.1594272	21.888826	22.6093667	31.695047	27.0373307	11.6715074	14.4157058	7.4746681	7.8608723	0.8517222	12.357654	5.1472559	1.3537182	3.002841	10.9917848	8.258067	14.7503423	37.7911713	42.5736456	8.8728332	7.8299745	3.6568236	2.765502	19.6746532	7.670022	4.504541	1.77175	8.4792603	7.3287172	12.1539415	19.5382971	12.9225795	7.3447145	10.139433	28.6936957	34.6687265	50.4358367	76.5432464	66.188517	1.333093
K20541	NO_NAME	0	0.287341	1.91364	0	0	0.0500121	0.179281	0	0	0.18455467	0.252075	0.00433694	4.24743	1.68904	8.49451	0	0.258688	0	0	0	0	0	0.00753743	0	0	0	0.0774799	0.0189716	0.136977	0	0	0	1.33053	0.276629	0	0.419186	0	0	0	0	0	0.335502
K20542	NO_NAME	0	0	5.2288297	0	0	0.0789231	0.491679	0.1454712	0	0.968207	0.7357965	0.0146066	7.52694	4.1688	25.932	0.181145	0.454872	0.0121273	0	0	0	0.0624979	0.1886541	0	0	0	0.17976	0.0127925	1.733965	0.0474454	0.0310899	0	2.96372	1.124046	0.0723064	1.4070878	0	0.0146241	0	0	0	0.7717118
K20543	NO_NAME	0	0	1.991234	0	0	0.00790106	0.151198	0	0	0	0	0.00548287	2.57582	0.843504	2.62771	0.0983471	0.2103828	0	0	0	0	0.00986876	0.0117115	0.00703673	0	0	0.0144879	0.0214432	0.0667446	0	0.027052	0	0.94986	0.209779	0.127896	0.634203	0	0	0	0	0	0.234672
K20609	NO_NAME	0	0	0	0	0	0	0.0761277	0.0816316	0	0.0483378	1.11388	0	0	0	0	0	0	0.0714719	0	0	0	0	0.0506571	0	0	0	0.0796437	0	2.39001	0	0	0	0	0	0	0	0	0.0632625	0	0	0	1.07101
K20626	lactoyl-CoA dehydratase subunit alpha [EC:4.2.1.54]	0.643598	0.593489	0.76237	0	0	1.39853	0.822179	0.59569	1.23931	1.573337	1.331143	0.0454466	0.364553	0.29824	0	0.843905	2.544482	0.860014	0.96171	1.456011	2.006806	7.02848	1.567203	0	0	0.4430625	0.650926	0	0	1.162749	0.812162	0.804143	1.2667295	0.783762	0.9113846	0.142085	0	0	1.28141	1.55717	0.9741	0.189094
K20627	lactoyl-CoA dehydratase subunit beta [EC:4.2.1.54]	0.417863	0.452871	0.696807	0	0	1.34705	1.13491	0.522843	1.02618	0.404834	0.816547	0.0515805	0.414878	0.329814	0	0.642723	1.67518	0.665938	0.770463	0.871685	1.49136	2.14388	1.04858	0	0	0.329797	0.624446	0	0	0.830281	0.968334	0.373763	1.22274	0.502396	0.893266	0.0465369	0	0	1.317	1.77631	0.905352	0.0943457
K20655	NO_NAME	0	0	0	0	0	0	0	0	0	0	0	0	0	0	0	0.0271442	0	0	0	0	0	0	0	0	0	0	0	0	0	0	0	0	0	0	0	0	0	0	0	0	0	0
K20684	NO_NAME	0	0	0	0	0	0	0	0	0	0	0	0	0	0	0	0.0815179	0	0	0	0	0	0	0	0	0	0	0	0	0	0	0	0	0	0	0	0	0	0	0	0	0	0
K20723	reticulon-3	0	0	0	0	0	0	0	0	0	0	0	0.0213242	0	0	0	0.0621268	0	0	0	0	0	0	0	0	0	0	0	0	0	0	0	0	0	0	0	0	0	0	0	0	0	0
K20734	thyroxine-binding globulin	0	0	0	0	0	0	0	0	0	0	0	0	0	0	0	0.0406947	0	0	0	0	0	0	0	0	0	0	0	0	0	0	0	0	0	0	0	0	0	0	0	0	0	0
K20742	NO_NAME	0	0	0	0	0.194469	0	0	0	0	0	0	0	0	0	0	0	0	0	0	0	0	0	1.73174	0	0	0	0	0	0	0.0868173	0	0	0	0	0	0.0897378	0	0	0	0	0	0
K20774	BRCA1-A complex subunit Abraxas	0	0	0	0	0	0	0	0	0	0	0	0	0	0	0	0.0488445	0	0	0	0	0	0	0	0	0	0	0	0	0	0	0	0	0	0	0	0	0	0	0	0	0	0
K20805	NO_NAME	0	0	0	0	0	0	0	0	0	0	0	0	0	0	0	0.0590947	0	0	0	0	0	0	0	0	0	0	0	0	0	0	0	0	0	0	0	0	0	0	0	0	0	0
K20807	NO_NAME	0	0	0	0	0	0	0.554644	0	0	0	0	0	0	0	0	0	0	0	0	0	0	0	0	0	0	0	0	0	0	0	0	0	0	0	0	0	0	0	0	0	0	0
K20811	NO_NAME	0	0	0	0	0	0	0	0	0	0	0	0	0	0	0	0.37379	0	0	0	0	0	0	0	0	0	0	0	0	0	0	0	0	0	0	0	0	0	0	0	0	0	0
K20813	NO_NAME	0	0	0	0	0	0	0	0	0	0	0	0	0	0	0	0.0411477	0	0	0	0	0	0	0	0	0	0	0	0	0	0	0	0	0	0	0	0	0	0	0	0	0	0
K20814	NO_NAME	0	0	0	0.0578831	0	0	0	0	0	0	0	0	0	0	0	0	0	0	0	0.0503797	0	0	0	0.0627	0	0	0	0	0	0	0.0505892	0	0.0479183	0	0	0	0	0	0	0	0	0.04702
K20830	NO_NAME	3.72485	2.74713	0	0.291884	0	0.329066	0.161212	0.151272	0	1.29393	1.96684	0.855188	2.43293	0.145634	0	2.60391	0.24815	0.415036	0.08118	0.633176	0.414942	1.57065	0.321822	0	0.0846554	0.301655	0.864369	12.3497	0	3.69776	0.167391	0.770919	3.10151	3.09658	0	0	0	0	0.168687	0.376332	0.0521678	0.508231
K20838	NO_NAME	0	0	0	0	0	0	0	0	0	0	0	0	0	0	0	0.0559893	0	0	0	0	0	0	0	0	0	0	0	0	0	0	0	0	0	0	0	0	0	0	0	0	0	0
K20840	NO_NAME	0	0	0	0	0	0	0	0	0	0	0	0	0	0	0	0.0796149	0	0	0	0	0	0	0	0	0	0	0	0	0	0	0	0	0	0	0	0	0	0	0	0	0	0
K20857	NO_NAME	0	0	0	0	0	0	0	0	0	0	0	0	0	0	0	0.1022118	0	0	0	0	0	0	0	0	0	0	0	0	0	0	0	0	0	0	0	0	0	0	0	0	0	0
K20859	NO_NAME	4.30361	1.1238926	0.151642	6.28126	1.01225	0.655483	0.809457	0	0	0.376623	0.0961338	0.421039	0.177523	0	0	0.152404	0	0.0679486	0.0907082	1.28022	1.24997	0.9090089	1.4184893	0.135095	2.81072	0.358646	1.5211	0.783038	0.382111	0.144404	0.313511	0.159642	4.65497	2.67151	0.0469293	0	1.08963	4.422991	0.143608	0.535497	1.30578	0.263663
K20861	NO_NAME	0	0	2.7641509	0	0	2.222451	0.820878	0	0	1.909774	0.0584236	0.0111989	2.27507	3.22456	23.2325	0	0.207299	0.022457	0	0	0	0	2.138888	0.0450053	0.927698	0	0.397458	0.0299425	0.149778	0	0.17855	0.0234529	3.05751	0.259887	0	0.4383173	0	0	0	0	0.0327453	1.758868
K20862	NO_NAME	0	0	3.63212	0	0	0.0739963	0.464016	0.0209744	0	0.0990136	1.31364	0.0252766	6.95944	4.17682	29.9067	0	0.551921	0	0.00974913	0	0	0.0602777	0.144735	0	0	0	0.288234	0.132371	2.48537	0	0.1462771	0.0213056	7.881383	0.700509	0.0915307	0.677069	0	0.0464786	0	0	0	0.686641
K20866	NO_NAME	1.803871	2.507507	3.67136	0	0	0.410215	1.8548514	0.4753256	0.0521193	3.3277477	1.6046044	4.797828	1.8748962	0.423456	0	12.995483	0.6619388	0.7542049	0	0.417843	0.109897	2.077907	2.6697217	0.116656	0.510076	2.086011	0.8163609	9.298428	4.661433	1.4105857	0.3428557	2.9657962	9.2319221	1.2611192	0.0547446	1.88697	0	3.3759937	0	0	0	1.3850326
K20872	NO_NAME	0	0	0	0	0	0	0	0	0	0	0	0	0	0	0	0.0532373	0	0	0	0	0	0	0	0	0	0	0	0	0	0	0	0	0	0	0	0	0	0	0	0	0	0
K20881	NO_NAME	0	0	5.25893	0.0130846	0	0	0.207852	0	0	0.0255603	0.503035	0.0340097	4.75646	3.12385	9.6432	0.268281	0.320164	0.0384356	0	0	0	0.0131558	0.0948723	0.0275618	0	0	0.176538	0.212187	3.22997	0	0.1182128	0	1.91972	0.260526	0.163819	1.27033	0	0	0	0	0	0.578226
K20885	NO_NAME	1.189134	1.2690024	0	0	0	0.190674	0.8143064	0.17534	0.1170169	1.99191	0.495427	4.385327	0.6826472	0	0	5.2129	0.0730484	0.809412	0.1727935	0.543112	0.242615	2.092392	1.227838	0	0	0.893676	0.0587135	2.7146254	0.249387	2.397744	0.113955	1.838318	1.61614	0.869365	0.262806	0	0.124105	3.4120166	0	0	0	0.295396
K20895	NO_NAME	0	0	0	0	0	0	0	0	0	0	0	0	0	0	0	0	0	0	0	0	0	0	0	0	0	0	0	0	0	0	0	0	0	0	0	0.0824541	0	0	0	0	0	0
K20903	NO_NAME	0	0	0	0	0	0	0	0.372168	0.569677	0	0	0.0486605	1.700167	0	0	0	0.264176	0.315227	0	0	0	0	0	0	0	0	0	0	0	0	0.0384482	0.059586	0	0	0	0	0	0	0.0591491	0	0	0
K20904	NO_NAME	0	0.214944	0.115714	0	0	0	0.0411089	0.0841329	0	0.4394424	0.5259964	0.234944	0.1935	0.067975	0	0.866421	0	0.106528	0.914344	0.120677	0.2446895	0.1010355	0.4118121	0	0	0.2610826	0	0.2880973	0	0.02936	0.100267	0.1592362	0.0870959	0.236151	0.239799	0.827043	0	0.245711	0	0	0	0.457235
K20911	NO_NAME	0	0	0	0	0	0	0	0	0	0	0	0	0	0	0	0.146034	0	0	0	0	0	0	0	0	0	0	0	0	0	0	0	0	0	0	0	0	0	0	0	0	0	0
K20916	NO_NAME	0	0	0	0	0	0	0	0	0	0	0	0.086579	0	0	0	0	0	0	0	0	0	0	0	0	0	0	0	0	0	0	0	0	0	0	0	0	0	0	0	0	0	0
K20938	NO_NAME	0	0	0	0	0	0	0	0	0	0	0	0	0	0	0	0	0	0	0	0	0	0	0	0	0	0	0	0	0	0	0.0926282	0	0	0	0	0	0	0	0	0	0	0.0529802
K20940	NO_NAME	0	0	0	0	0	0	0	0	0	0	0	0	0	0	0	0	0	0	0	0	0	0	0	0	0	0	0	0	0	0	0	0	11.0358	0	0	0	0	0	0	0	0	0
K20968	NO_NAME	0	0	0	0	0	0	0	0	0	0	0	0	0	0	0	0	0	0	0	0	0	0	0	0	0	0	0	0	0	0	0	0	14.4619	0	0	0	0	0	0	0	0	0
K20974	NO_NAME	0.229914	0.495807	0	0	0	0	0	3.02696	2.1087	0	0	0.947189	11.2002	0.54083	0.16353	0.579012	7.23124	0	0	14.9515	11.2608	4.55699	4.79229	0	0	0	0	0	0	0	19.7144	2.67941	1.2397	0.877174	8.86498	0	8.2079	7.22401	17.2651	7.17832	0	12.1419
K20976	NO_NAME	0	0	5.10264	0	0	1.851	12.0512	0	0	0	0	0	9.61199	0	0	0	2.34614	9.45027	18.5496	0	0	0	0	0	0	0	0	4.02006	0	0.768953	0	0	0	0	10.4729	0	0	0	0	0	8.26359	0
K20978	NO_NAME	0	0	0	0	0	0	0	0	0	0	0	0	0	0	0	0	0	0	0	0	0	0	0	0	0	0	0	0	0	0	0	0	13.2397	0	0	0	0	0	0	0	0	0
K20988	NO_NAME	0	0	0	0	0	0	0.527819	0	0	0	0	0	0	0	0	0	0	0	0	0	0	0	0.0810514	0	0	0	0	0	0	0	0	0	0	0.314484	0	0	0	0	0	0	0	0
K21001	NO_NAME	0	0	0	0	0	0	0	0	0	0	0	0	0	0	0	0	0	0	0	0	0	0	0	0	0	0	0	0	0	0	0	0	6.1806	0	0	0	0	0	0	0	0	0
K21003	NO_NAME	0	0	0	0	0	0	0	0	0	0	0	0	0	0	0	0	0	0	0	0	0	0	0	0	0	0	0	0	0	0	0	0	8.7191	0	0	0	0	0	0	0	0	0
K21007	NO_NAME	0	0	0	0	0	0	0	0	0	0	0	0	0	0	0	0	0	0	0	0	0	0	0	0	0	0	0	0	0	0	0	0	4.60041	0	0	0	0	0	0	0	0	0
K21009	NO_NAME	0	0	0	0	0	0	0	0	0	0	0.21064	0	0	0	0	0	0	0	0	0	0	0	0	0	0	0	0	0	0	0	0	0	10.1087	0	0	0	0	0	0	0	0	0
K21011	NO_NAME	7.126036	8.371535	1.921359	25.72323	14.8742726	6.51325	2.696515	9.5255	8.9883063	5.966088	9.4146472	1.59047	2.4793473	1.3493339	0.3091626	2.457477	7.3512393	4.807868	3.054232	20.4097456	11.406	11.722709	11.824347	0.631508	0.2220607	9.9535715	18.7982	0.0595668	0.141927	2.6641961	16.2602813	3.0677569	10.52613	5.847211	15.7026072	9.4076198	15.37542	13.74114	35.4249981	14.1381785	0.986035	14.5244304
K21012	NO_NAME	2.5433	34.9587	5.71377	0	0	0	0	10.00269	9.556372	0	0.144051	0.22142	8.0489194	0.0455315	0	0.114289	0.443237	6.02042	3.121	3.12311	0.378892	19.2425	44.7002	0.50936	0.198502	21.901817	21.7465	0.21727	1.21578	0.5422246	3.77535	2.31553	0.0930268	0	8.301911	0.599682	0	0	0	0.114296	0.587158	0
K21021	NO_NAME	0	0.0192269	1.42118	0	0	0.0121339	1.062716	0.014504	0	0.00936638	0	0.0181186	4.70552	2.61605	19.6038	0	0.196774	0	0	0	0	0.0193116	0.140657	0	0	0	0.0879414	0	0.124638	0.0138604	0.1185356	0	3.116935	0.539908	0	0.7926	0	0	0	0	0	0.26765
K21023	NO_NAME	0	0	0.1209312	0	0	0	0.12042	0	0	0.662624	0.298701	0	0	0	0	0	0	0.148878	0.583993	0	0	0.107042	0	0	0	0.0671722	0	0.126426	0	0	0	0	7.00189	0	0	0	0	0	0	0	0	0.0769418
K21028	NO_NAME	0	0	2.8272906	0.143204	0.0921089	0	0.346855	0.0259212	0	0.7077909	0.105461	0	4.10032	3.42321	14.5795957	0.1515912	0.2499139	0	0	0	0	0.051005	0.1835807	0.149482	0	0	0.0909658	0.474597	0.377057	0.0306043	0.1944431	0.0188936	3.485429	0.4611471	0.0571796	0.7640731	0	0	0	0	0	0.864384
K21029	NO_NAME	0	0.336401	3.33508	0	0	0.0198161	0.3557352	0	0	0.0290509	0.319945	0	2.7474739	5.19348	7.71937	0.122114	0.153402	0	0	0	0	0.0427218	0.164129	0	0.457919	0	0.1859404	0.111191	1.51152	0	0.1972978	0	7.8300365	1.577488	0	1.5104162	0	0.0166531	0.0473898	0.0806796	0	1.04119
K21030	NO_NAME	0.0648337	0.1891338	0.360013	0.1403042	0.3060434	0	0	0.6636136	0.263585	0.242097	1.63887	0.0602697	1.20524	0.045151	0.336024	0.523581	0.230927	0	0.0756775	0.0327971	0.090436	1.1192807	1.5265156	0.536383	0.139272	8.36625	0.200394	0	0.0625113	0.1837041	0	0	0	0.15294	0.2073386	0.554153	0.0323158	0	0.5447807	0	0	0
K21032	NO_NAME	0	0	0	0	0	0	0	0	0	0	0	0	0	0	0	0.0246449	0	0	0	0	0	0	0	0	0	0	0	0	0	0	0	0	0	0	0	0	0	0	0	0	0	0
K21039	NO_NAME	0	0	0	0	0	0	0	0	0	0	0	0	0	1.02414	0	0	0	0	0	0	0	0	0	0	0	0	0	0	0	0	0	0	0	0	0	1.0984517	0	0	0	0	0	0.20124
K21053	NO_NAME	0	0	0	0	0	0	0	0	0	0	0	0	0	0	0	0	0	0	0	0	0	0	0	0	0	0	0	0	0	0	0	0	11.590546	0	0	0	0	0	0	0	0	0
K21055	NO_NAME	0	0	0	0	0	0	0	0	0	0	0	0	0	0	0	4.33683	0	0.352388	0	0	0	0	0	0	0.675771	0.467452	0.0747958	2.90064	4.46885	0.0534924	0.0410646	0.0739212	0.105399	0.171466	0	0	0	0	0	0	0	0
K21063	NO_NAME	0	0	0	0	0	0.178157	0.698241	1.47861	0	3.65913	0.163029	1.12459	2.202	0	0	8.08398	0	0.276555	0	0.310807	0.239627	2.84531	0.156811	0	0.458326	1.555252	0.602654	3.52342	3.43629	1.077514	0.569624	0.543299	0.509539	0.340904	3.63766	0	0.910911	4.708273	7.33599	1.21969	0	0.251572
K21064	NO_NAME	0.128416	0	7.719263	0.452378	1.84851	0.164533	0.595243	0.359031	0.769919	39.601004	30.6916172	0.0662743	1.34433	2.1637	0.866023	0.440661	0	3.9690512	2.398402	8.98787	0.183327	20.1186497	44.6290443	18.7235	0.385671	0	0.661656	0.062891	0	0	0.93546	0.705206	0.833651	1.38935	6.0534511	0.893723	0.181514	0.2119928	0	0.264673	1.66937	5.936732
K21065	NO_NAME	0.13636	0.1989205	0	0	0	0.0755963	0.2383827	0.1219542	0	0.1395533	0.0689702	1.799597	0.811691	0	0	6.47911	0.0737065	0.477022	0	0.370265	0.199579	0.3855528	0.418948	0	0.629086	0.195062	0	6.2587339	8.12352	3.223074	0	0.370477	0.2076219	0.215833	0	0	0	0.570824	0	0	0	0.351902
K21071	NO_NAME	86.942291	64.4361718	16.1434857	112.652485	74.8332927	80.404794	89.951319	62.9308928	77.1889496	46.1192426	47.4984722	35.0325137	29.4319023	34.4587813	10.4225515	24.156228	51.6135845	55.303717	63.663977	124.8994516	155.6090822	33.9951238	26.2722414	53.3381165	64.8824755	74.0942521	106.1464923	36.7286421	61.7449	35.0184283	29.6478285	75.4878483	61.6784511	79.6979555	48.8049742	26.7569006	77.6455895	81.3902102	117.3631336	184.8111379	158.2387498	25.1171875
K21079	NO_NAME	0	0	0	0	0	0	0	0	0	0	0	0	0	0.0447493	0	0.305453	0	0	0	0	0	0	0	0	0	0	0	0	0	0	0	0	0	0	0	0	0	0	0	0	0	0
K21084	NO_NAME	0	0	2.485084	0.0540526	0	0.01777278	0.25233173	0.01863851	0	0.0145539	0.464228	0.018231	5.458687	3.58173	21.84233	0	0.29700574	0	0	0	0	0.03243672	0.0482154	0	0	0	0.1624401	0	0.445463	0	0.01505149	0	4.37085	0.3771807	0	1.546165	0	0.0192312	0.0379479	0	0	0.4457465
K21085	NO_NAME	0	0	1.8173635	0	0	0.019158	0.2406321	0	0	0.7758318	0.139161	0	0	0.516445	0.512785	0	0.131062	0	0	0	0	0	0.087045	0	0	0	0.0323323	0.0259587	2.16145	0	0	0	1.33682	0.2626461	0	0.280888	0	0	0	0	0	0.297778
K21086	NO_NAME	0	0	10.9747	0.0317719	0	0.177591	2.493797	0.0150446	0	0.711977	0.161526	0.0349319	8.57472	3.70851	16.8937	1.49105	0.1154733	0	0	0	0	0	0.1244128	0	0	0	0.111347	0.0227228	0.11978	0	1.337424	0	2.2359	0.2077891	0.736005	4.966344	0	0.0193363	0	0	0	0.2228179
K21087	NO_NAME	0	0	1.873065	0	0	0	0.65278	0	0	0.88901	0	0.0225034	3.64274	1.20433	3.96682	0	0.204535	0.016101	0	0	0	0	0.0794168	0	0	0	0.191145	0.0273753	0.0986869	0.0224395	0.140815	0	2.39931	0.2748436	0	0.627704	0	0	0	0	0	0.439874
K21088	NO_NAME	0	0	1.31382	0.00896966	0	0.0175572	0.0276143	0.0142384	0	0	0.220417	0.0137287	3.39635	0.94054	0.200156	0	0.0325331	0	0	0	0	0.0365857	0.0168661	0	0	0	0.0149732	0.0365972	0	0	0	0	1.09457	0	0	0	0	0	0	0	0	0.0802071
K21089	NO_NAME	0	0.108716	1.4077351	0	0	0.0199376	0.366658	0	0	0.1388542	0	0	2.19969	1.40014	8.17256	0	0.126517	0	0	0	0	0.0219845	0.0321659	0	0	0	0.124636	0	0	0	0.187754	0	3.81119	1.17615	0	0.243772	0	0	0	0	0	0.979276
K21090	NO_NAME	0	0.127309	1.43488	0	0	0.031619	0.2095978	0.0152518	0	0.218684	0.530664	0.0155385	4.81227	2.159123	5.47486	0	0.3847017	0	0	0	0	0	0.0673813	0	0	0	0.201181	0.0318902	0.53648	0	0	0.01799935	3.51499	0.2889017	0	1.568373	0	0	0	0	0	0.2851422
K21100	NO_NAME	0	0	0	0	0	0	0	0	0	0	0	0	0	0	0	0.0303195	0	0	0	0	0	0	0	0	0	0	0	0	0	0	0	0	0	0	0	0	0	0	0	0	0	0
K21103	NO_NAME	0	0	0	0	0	0	0	0	0	0	0	0	0	0	0	0	0	0	0	0	0	0	0	0	0	0	0	0	0	0	0	0	10.5132	0	0	0	0	0	0	0	0	0
K21132	NO_NAME	0	0.0452399	0	0	0	0	0.0576101	0	0	0.0854817	0	0.429218	0.10544	0	0	3.31446	0	0.226006	0	0.0689585	0	0.0544864	0	0	0.639619	0.169929	0.0602709	2.62118	3.88269	0.286337	0	0.170189	0.152876	0.126889	0	0	0.0313294	0.307764	0	0	0	0.313466
K21134	NO_NAME	0	0	0	0	0	0	0	0	0	0	0	0	0	0	0	0	0	0	0	0	0	0	0	0	0	0	0	0	0	0	0	0	9.44573	0	0	0	0	0	0	0	0	0
K21140	NO_NAME	0.964915	0.934023	0.923614	0	0	0	0.356277	2.0215547	2.151902	0.491675	1.68931	0.0840763	2.289995	0.128612	0	2.62647	0	3.282881	4.09501	0	0	0.537302	0.0547097	1.441572	0.907968	1.360643	0	0.157942	0	2.152133	0.121414	0.113346	1.18784	1.07044	0.544476	0.158061	0.487106	0.995571	1.03107	0.199407	1.21644	0.549658
K21147	NO_NAME	0	0	0.0645583	0.0575622	0	0	0.0537372	0	0	0.185903	0.6515421	0	0	0	0	0	0.0352647	0	0	0.0564668	0	0	0	0.0931822	0	0	0	0	0	0	0.1818089	0.0659493	0	0.048568	0.0521833	0.207841	0	0	0	0	0	0
K21217	NO_NAME	0	0	0	0	0	0	0	0	0	0	0	0	0	0	0	0	0	0	0	0	0	0	0	0	0	0	0	0	0	0	0	0	0.43635	0	0	0	0	0	0	0	0	0
K21246	NO_NAME	0	0	0	0	0	0	0	0	0	0	0	0	0	0	0	0.0288538	0	0	0	0	0	0	0	0	0	0	0	0	0	0	0	0	0	0	0	0	0	0	0	0	0	0
K21252	NO_NAME	0	0	0	0	0	0	0	0.258987	1.50132	0	0	0.426586	1.64377	0	0	0.543886	0	1.76265	1.52513	0	0	0	0.109421	0	0	0	0	0	0	0	0	0	0	0.135394	0	0	0	0	1.05375	0.117111	0.181449	0
K21253	NO_NAME	0	0	0	0	0	0	0	0	0	0	0	0	0	0	0	0	0	0	0	0	0	0	0	0	0	0	0	0	0	0	0	0	2.87518	0	0	0	0	0	0	0	0	0
K21264	NO_NAME	0	0	0.112931	0	0	0	0.289506	0	0	0.9563477	0	0	0	0	0	0	0	0	0	0	0	0	0.237868	0	0	0	0	0	0	0	0	0	0	0.0612379	0	0	0	0	0	0	0	0.183991
K21265	NO_NAME	0	0	5.57497	0	0	0	0.152255	0	0	0	0	0	0	0	0	0.819749	0.374982	0	0	0	0	0	0.0911828	0	0	0	0	0	0	0	0.708249	0	0	0.125197	0.832929	0	0	0	0	0	0	0.125387
K21278	NO_NAME	0	0	0	0	0	0	0	0	0	0	0	0	0	0	0	0.0294508	0	0	0	0	0	0	0	0	0	0	0	0	0	0	0	0	0	0	0	0	0	0	0	0	0	0
K21279	NO_NAME	0	0.0811577	0	0	0	0	0	0	0	0.130695	0	0	0	0	0	8.49558	0	0.302131	0	0	0	0	0	0	0.542707	0.285789	0	2.9857	3.94617	0.0828502	0	0.0667863	0.938651	0.0853619	0	0	0	0	0	0.0492363	0	0.313466
K21283	NO_NAME	0	0	0	0	0	0	0	0	0	0	0	0	0	0	0	0.0427269	0	0	0	0	0	0	0	0	0	0	0	0	0	0	0	0	0	0	0	0	0	0	0	0	0	0
K21298	NO_NAME	0	0	0	0	0	0	0	0	0	0	0	0	0	0	0	0	0	0	0	0	0	0	0	0	0	0	0	0	0	0	0	0	0	0	0	0	0	0.100681	0	0	0	0
K21350	NO_NAME	0	0	0.116148	0	0	0	0	0	0	0	0	0	0	0	0	0	0	0	0	0	0	0	0	0	0	0	0	0	0	0	0	0	0	0	0	0	0	0	0	0	0	0
K21361	NO_NAME	0	0	0	0	0	0	0	0	0	0	0	0	0	0	0	0.0213133	0	0	0	0	0	0	0	0	0	0	0	0	0	0	0	0	0	0	0	0	0	0	0	0	0	0
K21379	NO_NAME	0	0	0	0	0	0.0586796	0	0	0	0	0	0	0	0	0	0	0	0	0	0	0	0	0	0	0	0	0	0	0	0.0645275	0	0.0792628	0	0	0	0	0	0	0	0	0	0
K21393	NO_NAME	0	0	1.78589	0.417855	0	0.0689517	0.119012	0	0	0.123882	0.306331	0.0892823	2.870223	1.12877	11.754	0.597985	0.238631	0	0	0	0	0.21805612	0.105229	0	0	0	0.00753819	0.158752	0	0	0.263597	0.00542901	1.34748	0.218843	0.0910489	0.451314	0	0	0	0	0	0.255108
K21394	NO_NAME	0.488506	1.30892	3.237019	16.227738	6.76295	1.16926	0.408094	0.4943709	0.283666	0	0.0839201	0.3587016	5.0586525	3.410986	25.2971	0.710848	0.929071	2.81337	3.25785	1.73025	0.344344	5.252002	5.8965951	0.0169987	0	1.06679	1.9875386	0.0514775	0	1.2807747	0.2816839	0.4775862	3.83827	0.7474221	0.310043	2.153963	0	0.0960049	0.626814	5.1301	0	0.574688
K21395	NO_NAME	0.1876111	0.271592	3.65044	1.593928	0	0.0140553	0.149539	0.1581874	0	0	0	0.7080058	8.249482	2.94004	27.356	0.600574	0.505532	0	0	0	0	0.4982242	1.7699686	0.0612594	0.3867036	0	0	0.119561	0.883492	1.87038	0.351462	0.0994262	2.447403	0.114307	0	0	0	0.1215348	0	0	0.1272809	0.4401747
K21397	NO_NAME	0	0	0.506316	0.138701	1.79317	0.0923558	0.361966	0.221791	0.503328	34.4466	22.3117	0	0	1.5215	0.774883	0.640332	0	2.21192	1.97895	10.6963	0.150158	0	0.167742	0.6120311	0.190075	0	0.12172	0.209795	0	0	0.916333	0.85544	0.262999	1.58121	2.91042	0.485515	0.135157	0.0690601	0	0	1.33865	5.66901
K21399	NO_NAME	0	0	0.0818893	0.297646	0	0.111882	0	0	0	0.362287	0.358339	0.336305	0.594196	0	0.227844	0	0.0613606	0.231569	0.1227972	0.344448	0.177181	0.0569624	0.164129	0.259407	0.287828	0.282932	0.229374	1.116452	0	0.396411	0.182121	1.02011	0.678767	0.338033	0	0.1928744	0.229226	1.81545	0	0.116985	0	2.8212
K21400	NO_NAME	0	0	0.0297882	0.119303	0	0	0	0	0	0	0	0	0	0	0.1797906	0	0	0	0	0	0.0414408	0.0472141	0.0514706	0.2218748	0	0	0	0.0663433	0	0.034032	0	0	0	0	0.0481683	0.1343296	0	0.0712985	0	0	0.0312639	0
K21401	NO_NAME	0	0	0	0	0	0	0	0	0	0	0	0	0	0	0	0	0	0	0	0	0	0	0	0.0427708	0	0	0	0	0	0	0	0	0	0	0	0.0482178	0	0	0	0	0	0
K21405	NO_NAME	0.090238	0.162864	0.0451402	0	0	0	0.858319	0	0	0	0.127544	0	0.0429394	0	0	0	0	0	0	0	0	0.294321	0.36966	0	0	0	0	0	0	0	0	0	0.671528	0.175698	0	0	0	0	0.4195528	0.2714213	0.0543943	0
K21414	NO_NAME	0	0	0	0	0	0	0	0	0	0	0	0	0	0	0	0.0810017	0	0	0	0	0	0	0	0	0	0	0	0	0	0	0	0	0	0	0	0	0	0	0	0	0	0
K21416	NO_NAME	0.194167	0.194776	0	0	0	0	0	0.163276	0	0	0.102621	0	0	0	0	0	0.139287	0	0	0	0	0	0	0	0	0	0	0	0	1.05275	0.223885	0.118151	0	0	0	0	0	0.113414	0.183076	0.1480361	0.0819169	0
K21417	NO_NAME	0.3388472	0.875519	3.7868075	0.0672969	0	0	0.56702	0.7723354	0.0659929	1.6363825	0.956746	0.151228	0.0388617	0.0456659	0	0.939022	0.61169	0.198547	0.0996433	0.518122	0.647744	4.8982029	0.3905676	0.04417	0.0988008	0.12257	0	0.0987051	0	2.0895	0.544994	0.2586708	0.3228301	0.821421	0.724232	0.1905611	0.3657499	1.5576847	0.489976	0.271959	0.1364292	2.5492961
K21420	NO_NAME	0	0	0	0	0	0	0	0	0	0	0	0	0	0	0	0	0	0	0	0	0	0	0	0	0	0	0	0	0.0596261	0	0	0	10.717157	0	0	0	0	0	0	0	0	0
K21429	NO_NAME	0	0	0	0	0	0	0	0	0	0	0	0	0	0	0	0	0	0	0	0	0	0	0	0	0	0	0	0	0	0	0	0	8.34208	0	0	0	0	0	0	0	0	0
K21430	NO_NAME	0	0	1.8745	0	0	0	0.189494	0	0	0	0	0.0146158	2.49516	1.48055	7.00374	0	0.0216759	0	0	0	0	0	0.0696834	0	0	0	0.112589	0	0.0866616	0	0	0.0242448	1.52917	0.305612	0	0.443008	0	0	0.0184752	0	0	0.26408
K21449	NO_NAME	0.0452572	1.2829758	1.385862	0.0730549	0.0440521	0	0.51852272	0.0420913	0	2.3989861	1.574975	1.229768	2.755906	0.242683	1.93586	0.1115432	0.995737	0.2150795	0.5419111	0.106851	0	0.0598344	1.401035	0.6958886	0.961057	0	1.771605	0	3.020408	2.7843124	1.5420485	0.282711	0.441145	0.135859	0.3694588	1.3058441	0.332604	0.210756	0	0.0587693	0	5.768281
K21453	NO_NAME	0	0	0	0	0	0	0	0	0	0	0	0	0	0	0	0	0	0	0	0	0	0	0	0	0	0	0	0	0	0	0	0	0	0	0	0	0.163242	0	0	0	0	0
K21454	NO_NAME	0	0	0	0	0	0	0	0	0	0	0	0	0	0	0	0	0	0	0	0	0	0	0	0	0	0	0	0	0	0	0	0	0	0	0	0	0.112366	0	0	0	0	0
K21461	NO_NAME	0	0	0	0	0	0	0	0	0	0	0	0	0	0	0	0	0	0	0	0	0	0	0	0	0	0	0	0	0	0	0	0	0	0	0	0	0.22041	0	0	0	0	0
K21462	NO_NAME	0	0	0	0	0	0	0	0	0	0	0	0	0	0	0	0	0	0	0	0	0	0	0	0	0	0	0	0	0	0	0	0	0	0	0	0	0.111653	0	0	0	0	0
K21463	NO_NAME	0.110724	0	0.195313	0.211313	0.16135	0.0922773	0.205205	0	0.0517105	1.447874	1.693776	0	0	0	0.057082	0	0	0	0.123726	0.103139	0	0	0	0.208014	0	0	0	0	0	0	0	0	0	0.47335	0	0.642236	0.0697161	0	0	0.0614568	0	0
K21464	NO_NAME	0.0809696	0.111751	0	0.729874	0.0809402	0	0	0	0.102851	0.0369153	0	0	0.115587	0	0	0.113666	0	0	0	0.188357	0.0701814	0.0487553	0.0468271	0	0	0.137228	0.298579	0.0475855	0	0.0833672	0	0	0.16945	0.172794	0	0	0	0	0	0	0.129549	0.233425
K21465	NO_NAME	0	0	0	0	0	0	0	0	0	0	0	0	0	0	0	0	0	0	0	0	0	0	0	0	0	0	0	0	0	0	0	0	0	0	0	1.72128	0	0	0.200737	0	0	0
K21467	NO_NAME	0.141237	0	0.0403925	0.0747892	0	0	0	0	0	0	0	0.252795	0.340239	0	0	0	0	0	1.65877	0	0	0.376501	0.629629	0	0	0	0.0668859	0.15447	0	0.0956707	0	0	0	0	0	0	0.276538	0	0.256887	0.3698944	0.444042	0
K21469	NO_NAME	5.02463	1.52744	6.07986	0.0589184	0	0.422418	1.130458	2.39093	0.791003	4.94028	7.95083	0.051819	8.802633	5.156062	26.6913952	0.0773014	2.3303807	0.392524	15.1957	0	0	3.56344	0.1772892	4.52258	0.368101	4.3595	1.5757044	0.246127	0	1.09952	0	0	0	0.493178	3.77617	2.829369	0.123633	0.117313	0.131969	0.131531	0	0.484666
K21470	NO_NAME	0	0	3.70715	0	0	0.1994176	1.063308	0.0891878	0	0	0.203499	0	1.98034	3.93519	6.35145	0.432474	0.392046	0	0	0	0	0.0949154	0.1452693	0	0	0	0.14123	0.0193433	0.394417	0	0.1520233	0	5.2019281	0.2353555	0.234767	0.462007	0	0.0178505	0	0	0	0.655239
K21471	NO_NAME	13.7543502	80.7720874	26.1047358	52.8142147	191.2442054	58.8221557	54.1102141	39.2372302	37.4503988	25.9955251	55.272015	2.932622	36.1750999	34.7538792	12.1146403	12.4871659	54.695668	27.0176604	21.3611784	54.91902	75.347897	59.1628851	116.528985	7.507908	2.5566505	76.0788883	64.5757538	4.9615042	0.145845	12.6780708	65.2925604	73.852323	37.205087	62.5901024	50.588465	14.873456	43.9028089	19.5431235	27.172917	12.0997773	28.9223519	20.1955821
K21472	NO_NAME	0.409079	0.339299	0.4114138	3.2099031	1.13734	1.3564	0.209865	2.17757	1.645192	0.0466264	0.25365	0.542835	0.109496	0.214684	0.0782486	0	0.663358	3.00513	2.820665	0.400821	0.603011	0.0671023	0.160186	1.680443	0.2691567	1.457526	1.73064	0.2820975	0	0.734316	0	0.370161	0	0	0.418972	1.6368187	0.0550633	0.0836614	0.978282	4.722357	0.836931	0.0537371
K21473	NO_NAME	0.0545927	0.132477	0.120047	0	0	0	0	0.0767218	0	0.0865167	0.260131	0	0	0	0	0	0	0.0636342	0.747088	0	0.0516959	0.105661	0	0	0	0.104969	0	0.267359	0	0	0	0	0	0	0.166374	0	0.0590474	0.104612	0	0	0	0
K21478	NO_NAME	0	0	0	0	0	0	0	0	0	0	0	0	0	0	0	0	0	0	0	0	0	0	0	0	0	0	0	0	0	0	0	0.134402	0	0	0	0.19792	0.020699	0	0	0	0	0
K21480	NO_NAME	0	0	0	0	0	0	0	0	0	0.035449	0	0	0	0	0	0	0	0	0	0	0	0	0	0	0	0	0	0	0	0	0.0689853	0	0	0	0	0	0	0	0	0	0	0.0480886
K21481	NO_NAME	0	0	0.085342	0	0	0	0	0	0	0	0	0	0	0	0	0	0.657435	0	0	0	0	0	0	0.6527326	0	0	0	0	0	0	0	0	0	0	0	0.064197	0	0	0	0	0	0
K21487	NO_NAME	0	0	0	0	0	0	0	0	0	0	0	0	0	0	0	0	0	0	0	0	0	0	0	0	0	0	0	0	0	0	0	0	0	0	0	0	0	0	0	0.0388954	0	0
K21488	NO_NAME	0	0	0.048471	0	0	0	0	0	0	0	0	0	0	0	0	0	0	0	0.0525737	0	0	0	0	0	0	0	0	0	0	0	0	0	0	0	0	0	0	0	0.0449831	0.111415	0	0
K21495	NO_NAME	0	0	0	0	0	0	0	0	0	0	0	0	0	0	0	0	0	0	0	0	0	0	0.0434204	0.0933252	0	0	0	0	0	0	0	0	0	0	0	0	0	0	0	0	0	0
K21498	NO_NAME	1.203971	0.97334	5.465334	24.8815982	9.4927132	0	0.5201227	6.895409	6.563382	0.3962956	0.934809	1.6181696	27.583342	7.063439	41.31562	1.6997398	8.9880214	0.311207	0.910551	0.530895	1.505477	0.322919	0.2909231	5.3990405	0	10.9759228	21.144588	0.543975	0.8310332	3.2161544	14.0060199	1.16491	14.5111601	3.3509899	17.434466	8.260268	9.302782	9.479138	37.5982	15.4265	0	18.9902069
K21499	NO_NAME	0	0	0	0	0	0	0	0	0	0	0	0	0	0	0	0.608464	0	0	0	0	0	0	0	0	0	0	0	0	0	0	0	0	0	0	0	0	0	0	0	0	0	0
K21507	NO_NAME	0	0	0	0	0	0	0	0	0	0	0	0	0	1.09162	11.0928	0	0	0.0248476	0	0	0	0	0	0	0	0	0	0	0	0.027099	0	0	0	0	0	0.0646931	0	0	0	0	0	0
K21511	NO_NAME	0	0	1.22252	0	0	0	0	0	0	0	0	0.00665387	0.585664	0.643432	0.523196	0	0	0	0	0	0	0.012845	0	0	0	0	0.102633	0	0	0	0	0	0	0	0	0.0244119	0	0	0	0	0	0
K21512	NO_NAME	0	0	0.535838	0	0	0.00301878	0.00566921	0	0	0	0	0.00452521	0.127766	0.652373	2.60829	0	0	0	0	0	0	0.00583777	0.00531171	0	0	0	0.128138	0.00538987	0.00247588	0	0.00610068	0.00572197	1.35389	0.0888949	0	0.0173788	0	0.00410492	0	0	0	0.0120631
K21523	NO_NAME	0	0	0	0	0	0	0	0	0	0	0	0	0	0	0	0.351683	0	0	0	0	0	0	0	0	0	0	0	0	0	0	0	0	0	0	0	0	0	0	0	0	0	0
K21524	NO_NAME	0	0	0	0	0	0	0	0	0	0	0	0	0	0	0	0.521497	0	0	0	0	0	0	0	0	0	0	0	0	0	0	0	0	0	0	0	0	0	0	0	0	0	0
K21528	NO_NAME	0	0	0	0	0	0	0	0	0	0	0	0	0	2.33379	31.5193	0	0	0	0	0	0	0	0	0	0	0	0	0	0	0	0.041588	0	0	0	0	0.101528	0	0	0	0	0	0
K21530	NO_NAME	0	0	0	0	0	0	0	0	0	0	0	0	0	0	0	0.664755	0	0	0	0	0	0	0	0	0	0	0	0	0	0	0	0	0	0	0	0	0	0	0	0	0	0
K21531	NO_NAME	0	0	0	0	0	0	0	0	0	0	0	0	0	0.0524964	0	0.568765	0	0	0	0	0	0	0	0	0	0	0	0	0	0	0	0	0	0	0	0	0	0	0	0	0	0
K21556	NO_NAME	0.329892	0	0	0.0814281	0	0.0645476	0.0744727	0.2578	0.0397504	0	0	18.3993	0	0	0	5.0695033	0.233437	0	0	0	0	1.06804	0.237868	0	0	0	0	5.7711	45.2076	0.668655	0.0840344	0.117485	0	0	0	0.0512594	0.105756	0	0	0	0	0.793718
K21557	NO_NAME	0	0.0734873	0	0	0	0.279909	2.61219	0.479489	0.213315	2.194283	2.17721	0.913101	5.098581	0.843298	0.166546	8.98976	0.50059	0.741865	0.0900692	0.970372	0.809153	0.991369	0.636759	0.713643	1.823731	3.444237	0.9707071	24.82919	3.83265	2.761006	0	0.502639	3.082299	4.638067	0	0	2.97961	1.378242	0.2597716	0.1529399	0.0385917	0.275242
K21562	NO_NAME	0.376307	1.88103	1.8246542	0.831849	4.3438528	0.623192	0.590515	0.1318485	0	1.170104	0	0	7.60605	0.215709	0	0.891744	0	0.132591	3.60668	1.3472133	0.881491	0.106617	0.9373908	0.270265	1.0622416	0	4.4044479	0.0614317	0	4.42483	2.637158	1.5530913	97.161218	0.5136009	0.5048334	7.9351251	0.110814	0	0.0464244	0.0445628	0.423338	25.6839545
K21567	NO_NAME	0.4109056	0.262455	11.4830807	2.290001	2.1933653	0.4149434	6.384096	0.5974912	0.5978789	36.5630617	28.3900322	5.5803921	1.1877158	2.4218333	0.9562806	2.9417899	0.1556432	3.7697249	4.1268283	10.1094791	0.245423	34.286213	64.1415919	21.5015785	0.6848233	0	1.0845983	0.127693	0.0851802	4.7224656	22.2224894	3.3875167	7.5235037	2.0525223	6.329896	8.8546856	0.308114	0.583121	0	0.308016	1.2797843	15.0020291
K21571	NO_NAME	0.893528	1.0273045	0	0	0	0.1775437	0.8273562	0.7426663	0.1091218	2.395562	0.6367154	28.055938	6.0882486	0	0	26.5644354	0.6103826	0.974498	0	0.817419	0.3742979	3.516525	1.508514	0	1.6714612	2.6946924	0.4814184	11.228243	60.816044	4.2575204	1.163328	2.3853899	2.2895155	0.5560409	0.161174	0	2.8442718	4.564398	0.1944682	0.0670788	0	1.662467
K21572	NO_NAME	39.2941565	51.7506592	0.283571	0.3808897	0	11.1289305	57.3490596	15.0622196	5.2125021	108.3879895	45.5950243	422.1607025	128.5621705	10.2618787	2.1243634	450.4090547	15.7292343	23.3761978	2.2383012	20.7274896	12.3344909	103.1372886	47.6252492	12.3466763	51.8409696	84.6181693	22.9632042	647.1431488	637.9483346	124.8010301	7.4625938	83.9163267000001	90.0073148000001	71.2560376	6.1851942	0.2030529	51.6317375	89.9598994	11.3963995	2.8633054	0.4882339	24.3324247
K21573	NO_NAME	0	0.3084638	0	0	0	0.1266492	0.264173	0.3000208	0	0.162582	0.0616439	18.01878	0.524603	0	0	9.980063	0.0741472	0.4341743	0	0.2282691	0.109091	2.358044	0.561504	0	0.590727	0.6433998	0.0846159	10.6517321	54.14627	3.169804	0.124741	0.166161	0.2053951	0.132735	0.0886673	0	0.0850787	1.12405	0.0832777	0.0459367	0	1.161826
K21574	NO_NAME	2.939786	3.9741	1.38913	0.0397359	0	0.8066635	4.1034341	0.76321	0.5308407	5.958177	3.651817	18.047357	11.409906	1.10879	0.270833	33.45676	0.9648267	1.590728	0.2320023	2.463189	1.1920638	4.729407	1.42221	1.0412155	8.122286	7.841142	1.7712	51.74322	7.755171	4.502134	0.807248	2.422381	8.122876	7.557794	0.363614	0	2.6233346	6.670023	0.5708123	0.4748946	0.2827591	1.089837
K21575	NO_NAME	2.38251	1.3283645	0	0.057046	0	0.2158222	0.5546408	0.356088	0.223797	3.918982	1.367297	15.58152	7.45914	0	0	13.95754	0.470756	0.52433	0	1.5671692	0.6350449	3.120859	0.8480574	0	5.207754	4.583177	1.078788	7.48681	1.01532	3.194934	0.827345	0.9076805	2.8490322	1.3303113	0	0	0.237514	1.518085	0.0971065	0.3713011	0.260269	0.517109
K21576	NO_NAME	0	0	0	0.433696	0	0	0	0	0	0	0	0	0	0	0	1.17521	0	0	0	0	0	0.285652	0.0806927	0	0	0	0	0	0	0.19961	0.3680761	0.0417942	0	0	0.1705145	0.0501238	0	0	0	0	0	0
K21577	NO_NAME	0	0	0	0.5219	0	0	0	0	0	0	0	0	0	0	0	0.574889	0	0	0	0	0	0.271249	0.0888144	0	0	0	0	0	0	0	0.282511	0	0	0	0.106092	0	0	0	0	0	0	0
K21578	NO_NAME	0	0	0	0	0	0	0	0.0452113	0	0	0	0.43116	0.58173	0	0	0	0.228136	0	0	0	0	0	0.673356	0	0	0	0	0	0.124576	1.02527	0	0	0	0	0	0	0	0	0	0	0	0
K21579	NO_NAME	0	0	0	0	0	0	0	0.1820587	0	0	0	1.015827	2.536652	0	0	0	0.38	0	0	0	0	0.219086	2.76309	0	0	0	0.0520079	0	0	3.039003	0	0	0	0	0	0	0	0	0	0	0	0
K21600	NO_NAME	17.138562	17.9185802	15.7502129	48.264009	40.3514143	24.80337	43.3289429	45.6649601	52.2024155	23.9293587	28.2021069	3.6510343	53.3754131	31.0363563	9.3908876	10.9925444	49.4978022	26.3696388	41.298172	44.409016	53.6231796	39.3535033	36.4844634	17.8522789	6.118241	20.809304	40.4051565	18.0566305	3.056198	23.2019303	85.862362	64.7949186	17.7885307	26.8024796	53.72213113	12.04736	50.8915954	31.8213709	59.6029049	62.4309131	24.0882381	49.8896467
K21601	NO_NAME	0	0	0	0	0	0	0	0	0	0	0	0	0	0	0	0	0	0	0	0	0	0	0	0.040816	0	0	0	0	0	0	0	0	0	0	0	0	0	0	0	0.1037105	0.0402543	0
K21602	NO_NAME	0	0.746459	0.390435	0.0331908	0	0.0236693	2.041015	0.0295381	0	0.877224	1.16444	0.036902	0.336162	0.485744	1.66336	0	0.0788708	0.0332547	0	0	0	0.0410734	0.127447	0	0	0	0.16273	0.059652	2.98412	0.0270062	0.401406	0	6.10143	1.320761	0	0.405938	0	0.0377015	0	0	0	2.110299
K21610	NO_NAME	0	0	0.257829	0	0	0	0	1.51766	0.148936	0	0	0	0	0	0	0	0.547348	0	0	0	0	0	0	0	0	0	0	0	0	2.31047	0	0	0	0	0	0	0	0	2.13976	0	0	0
K21611	NO_NAME	0	0	0.435202	0	0	0	0	1.83671	0.075893	0	0	0	0	0	0	0	0.514714	0	0	0	0	0	0	0	0	0	0	0	0	2.77229	0	0	0	0	0	0	0	0	2.10296	0	0	0
K21612	NO_NAME	0	0	0.256507	0	0	0	0	1.90024	0.0939627	0	0	0	0	0	0	0	0.576698	0	0	0	0	0	0	0	0	0	0	0	0	2.17388	0	0	0	0	0	0	0	0	2.03924	0	0	0
K21613	NO_NAME	0	0	0	0	0.198933	0	0	0.894013	0.642804	0	0	0	0.0650817	0	0.0349768	0	0.164849	2.40636	2.2613	0	0	0	1.1509	1.10941	0.15606	0.809593	0.0949967	0.284677	0	0	0.35823	0	0	0	0.0694751	0.2354335	0	0	0	0.0969006	0.675291	0
K21636	NO_NAME	20.4704816	11.0038883	19.9147359	14.5643834	22.9820981	37.0048986	34.6050167	36.5376058	35.4196967	80.1488318	52.0028443	40.7177277	43.9220486	15.3121189	18.5965297	33.193085	19.9894261	25.0146211	28.3366942	36.4649273	25.911534	32.0163816	17.0356782	35.6961122	26.1542756	16.977459	24.0818528	61.3275573	85.1723521	26.4555373	16.2073485	25.5510388	28.537594	23.3852054	30.1312553	13.7015272	32.5391579	22.2318444	21.7770096	25.4529292	30.6723516	41.203226
K21637	NO_NAME	0	0	4.16042	0	0	0	0.406014	0.108842	0	0	1.555669	0.172996	10.33033	5.61862	22.9264	0	0.719662	0.107208	0	0	0	0.105486	0.0480613	0	0	0	0.653487	0.549093	3.41636	0	0.112421	0	10.32746	0.873439	0	2.2218	0	0.225242	0	0	0	0.913751
K21638	NO_NAME	0	0.417182	13.60581	0	0	0.205666	2.240211	0.172867	0	0	0.7358132	0	11.5952	12.43834	43.3926	0.781172	0.7778982	0	0	0	0	0.147317	0	0	0	0	0	0.383418	0	0	0.267825	0	5.871662	0	0.551203	3.21354	0	0	0	0	0	1.97079
K21645	NO_NAME	0	0	1.52683	0	0	0.0128864	0.4794358	0.0409699	0	0.0121617	1.3000645	0	8.128381	5.93741	31.245407	0	0.7732498	0.102565	0	0	0	0.0560653	0.1752394	0	0	0	0.203186	0	0.256345	0.0605475	0.0178429	0	16.03777	0.8728665	0	1.34713	0	0.0461126	0	0	0	0.655318
K21668	NO_NAME	0	0	0	0	0	0	0	0	0	0	0	0	0	0	0	0.0694529	0	0	0	0	0	0	0	0	0	0	0	0	0	0	0	0	0	0	0	0	0	0	0	0	0	0
K21672	NO_NAME	8.07659	2.115277	2.2284462	3.101202	2.8334605	15.9969	6.578541	3.6231	0.444442	1.262412	0.21765	0.124771	0.887964	0.0673681	0.22844	1.799934	0.809036	0.733566	0.926342	1.818575	0.038204	0.807517	2.0987321	0.2930259	0.127271	1.11429	2.327127	2.34187	0	0.646709	3.1819553	3.475252	0.415097	0	0.157984	1.337768	8.104616	2.7433858	0	0	0.745857	4.457954
K21680	NO_NAME	0	0	0	0	0.165165	0	0	0	0	0	0	0	0	0	0	0	0	0	0	0	0	0	0	0	0	0	0	0	0	0	0	0	0	0	0	0	0	0	0	0	0	0
K21681	NO_NAME	0	0.0969523	0	0	0	0	0.0881875	0	0	0	0	0	0	0	0	5.20439	0	0.773016	0	0	0	0.0521693	0	0	0.0708937	0	0	3.09629	0	0.953577	0	0.119238	0.132009	0.104589	0	0	0	0.0652311	0.0605714	0	0	0.160613
K21687	NO_NAME	0	0	0.144948	0	0	0	0.0530869	0	0	0.27515	0.272213	0	0	0	0	0	0.118571	0	0	0	0	0	0	0	0	0	0	0	0	0	0	0	0	0.0816505	0	0.215353	0	0	0	0	0	0
K21688	NO_NAME	0	0	0.0603993	0	0	0	0	0	0	0	0	0	0	0	0.081468	0	0	0	0	0	0	0	0	0.286289	0	0	0	0	0	0	0.106103	0	0	0	0.0698039	0	0	0	0	0	0	0
K21695	NO_NAME	0	1.3391	13.59072	0	0	0.466177	7.46051	0.163263	0	0.143765	2.13297	0.155697	13.3544	15.2476	56.2664	0.983698	1.704462	0.160812	0	0	0	0.158229	0.607885	0	0	0.0135331	0.796437	1.38989	3.8757	0.341757	1.18042	0.157425	20.87482	3.59942	1.281429	4.63645	0	0.162675	0	0	0	5.172199
K21698	NO_NAME	0	0.417197	3.19696	0	0	0.0206996	0.978642	0	0	0.15257	0.354401	0	7.84297	3.21473	21.5742	0	0	0	0	0	0.0116928	0	0.0247826	0	0	0	0.151106	0.118994	0.491915	0	0.313364	0	6.0288	1.70701	0.0864965	1.60509	0	0.0141663	0	0	0	0.935335
K21699	NO_NAME	0	0	0	0	0	0	0	0	0	0	0	0	0	0	0	0	0	0	0	0	0	0	0	0	0	0	0	0	0	0	0	0	9.80084	0	0	0	0	0	0	0	0	0
K21700	NO_NAME	0	0	0	0	0	0	0	0	0	0	0	0	0	0	0	0	0	0	0	0	0	0	0	0	0	0	0	0	0	0	0	0	12.7005	0	0	0	0	0	0	0	0	0
K21712	NO_NAME	0	0	0	0	0	0	0	0	0	0	0	0	0	0	0	0	0	0	0	0	0	0	0	0	0	0	0	0	0	0	0	0	0.467722	0	0	0	0	0	0	0	0	0
K21713	NO_NAME	0	0	0	0	0	0	0	0	0	0	0	0	0	0	0	0	0	0	0	0	0	0	0	0	0	0	0.0601505	0	0	0	0	0	0	0	0	0	0	0	0	0	0	0
K21739	NO_NAME	0	0	0.643437	0.5503868	0	0.0149736	0.0938018	0	0	0	0.339534	0	0.103486	0.861668	5.6280375	0	0.0287656	0	0	0	0	0	0.0839434	0.6145144	0.08468	0	0.0688773	0.0573857	1.77121	0	0.338099	0	0.759292	0.0121188	0	0.276768	0	0.05061	0.079448	0	0	0.2977918
K21740	NO_NAME	0	0	1.72155	0	0	0	0.0945033	0	0	0	0	0	0.279402	0.878108	0	0	0.105794	0	0	0	0	0	0	0	0	0	0	0	0	0	0	0	0	0	0	1.34297	0	0	0	0	0	0
K21741	NO_NAME	0	0	1.93977	0	0	0.0887478	0.216957	0.0992816	0	0	0.743696	0	2.26291	2.82946	16.5527	0	0	0	0	0	0	0	0.203313	0	0	0	0.213101	0.24417	1.22556	0.0311912	0.0123144	0	2.47331	0.0952964	0	0.845839	0	0.0593544	0	0	0	0.305383
K21742	NO_NAME	0	0.0174301	1.87458	0	0	0.1114484	0.1721234	0.0416149	0	0.02629914	0.0856755	0	6.66427	3.49075	18.33683	0	0.5221273	0.0739092	0	0	0	0.0342771	0.1886541	0	0	0.0359467	0.1684203	0.149093	3.30548	0	0	0	4.33753	0.550437	0	2.23829	0	0.145847	0	0	0	0.865904
K21745	NO_NAME	0	0	0	0	0	0	0	0	0	0	0	0	0	0	0	0	0	0	0	0	0	0	0	0	0	0	0	0	0	0	0	0	0	0	0	0	0	0	0	0.172037	0	0
K21746	NO_NAME	0	0.0168777	3.11964	0	0	0.118438	0.291553	0.0875368	0	0.0199007	0.413887	0	4.76966	2.50437	14.0013	0	0.0843808	0.0268538	0	0	0	0	0.162965	0	0	0	0.219613	0.238871	1.01923	0	0.0774984	0	2.909	0.131857	0	0.520861	0	0.0373806	0	0	0	0.228965
K21749	NO_NAME	0	0	0	0	0	0	0	0	0	0	0	0	0.119006	0	0	0	0	0	0	0	0	0	0	0	0	0	0	0	0	0	0	0	0	0.0804426	0	0	0	0	0	0	0	0
K21750	NO_NAME	0	0.120519	0	0	0	0	0	0	0	0.103511	0	0	0	0	0	40.0021	0	0.361827	0.0474349	0	0	0	0	0	0.70518	0.282932	0	3.12726	4.10436	0	0	0.0850094	3.83019	0.0704235	0	0	0	0	0.0917656	0	0	0.183378
K21754	NO_NAME	0	0	0	0	0	0	0	0	0	0	0	0	0	0	0	0.0490147	0	0	0	0	0	0	0	0	0	0	0	0	0	0	0	0	0	0	0	0	0	0	0	0	0	0
K21755	NO_NAME	0	0	0.0725053	0	0	0	0	0.0352648	0	0	0	0.358725	0.71305	0	0	0	0.196354	0	0	0	0	0	0.503329	0	0	0	0	0	0	0.688982	0	0	0	0	0	0	0	0	0.0446684	0.084948	0	0
K21757	NO_NAME	0	0	0	0	0	0	0	0	0	0	0	0	0	0	0	0.0776604	0	0	0	0	0	0.22785	0	0	0	0	0	0	2.41844	0.123032	0	0	9.58603	0	0.345986	0	0	0	0	0	0	0.331778
K21759	NO_NAME	0	0	3.44311	0	0	0.0964504	0.378013	0	0	0	0	0	5.29455	3.65538	19.9498	0	0.052296	0	0	0	0	0	0	0.110674	0	0	0.0988681	0.191709	0	0	0.104667	0	9.13077	0.388544	0	0.959266	0	0	0	0	0	1.75109
K21772	NO_NAME	0	0	0	0	0	0	0	0	0	0	0	0.00717902	0	0	0	0	0	0	0	0	0	0	0	0	0	0	0	0	0	0	0	0	0	0	0	0	0	0	0	0	0	0
K21799	NO_NAME	0	0	0	0	0	0	0	0	0	0	0	0	0	0	0	0.0253694	0	0	0	0	0	0	0	0	0	0	0	0	0	0	0	0	0	0	0	0	0	0	0	0	0	0
K21814	NO_NAME	0.750429	0.521477	0.0414746	0	0	0	0	0.0988998	0.0693253	0	0	0	0	0	0	0.0993157	0	0.111331	0	0	0	0.246472	0.263027	0	0	0.516894	0.165414	0	0	0.402335	0	0.0953631	0.279712	0.0468028	0	0	0	0	0	0	0	0
K21825	NO_NAME	0	0	0	0	0	0	0	0	0	0	0	0	0	0	0	0	0	0	0	0	0	0	0	0	0	0	0	0	0	0	0	0	6.8085	0	0	0	0	0	0	0	0	0
K21826	NO_NAME	0	0	0	0	0	0	0	0	0	0	0	0	0	0	0	0	0	0	0	0	0	0	0	0	0	0	0	0	0	0	0	0	5.77078	0	0	0	0	0	0	0	0	0
K21828	NO_NAME	0	0	0.3596948	0.2788966	0.268639	0	0	0	0.112153	10.999097	6.705685	0	0	0.227024	0.1599361	0.35045	0	0.424712	0.639204	2.290347	0	0	0	0.063945	0	0	0	0.123546	0	0	0.489029	0.18891	0	0.445981	0.592661	3.6398647	0.1829282	0.198519	0	0.048744	0.4606166	0.720973
K21829	NO_NAME	0	0	0	0	0	0	0	0	0	0	0	0	0	0	0	0	0	0	0	0	0	0	0	0	0	0	0	0	0	0	0	0	11.7444	0	0	0	0	0	0	0	0	0
K21830	NO_NAME	0	0	0	0	0	0	0	0	0	0	0	0	0	0	0	0	0	0	0	0	0	0	0	0	0	0	0	0	0	0	0	0	0	0	0.0344607	0	0	0	0	0	0	0
K21841	NO_NAME	0	0	0	0	0	0	0	0	0	0	0	0	0	0	0	0.0570554	0	0	0	0	0	0	0	0	0	0	0	0	0	0	0	0	0	0	0	0	0	0	0	0	0	0
K21869	NO_NAME	0	0	0	0	0	0	0	0	0	0	0	0	0	0	0	0.0720039	0	0	0	0	0	0	0	0	0	0	0	0	0	0	0	0	0	0	0	0	0	0	0	0	0	0
K21870	NO_NAME	0	0	0	0	0	0	0	0	0	0	0	0	0	0	0	0.041178	0	0	0	0	0	0	0	0	0	0	0	0	0	0	0	0	0	0	0	0	0	0	0	0	0	0
K21878	NO_NAME	0	0	0	0	0	0	0	0	0	0	0	0.0251961	0	0	0	0	0	0	0	0	0	0	0	0	0	0	0	0	0	0	0	0	0	0	0	0	0	0	0	0	0	0
K21885	NO_NAME	0	0	0.0713215	0.314179	0.801843	0	0.156605	0	0	0.406649	0.840999	0	0	0	0.0911374	0	0.087658	0	0	0.246034	0	5.33147	3.37782	0	0	0	0	0	0	0	0	0	0	0.20121	0	0.357669	0	0	0	0	2.19061	2.8779057
K21900	NO_NAME	0	0	0	0	0	0	0	0	0	0	0	0	0	0	0	0	0	0	0	0	0	0	0	0	0	0	0	0	0	0	0	0	0	0	0	0	0	0	0	0.0818898	0	0
K21901	NO_NAME	0	0	4.44215	0	0	0.110121	0.215795	0.069419	0	0.0377945	0.322464	0	7.252	3.07453	31.2451	0	0.0966309	0	0	0	0	0.0448523	0.130528	0	0	0	0.248338	0.262657	0.567622	0.072657	0	0	8.28417	0.377071	0	0.569517	0	0	0	0	0	0.510926
K21902	NO_NAME	0	0	0.0548627	0	0	0	0	0	0	0	0	0	0	0	0	0	0	0	0	0	0	0	0	0.045675	0	0	0	0	0	0	0	0	0	0	0	0	0	0	0	0.128555	0.0623721	0
K21903	NO_NAME	14.781315	13.69104	3.238023	39.551742	18.881479	2.4455986	1.43813	8.920272	6.8660557	4.8322438	7.843845	2.0198309	6.7802098	4.3160376	0.9586656	3.2721539	16.9352266	1.208193	2.2303463	2.4286966	15.7272438	13.0925445	12.004453	0.873188	2.8618629	3.259725	1.840586	8.4056059	0.6309732	12.4317616	24.5076053	11.2781621	17.542563	7.6051772	1.526059	3.841118	7.882814	4.8575615	26.7594825	12.8673388	4.148218	22.5954916
K21905	NO_NAME	0	0	4.90375	0	0	0.111882	0.255789	0.0391832	0	0	0	0	11.3557	5.68409	51.6325	0	0.913591	0	0	0	0	0	0	0	0	0	0.152916	0	0	0	0.121414	0.0201499	6.67995	0	0	4.51281	0	0	0	0	0	0.0752319
K21906	NO_NAME	0	0	4.2294	0.0455765	0	0.0869553	0.3834	0.121813	0.031949	0	2.42694	0	8.48052	4.44213	36.0715	0	0.667682	0.104986	0	0	0	0.0178518	0.141735	0	0	0.0250659	0.1931255	0.100821	4.27737	0	0.0629089	0.0232195	4.057031	0.1751462	0	2.8107	0	0.151718	0	0	0	0.2338818
K21907	NO_NAME	0	0	2.45663	0.0277596	0	0	0.348012	0	0.018119	0	0.345338	0	3.81554	3.48074	17.6579	0	0.511339	0	0	0	0.0212472	0	0.108551	0	0	0	0.113777	0	0.442937	0	0.120451	0	4.05952	0.46949	0.0457653	1.25847	0	0	0	0	0	0.335857
K21908	NO_NAME	0.165722	0.0376469	10.38772	0.515117	0.103538	0.257047	1.334436	0.1591068	0.0421012	0.187668	0	0.0930237	6.3989691	6.65934	16.4583	1.1037425	0.976247	0	0	0.395655	0.0841888	0.1437551	0.2949937	0	0	0.123912	0.413222	0.116661	0	0	0.5760536	0	2.949024	0.7930572	0.75174	2.1809	0	0.0824831	0	0	0.370165	1.3141212
K21913	NO_NAME	0	0	0	0	0	0	0	0	0	0	0	0	0	0	0	0.0678914	0	0	0	0	0	0	0	0	0	0	0	0	0	0	0	0	0	0	0	0	0	0	0	0	0	0
K21916	NO_NAME	0	0	0	0	0	0	0	0	0	0	0	0	0	0	0	0.0373769	0	0	0	0	0	0	0	0	0	0	0	0	0	0	0	0	0	0	0	0	0	0	0	0	0	0
K21917	NO_NAME	0	0	0	0	0	0	0	0	0	0	0	0	0	0	0	0.074155	0	0	0	0	0	0	0	0	0	0	0	0	0.0291894	0	0	0	0	0	0	0	0	0	0	0	0	0
K21918	NO_NAME	0	0	0	0	0	0	0	0	0	0	0	0	0	0	0	0.1379712	0	0	0	0	0	0	0	0	0	0	0	0	0	0	0	0	0	0	0	0	0	0	0	0	0	0
K21920	NO_NAME	0	0	0	0	0	0	0	0	0	0	0	0	0	0	0	0.0683968	0	0	0	0	0	0	0	0	0	0	0	0	0	0	0	0	0	0	0	0	0	0	0	0	0	0
K21922	NO_NAME	0	0	0	0	0	0	0	0	0	0	0	0	0	0	0	0.0459784	0	0	0	0	0	0	0	0	0	0	0	0	0	0	0	0	0	0	0	0	0	0	0	0	0	0
K21929	NO_NAME	10.8231919	12.758277	5.8205086	41.82369	25.7372679	0	0.0153139	12.878655	11.0881605	5.406876	8.310895	11.7790923	30.3787977	6.4400001	1.5166601	6.3373346	24.6959398	2.8681882	2.310053	24.74487	17.0852139	18.0313372	19.8701825	0	0.124242	15.629787	27.7357746	10.179113	0.2926412	13.872686	67.4906333	19.8430905	13.601089	10.4187078	27.3703	12.219061	23.48414	27.951524	59.4896117	24.560614	0.429304	25.955489
K21935	NO_NAME	0	0	0.0726787	0	0	0	0	0	0	0	0	0	0	0	0	0	0	0	0	0	0	0	0	0	0	0	0	0	0	0	0	0	0	0	0	0	0	0	0.0558593	0.146234	0.0831193	0
K21936	NO_NAME	0	0	0	0	0	0	0	0	0	0	0	0	0	0.0682711	0	0.331765	0	0	0	0	0	0	0	0	0	0	0	0	0	0	0	0	0.601575	0	0	0	0	0	0	0	0	0
K21946	NO_NAME	0	0	0	0	0	0	0	0	0	0	0	0	0	0	0	0.0566296	0	0	0	0	0	0	0	0	0	0	0	0	0	0	0	0	0	0	0	0	0	0	0	0	0	0
K21947	NO_NAME	1.78356	1.00036	0	0.405181	0	0	0	0	0	0	0	0.14652	0.160071	0.234856	0	0.685491	0.436558	0	0	0	0	0.271371	0.0538481	0	0	0	0.0451523	0	0	0.072657	0.286805	0	0.373686	0.578976	0.045405	0	0	0	0	0	0	0
K21948	NO_NAME	0	0	2.102037	0	0	0.0452355	0.212221	0	0	0.2629735	2.731677	0	0	0.495727	1.91303	0	0.225907	0	0.060662	0	0	0	0.0171657	0	0	0	0.0695541	0.0747689	2.28154	0	0.06342875	0	1.76792	0.182228	0.0156097	0.202454	0	0.094711	0	0	0	0.212921
K21949	NO_NAME	0	0	0	0	0	0	0	0	0	0	0	0	0	0	0	0	0	0	0	0	0	0	0	0	0	0	0	0	0	0	0	0	0	0	0	0	0.0930974	0	0	0	0	0
K21950	NO_NAME	0	0	0	0	0	0	0	0	0	0	0	0	0	0	0	0.0460362	0	0	0	0	0	0	0	0	0	0	0	0	0	0	0	0	0	0	0	0	0	0	0	0	0	0
K21951	NO_NAME	0	0	0	0	0	0	0	0	0	0	0	0	0	0	0	0.00567232	0	0	0	0	0	0	0	0	0	0	0	0	0	0	0	0	0	0	0	0	0	0	0	0	0	0
K21959	NO_NAME	0	0	0.0417783	0	0	0	0	0	0	0	0	0	0	0	0	0	0	0	0	0	0	0	0	0	0	0	0	0	0	0	0	0	0	0	0	0	0	0	0	0.0489479	0.0474967	0
K21960	NO_NAME	0	0	0.070744	0	0	0	0	0	0	0	0	0	0	0	0	0	0	0	0	0	0	0	0	0	0	0	0	0	0	0	0	0	0	0	0	0	0	0.0846986	0	0.0592032	0.0689376	0
K21962	NO_NAME	0	0	0	0	0	0	0	0	0	0	0	0	0	0	0	0	0	0	0	0	0	0	0	0	0	0	0	0	0	0	0	0	0	0	0.0335909	0	0	0	0	0	0	0
K21963	NO_NAME	0	0.0223494	6.42166	0	0	0.469735	1.610888	0.1345986	0	0.0592618	1.58263	0	10.4737	0	0	0.405494	0.248272	0	0	0	0	0.108707	0.125289	0	0	0	0.109434	0.339516	4.43782	0	0.4772959	0.0648927	2.99783	0.494578	0.242102	0.063707	0	0	0.0170252	0	0	0.5168607
K21964	NO_NAME	0	0	2.4455477	0	0	0.364001	2.833392	0	0	0.92717	0.298031	0	8.06572	0	3.09157	0	0.10507	0	0	0	0	0.0186009	0.0936809	0	0	0	0.0147053	0.224716	0.764521	0	0.6078717	0	0	0.643992	0.236977	0.0622529	0	0.113001	0	0	0	0.2911925
K21965	NO_NAME	0	0	5.56968	0	0	0.0643449	2.2499593	0	0	0.691051	0.591806	0.0204289	6.94738	0.240416	11.2492	0.818801	0.24828	0	0	0	0	0	0.102181	0	0	0	0.0220505	0.277355	1.68022	0	0.471632	0	0.82674	0.242023	0.566644	0	0	0.0846286	0	0	0	0.3905466
K21966	NO_NAME	0	0	3.7798521	0	0	0.265352	1.9651703	0.0188414	0	0.7292837	0	0.0329398	7.09325	0.573584	5.96882	0.614811	0.193689	0	0	0	0	0.0101321	0.0859105	0	0	0	0.0283712	0.0264526	0.193851	0	0.42411	0	0.132021	0.350396	0.331279	0.0165789	0	0.0287583	0	0	0	0.2754271
K21967	NO_NAME	0	0	3.3133	0	0	0.219047	2.0456349	0	0	0.7131957	0.364917	0	4.58826	0.31249	3.48111	0.574812	0.135536	0.0185546	0	0	0	0	0.179618	0	0	0	0.0863607	0.0650242	0.756461	0.0159913	0.4577286	0	0.462442	0.2373009	0.503694	0.145238	0	0.0163648	0	0	0	0.390629
K21968	NO_NAME	0	0	3.7046486	0	0	0.0171812	1.088386	0	0	0.8627707	0.104798	0	4.33298	0.37827	5.1941	0	0	0.131773	0	0	0	0	0.0725758	0	0	0	0.0919949	0	0.380966	0	0	0	1.07215	0.093834	0	0.252564	0	0	0	0	0	0.480857
K21972	NO_NAME	0	0	1.38969	0	0	0.0432535	0.16748	0	0	0	0.105549	0	1.96302	1.99812	9.01042	0	0.20759	0	0	0	0	0	0.0148798	0	0	0	0.0307135	0.0859516	0.359601	0.0156052	0	0	1.91184	0	0	0.458865	0	0.0238809	0	0	0	0.251328
K21973	NO_NAME	0	0	1.6334521	0	0	0	0.00928963	0.0830151	0	0.6879899	1.04118	0	1.21249	0.865699	5.1353	0.0812228	0.2713778	0.0408844	0	0	0	0	0.270457	0	0	0	0.1910237	0.0318408	2.31228	0.0434437	0	0	7.2041397	0.0716172	0.0793546	0.39618	0	0.0496297	0	0	0	0.4109741
K21974	NO_NAME	0	0	0	0	0	0	0.0945033	0.101336	0	0	1.76522	0	0	0	0	0	0	0	0	0	0	0	0.094327	0	0	0	0.395472	0.191709	3.60841	0.212125	0	0	6.85455	0.0971359	0	0.479633	0	0.100971	0	0	0	0
K21975	NO_NAME	0	0	2.855705	0	0	0	1.194013	0.0918355	0	0	0.0624283	0	3.22789	3.31254	12.2146	0.567518	0.641811	0.0454651	0	0	0	0.0694663	0.369256	0	0	0	0.209793	0	0.397023	0	0.235777	0	0.413883	0.0687059	0.28681902	0.203552	0	0	0	0	0	0.550478
K21976	NO_NAME	0	0	3.84039	0	0	0	0.0702717	0	0	0.0191468	0.13126	0.0718601	7.7564	6.09422	33.4521	0	0.393337	0.0742208	0	0	0	0	0.0701406	0	0	0	0.147035	0.21383	0.477009	0	0	0	0.497265	0	0	1.06995	0	0	0	0	0	0.578707
K21977	NO_NAME	0	0	0.2799299	0.3219309	1.2807685	0.0471415	0.1878301	0.115568	0.243028	21.352053	15.42354	26.514	20.6512	0.906063	0.349446	3.21636	0.189597	1.38226	1.2405	6.224213	0.0975489	4.38418	7.438085	0.6552878	0.1940416	0	0	0.0263695	0	3.28317	0.119368	0.350226	4.521483	8.903385	1.27963	0.374298	1.4326662	24.8565	2.37147	0.1968913	0.621794	0.82417
K21987	NO_NAME	0	0	0	0	0	0	0	0	0	0	0	0	0	0	0	0.0895969	0	0	0	0	0	0	0	0	0	0	0	0	0	0	0	0	0	0	0	0	0	0	0	0	0	0
K21990	NO_NAME	0	0	4.32185	0	0	0.0257232	1.663266	0.1486433	0	0	0	0	6.84155	3.20165	22.5304	0.522318	0.2421582	0	0	0	0	0	0.1185572	0	0	0.311704	0.153795	0	0.269836	0	0.111731	0	2.19853	0.5525007	0.29838	0.181195	0	0	0	0	0	0.1717
K21993	NO_NAME	1.4545413	1.409255	1.5159168	0.541279	0.2343737	1.2135266	1.2849157	1.7140302	1.3675203	1.103947	1.212018	14.1903535	3.105685	0.207494	0.102676	3.633478	2.614595	1.4536357	0.276012	2.4358281	0.9826192	9.2725529	4.2094126	0.4536025	0.0583436	12.338212	1.336564	0	27.4076	2.2166442	2.427511	1.3384124	0.536114	0.2199895	2.9628957	0.1131567	0.513193	1.01975	1.975471	1.076732	1.24869	0.393003
K21998	NO_NAME	0	0	0	0	0	0	0	0	0	0	0	0	0	0	0	0.0873454	0	0	0	0	0	0	0	0	0	0	0	0	0	0	0	0	0	0	0	0	0	0	0	0	0	0
K21999	NO_NAME	0	0	0	0	0	0	0	0	0	0	0	0	0	0	0	0.0385298	0	0	0	0	0	0	0	0	0	0	0	0	0	0	0	0	0	0	0	0	0	0	0	0	0	0
K22001	NO_NAME	0	0	0	0	0	0	0	0	0	0	0	0	0	0	0	0.0743985	0	0	0	0	0	0	0	0	0	0	0	0	0	0	0	0	0	0	0	0	0	0	0	0	0	0
K22007	NO_NAME	0	0	0	0	0	0	0	0	0	0	0	0	0	0	0	0.400303	0	0	0	0	0	0	0	0	0	0	0	0	0	0	0	0	0	0	0	0	0	0	0	0	0	0
K22010	NO_NAME	5.1708565	30.934994	7.6825046	6.6209304	60.7199762	0.3480422	0.6471727	9.0668991	11.2082155	1.4223669	2.4050489	1.4997669	9.286683	0.823499	0.166632	0.495655	4.1348373	5.0976517	2.968861	6.400779	11.4165867	17.0839957	37.2248957	0.1839733	0.2969893	19.3989031	21.8691826	4.3913	0	2.3638999	8.1154923	5.196112	2.1984364	2.158244	7.1353855	4.577799	1.9342047	7.4526691	1.887372	6.0070246	14.2531191	10.0713333
K22011	NO_NAME	0	0	0.622433	0	0	0	0	3.47098	0.102998	0	0	0	0	0	0	0	1.111538	0	0	0	0	0	0	0	0	0	0	0	0	5.73434	0	0	0	0	0	0	0	0	3.33361	0	0	0
K22014	NO_NAME	0	0	1.27022	0	0	0	0.0622863	0.0445263	0	0	0	0	1.57409	0.520091	3.38127	0	0	0	0	0	0	0	0	0.0435989	0	0	0.18255	0.0631769	0.00674054	0	0	0	0.528749	0.00940603	0	0	0	0	0	0	0	0.254758
K22015	NO_NAME	0	0.3877843	10.640185	9.30589	6.08763	0.474314	3.70965	2.4402097	1.31884	0.3831179	1.691871	0.934181	14.05295	5.48285	15.2211	1.1548197	9.516713	1.423231	0.961178	11.5091181	6.58813	5.0450589	5.539621	0.0195768	0	0	0.171577	1.327637	1.0058748	2.77289	11.061789	1.7082679	11.18981	4.28305	14.1005193	1.696711	6.35474	5.22409	24.9925944	10.3027	0	3.15989
K22019	NO_NAME	0	0	0	0	0	0	0	0	0	0	0	0	0	0	0	0.0232005	0	0	0	0	0	0	0	0	0	0	0	0	0	0	0	0	0	0	0	0	0	0	0	0	0	0
K22024	NO_NAME	0.834366	1.3856533	3.5783661	12.2860322	4.72782	1.30429	0.558244	0.693707	1.367583	0.0437643	0.0635916	0	0	0.729844	0.1031579	1.1319321	2.277024	3.31321	3.171701	2.0040641	1.6016689	5.3754399	5.792754	0.111847	0	1.3056521	2.514963	0.1758778	0	3.73093	1.153205	0.79789	0	0.256023	1.366084	2.531888	0	0	0.692794	4.35971	1.169655	0.5628525
K22025	NO_NAME	0	0	0	0	0	0	0	0	0	0	0.0769793	0	0	0	0	0	0	0	0	0	0	0	0	0	0	0	0	0	0	0	0	0	0	0	0	0	0	0	0	0	0	0
K22026	NO_NAME	0	0	0.298779	0	0	0	0	1.73601	0	0	0	0	0	0	0	0	0.710741	0	0	0	0	0	0	0	0	0	0	0	0	1.97137	0	0	0	0	0	0	0	0	1.98412	0	0	0
K22027	NO_NAME	0	0	0	0	0	0	0	0	0	0	0	0	0	0	0	0	0	0	0	0	0	0	0	0	0	0	0	0	0	0	0	0	0.0945923	0	0	0	0	0	0	0	0	0
K22030	NO_NAME	0	0	0	0	0	0	0	0	0	0	0	0	0	0	0	0.1048016	0	0	0	0	0	0	0	0	0	0	0	0	0	0	0	0	0	0	0	0	0	0	0	0	0	0
K22038	NO_NAME	0	0	0	0	0	0	0	0	0	0	0	0	0	0	0	0.2515953	0	0	0	0	0	0	0	0	0	0	0	0	0	0	0	0	0	0	0	0	0	0	0	0	0	0
K22040	NO_NAME	0	0	0	0	0	0	0	0	0	0	0	0	0	0	0	0.0171104	0	0	0	0	0	0	0	0	0	0	0	0	0	0	0	0	0	0	0	0	0	0	0	0	0	0
K22041	NO_NAME	0	0	1.56597	0.0116299	0	0.04811	0.6194051	0	0	0.1127488	0.206673	0	3.40547	4.95729	13.8787	0	0.251394	0	0	0	0	0	0.01082	0	0	0	0.142468	0	0.548857	0	0.1134356	0	6.8692008	0.496117	0	1.20951	0	0	0	0	0	0.7313112
K22042	NO_NAME	0	0	0	0	0	0	0	0	0	0	0	0	0	0	0	0	0	0	0	0	0	0	0	0	0	0	0	0	0	0	0	0	0.712991	0	0	0	0	0	0	0	0	0
K22043	NO_NAME	0	0	0	2.49092	0	0.779509	0	0	0	0.597448	0	0	0	25.4991	0	0	0	0	0	0	1.14552	0	0.95931	0	0.28311	0	0.2134717	0	0	0.12062	0	0.444494	0	0.352118	0	3.597331	0.100538	0	0	0	5.3295744	0.521266
K22044	NO_NAME	0.3369987	0.127498	1.767111	1.230723	0.3475532	0.0587387	0.357111	0.13216366	0.1429151	12.1375225	6.9445055	2.7528566	5.70469	3.507386	16.0234455	0.6044848	1.1533846	0.36193	2.1916575	3.1386467	0.3002259	2.6817893	2.2149293	0.7870889	0.2209733	0.148147	0.6319013	0.2418898	0.3086963	1.5859047	0.615859	0.9747177	3.4853625	0.8918361	0.767573	5.8725939	0	0.4685978	0.37723596	0.6118973	0.675724	1.7740899
K22051	NO_NAME	0	0	2.43107	0	0	0.050768	0.17213	0.0109674	0	0	1.19269	0.00863774	0.144108	0.0488711	0.381578	0	0.30711	0.0820779	0	0	0	0.00858408	0.0974066	0.00655109	0	0	0.120035	0.159577	4.12773	0.0089832	0.0688549	0	4.4693638	0.117168	0	0.0430859	0	0.119008	0	0	0	0.198414
K22063	NO_NAME	0	0	0	0	0	0	0	0	0	0	0	0	0	0	0	0.0192214	0	0	0	0	0	0	0	0	0	0	0	0	0	0	0	0	0	0	0	0	0	0	0	0	0	0
K22066	NO_NAME	0	0	0	0	0	0	0	0	0	0	0	0	0	0	0	0.244162	0	0	0	0	0	0	0	0	0	0	0	0	0	0	0	0	0	0	0	0	0	0	0	0	0	0
K22067	NO_NAME	0	0	0	0	0	0	0	0	0	0	0	0	0	0	0	0	0	0	0	0	0	0	0	0	0	0	0	0	0	0	0	0	5.61749	0	0	0	0	0	0	0	0	0
K22073	NO_NAME	0	0	0	0	0	0	0	0	0	0	0	0	0	0	0	0.0694377	0	0	0	0	0	0	0	0	0	0	0	0	0	0	0	0	0	0	0	0	0	0	0	0	0	0
K22082	NO_NAME	0	0	0	0	0	0	0	0	0	0	0	0	0	0	0	0	0	0	0	0	0	0	0	0	0	0	0	0	0	0	0	0	12.204	0	0	0	0	0	0	0	0	0
K22103	NO_NAME	0	0	0.118306	0.0576561	0	0	2.6063	0	0	0	0	0	0	0	0	0	0	0	0	0	0	0	0	0	0.141092	0	0	0	0	0	0	0	0	0	0	0	0	0	0	0	0	0.069147
K22104	NO_NAME	0	0	4.049818	0	0	0.0918643	1.13135	0	0	0	0.887463	0	8.49394	4.83954	34.2311	0	0.473108	0	0	0	0	0	0.0766958	0	0	0	0.0805786	0.0570407	1.87569	0	0.295891	0	10.0984	1.82327	0	1.0800627	0	0.0686093	0	0	0	1.80678
K22105	NO_NAME	0	0.502163	5.22741	0	0	0.188058	4.765502	0.0709478	0	0.6482477	0.154098	0.0134272	5.85735	8.87939	23.0589	0.291466	0.674705	0	0	0	0	0.07540211	0.424958	0	0	0	0.1459539	0.387262	1.132931	0.0274687	0.90548241	0	5.48807	2.221302	0.213572	1.877234	0	0	0	0	0	2.84902
K22106	NO_NAME	0	0	0	0	0	0	0	0	0	0	0	0	0	0	0	0	0	0	0	0	0	0	0	0	0	0	0	0	0	0	0	0.0390848	0	0	0	0	0	0	0.0665873	0.0631217	0.0612503	0
K22109	NO_NAME	0	0	0	0	0	0	0	0	0	0	0	0	0	0	0	0	0	0	0	0	0	0	0	0	0	0	0	0	0	0	0	0	0	0	0	0	0	0	0	0	0	0.0646076
K22110	NO_NAME	0	0.432804	1.651186	0	0	0.0283865	2.674977	0.0811806	0	0.0134489	2.975075	0	4.87379	5.1017	13.0111	0	0.561403	0.028705	0	0.022431	0	0	0.2821119	0	0	0	0.1276879	0.229907	4.5391	0.025934	0.0410697	0.0244823	8.0844048	0.5427217	0	0.0240475	0	0	0	0	0	0.998831
K22111	NO_NAME	0	0	0	0.150364	0	0.100099	0.326497	0.0424366	0	0.171326	0	0	1.63809	3.77054	1.1343	0	0	0.0840974	0	0	0	0	0.0384209	0	0	0	0.414562	0.110389	4.31505	0	0.0876636	0	1.64528	0.0270272	0	0	0	0.0422838	0	0	0	1.20529
K22112	NO_NAME	0	0	0	0	0	0	0	0	0	0	0	0	0	0	0	0	0	0	0	0	0	0	0	0	0	0	0	0	0	0	0	0	9.51935	0	0	0	0	0	0	0	0	0
K22116	NO_NAME	0.0455292	0	0.260091	0	0	0	0	0.141374	0	0.393619	0.512461	0	0	0	0	0	0	0.208475	1.10547	0	0.0463651	0.205247	0	0	0	0.181379	0	0.334169	0	0	0	0	0.0386838	0	0.484875	0	0.183626	0.116816	0	0	0.198655	0.13536
K22117	NO_NAME	0	0	0	0	0	0	0	0	0	0	0	0	0	0	0	0.0309716	0	0	0	0	0	0	0	0	0	0	0	0	0	0	0	0	0	0	0	0	0	0	0	0	0	0
K22129	NO_NAME	0.841234	1.341898	2.2468604	8.780991	3.45433	1.37241	1.691693	0.816364	1.387176	0	0.09764	0	0	0.465118	0.1241993	0.409153	2.3069542	3.087164	2.983815	1.4647136	1.4657241	5.71549	6.2060711	0.127073	0	1.253356	1.971624	0	0	1.661299	1.0626252	1.03872	0	0.0700345	1.2495762	1.65436	0	0.0558503	0.783467	4.74159	1.02254	0
K22130	NO_NAME	0	0	4.85257	0	0	0.142525	1.309123	0.0798095	0	0.200383	2.303833	0	6.04804	4.39174	24.4912	0.345713	0.5504648	0.159825	0	0	0	0.0873656	0.134257	0	0	0	0.15831	0.179039	2.79621	0.11322	0.137861	0	2.08211	0.881374	0.319877	1.2288	0	0.125749	0	0	0	1.00386
K22131	NO_NAME	0	0	3.47565	0	0	0.0535323	0.262258	0.012453	0	0.3948932	1.432861	0	6.42269	4.48111	25.8162	0	0.499106	0	0	0	0	0.0343644	0	0	0	0	0.0533724	0.266008	0.694707	0	0	0	12.362668	0.471737	0	1.324748	0	0	0	0.153403	0	0.526444
K22132	NO_NAME	52.8089981	40.015364	10.0103716	34.9004667	29.5069936	41.9033586	38.2905734	15.773413	20.7065517	13.3082184	12.7412941	6.7177572	15.5908942	17.1826215	31.7203368	7.7804792	12.3606684	16.3838572	19.8392379	51.0185365	42.9360177	13.6330257	11.0611063	24.8669111	25.5912585	26.393291	51.868967	9.3025837	7.128634	13.1774123	6.484306	14.286034	31.126723	19.0808532	14.721263	3.9713217	37.619839	41.9984868	65.2896478	106.8433564	76.5065762	5.6502883
K22135	NO_NAME	0	0	0.0435393	0	0	0	0	0	0	0	0	0	0	0	0	0	0	0	0	0	0	0	0	0	0	0	0	0	0	0	0	0	0	0	0	0	0	0	0	0.0850185	0	0
K22138	NO_NAME	0	0	0	0	0	0	0	0	0	0	0	0.116968	0	0	0	0	0	0	0	0	0	0	0	0	0	0	0	0	0	0	0	0	0	0	0	0	0	0	0	0	0	0
K22154	NO_NAME	0	0	0	0	0	0	0	0	0	0	0	0	0	0	0	0.0817706	0	0	0	0	0	0	0	0	0	0	0	0	0	0	0	0	0	0	0	0	0	0	0	0	0	0
K22212	NO_NAME	0	0.0632496	0.1321845	2.5420862	0.3958879	0.595727	8.19212	0	0	6.523807	6.1148	0	0	20.969915	0.2141755	0.306529	0	0.271186	0.370216	1.4942345	0.9150399	0.431561	2.0704265	0.3846069	0.6538967	0	0.529053	0.0876527	3.72038	0.3374361	0.8116096	0.2643584	5.4139332	0.3707456	0.8272797	5.1734086	0	0	0	0.202521	3.76297	2.6283356
K22213	NO_NAME	0	0	0	0	0	0	0	0	0	0	0	0	0	0	0	0	0	0	0	0	0	0	0	0	0	0	0	0	0	0	0	0	0	0	0	0	1.17399	20.4157	0	0	0	0
K22214	NO_NAME	0	0	1.78062	0	0	0.0608542	0.333569	0.0167355	0	0	0	0.0162141	0.890136	1.73089	5.05115	0	0.193916	0	0	0	0	0.0330552	0.0180717	0	0	0	0.0320545	0.0348681	0	0	0.0829709	0.0306327	2.42417	1.574904	0	0.904265	0	0	0	0	0	0.270602
K22223	NO_NAME	0	0	0	0	0	0	0	5.00379	0.140299	0	0	0	0	0	0	0	5.14103	0	0	0	0	0	0	0	0	0	0	0	0	5.75263	0	0	0	0	0	0	0	0	6.71294	3.19339	0	0
K22224	NO_NAME	0	0	0.287587	0	0	0	0	1.48517	0.0443001	0	0	0	0	0	0	0	0.466567	0	0	0	0	0	0	0	0	0	0	0	0	2.23009	0	0	0	0	0	0	0	0	1.809	0	0	0
K22226	NO_NAME	1.61699	0.84959	0.123285	1.276391	0.097267	0.19979	0.28189	0.460843	0.294283	0	0	0.308555	0.142993	0.0822517	0	0.8711537	0.561878	1.2775421	0	0	0	0.28894	0.0634315	0	0	0.169759	0.630778	0.166787	0.31227	0	0.3166247	0.0566729	1.835704	1.761857	0	0	0.810479	0.460138	0	0	0	0
K22227	NO_NAME	1.51367	0.767364	0	0.523644	0	0.188278	0.0503033	0	0	0	0	0	0.0905787	3.818698	0.8420921	0.598304	0.350632	1.08302	1.33312	0.184472	0.318754	0.503274	0.5244532	0	0	0	0	1.59907	0	0.151684	0.389712	1.583594	0.270122	0.386331	0.118488	0.0510869	0.219187	0	0.1223791	0.0696342	0	0
K22230	NO_NAME	2.127221	0.836418	2.31419	0	0	0	0	0.772758	3.24374	0.1952181	1.461404	3.15287	5.57591	2.546963	0.507379	0.113286	2.16705	0.194456	0.0476796	1.68037	9.08735	0.821851	0.1351803	0	0	0.4706207	0.935546	1.80339	0	0.533565	1.06033	1.796731	0.44909	1.25978	0.149418	3.16098	0.0714958	0.3136505	0.998091	4.6266754	9.89735	0.0806057
K22236	NO_NAME	0	0	0	0	0	0	0	0	0	0	0	0	0	0	0	0.0433826	0	0	0	0	0	0	0	0	0	0	0	0	0	0	0	0	0	0	0	0	0	0	0	0	0	0
K22247	NO_NAME	0	0	0	0	0	0	0	0	0	0	0	0	0	0	0	0	0	0.0981224	0	0	0	0	0	0	0	0	0	0	0	0	0	0	0	0	0	0	0	0	0	0	0	0
K22252	NO_NAME	0	0	0	0	0	0	0	0	0	0	0	0	0	0	0	0	0	0	0	0	0	0	0	0	0	0	0	0	0	0	0	0	0.165827	0	0	0	0	0	0	0	0	0
K22255	NO_NAME	0	0	0	0	0	0	0	0	0	0	0	0	0	0	0	0	0	0	0	0	0	0	0	0	0	0	0	0	0	0	0	0	0	0	0	0	0	0	0.043907	0	0	0
K22265	NO_NAME	0	0	0	0	0	0	0	0	0	0	0	0	0	0	0	0.0558337	0	0	0	0	0	0	0	0	0	0	0	0	0	0	0	0	0	0	0	0	0	0	0	0	0	0
K22270	NO_NAME	0	0	0	0	0	0	0	0	0	0	0	0	0	0	0	0	0	0	0	0	0	0	0	0	0	0	0	0	0	0	0	0	0.0473178	0	0	0	0	0	0	0	0	0
K22278	NO_NAME	4.4437165	7.7177296	5.9473569	17.938551	8.1729	26.9499719	22.516021	7.052574	9.098636	1.3790775	4.9179463	0.7859161	7.7902909	12.1754291	0.9920699	1.601909	9.9339788	9.247618	11.966726	4.2547447	14.152234	5.9206206	3.3398826	5.7225315	0.8998027	3.5415835	4.8491385	3.1369967	0	4.0679632	6.2637639	10.2578102	0.9951017	2.6013226	6.3122098	7.4488465	12.2489421	6.5800419	6.931572	14.717245	15.2159371	1.716867
K22287	NO_NAME	0	0	0	0	0	0	0	0	0	0	0	0	0	0	0	0.0345837	0	0	0	0	0	0	0	0	0	0	0	0	0	0	0	0	0	0	0	0	0	0	0	0	0	0
K22292	NO_NAME	0	0	0	0	0	0	0	0	0	0	0	0	0	0	0	0	0	0	0	0	0	0	0	0	0	0	0	0	0	0.0887491	0	0	10.972536	0	0	0	0	0	0	0	0	0
K22293	NO_NAME	4.49027	2.78787	6.6066	0.236589	1.10869	0.369727	0.989205	2.8244202	2.36144	3.4097818	4.37767	0	5.438495	4.043967	19.0499	0	0.379593	4.32528	5.98026	2.21054	0.0997914	0.065474	0.0939937	9.261	0.501065	3.49599	0.728174	0.6842801	0.740496	0.1575933	0.715227	0.341992	11.901837	5.764868	1.40847	0.404071	3.77104	7.4506112	0.123057	1.76487	3.1796	11.292896
K22298	NO_NAME	0	0	0	0	0.114829	0	0.0652523	0	0.0932532	0	0	0	0.0601314	0	0	0	0.343327	0	0	0.369051	0	0	0.0609015	0.678274	0.123909	0	0	0	0	0	0.325216	0.0944549	0.0730905	0.0604712	0	0	0	0	0	0	0	0.389594
K22299	NO_NAME	0	0	0.0860777	0	0	0	0	0	0	0	0.147595	0	0	0	0	0	0	0	0.063451	0	0	0	0	0	0	0	0	0	0	0	0	0.110402	0	0.117373	0	0.23192	0	0	0	0.10085	0	0.1993689
K22300	NO_NAME	0	0	0	0	0	0	0.7966848	0	0	0	0	0	0	1.11862	0	0	0	3.80528	0.186075	0	0	0	0	0.161659	0.0646805	0	0	0.258585	0	0	0	0	0	0	0	0	0	0	0	0.197167	0	0
K22301	NO_NAME	0	0	0.039004	0	0	0	0	0	0	0	0	0	0	0	0	0	0	0	0	0	0	0	0	0	0	0	0	0	0	0	0	0	0	0	0	0	0	0	0.0744561	0	0	0
K22302	NO_NAME	0	0	0	0	0	0	0.737853	0	0	0	0	0	0	1.57192	0	0	0	0	0	0	0	0	0	0	0	0	0	0.308865	0	0	0.101178	0	0.316196	0.187796	0	0	0	0	0	0	0	0
K22304	NO_NAME	0	0	5.6027	0	0	0	0.426315	0	0	0.398118	0	0	5.8173	2.39416	0.858795	0	0.409071	0.222662	0	0	0	0	0.210422	0	0	0.015489	0	0.855318	0	0	0.233489	0	0.186475	3.10586	0	2.56788	0	0	0	0	0	0.125387
K22305	NO_NAME	0	0	0	0	0	0	0	0.284969	0	0	0	0.220806	0.752976	0	0	0	0.687983	0	0	0	0	0	0.62999	0	0	0.291505	0	0	0	0.913423	0.322319	0	0	0	0	0.618976	0	0	0	0	0	0
K22306	NO_NAME	2.54541	28.1885	5.86748	4.88056	58.4647	0	0.0577982	6.93784	7.55174	0	0	0.303368	6.90537	0	0	0	0.7591	4.01366	1.15242	2.3213342	0.2701087	15.8115	35.9123846	0	0	19.9219	18.814	0.0858233	0	0.0530885	5.81966	2.357797	0.987162	0	6.62842	0.688298	0.143986	0	0	0	0	0
K22311	NO_NAME	0	1.81633	0	0.114293	0.0902211	0	0.0535815	0	0	0.118873	0.0361776	0	0	0	0.0563571	0.0384821	0.152007	0	0	0.722294	0.10226	0	0	0.260577	0.0455809	0	0.33552	0.0352057	0	0	0.634305	0.200471	0	0	0	0	0	0	0	0.0463052	0	0.2102017
K22319	NO_NAME	0	0	0	0	0	0	0	0	0	0	0	0	0	0	0	0	0	0	0	0	0	0	0	0	0	0	0	0	0	0	0.0785852	0	0	0	0	0	0	0	0	0	0	0.066954
K22336	NO_NAME	0.0554429	0	0	0	0	0	0	0	0	0	0	0	0	0	0	0	0	0	0	0	0	0	0	0	0	0	0	0	0	0	0	0	0	0	0	0	0	0	0	0	0	0
K22342	NO_NAME	0	0	0	0	0	0	0	0	0	0	0	0	0	0	0	0	0	0	0	0	0	0	0	0	0	0	0	0	0	0	0	0	11.5253	0	0	0	0	0	0	0	0	0
K22343	NO_NAME	0	0	0	0	0	0	0	0	0	0	0	0	0	0	0	0	0	0	0	0	0	0	0	0	0	0	0	0	0	0	0	0	10.8901	0	0	0	0	0	0	0	0	0
K22344	NO_NAME	0	0	0	0	0	0	0	0	0	0	0	0	0	0	0	0	0	0	0	0	0	0	0	0	0	0	0	0	0	0	0	0	12.4287	0	0	0	0	0	0	0	0	0
K22345	NO_NAME	0	0	0	0	0	0	0	0	0	0	0	0	0	0	0	0	0	0	0	0	0	0	0	0	0	0	0	0	0	0	0	0	7.87174	0	0	0	0	0	0	0	0	0
K22366	NO_NAME	0	0	0	0	0	0	0	0	0	0	0	0	0	0	0	0.0196732	0	0	0	0	0	0	0	0	0	0	0	0	0	0	0	0	0	0	0	0	0	0	0	0	0	0
K22373	NO_NAME	3.3380226	1.6019	3.5195688	0.188189	4.7628941	9.53898	5.517243	3.7310897	7.066744	0.905439	2.511942	2.28397	4.985833	2.073152	0.3622746	1.264741	6.3359917	3.982948	3.195583	8.0661244	12.12543	4.118266	4.013563	2.1018	13.777828	4.296111	10.185985	2.16659	0	4.8706187	4.2547424	6.204398	5.52613	6.372315	6.309651	7.202223	3.929581	5.606801	7.250742	6.3086	11.151007	10.1988919
K22383	NO_NAME	0	0	0	0	0	0	0	0	0	0	0	0	0	0	0	0.0707358	0	0	0	0	0	0	0	0	0	0	0	0	0	0	0	0	0	0	0	0	0	0	0	0	0	0
K22389	NO_NAME	0	0	0	0	0	0	0	0	0	0	0	0	0	0	0	0	0	0	0	0	0	0	0	0	0	0	0	0	0	0	0	0	0	0	0.037518	0	0	0	0	0	0	0
K22391	NO_NAME	0	0	0	0	0	0	0	0	0	0	0	0.088038	0	0	0	0	0	0	0	0	0	0	0	0	0	0	0	0	0	0	0	0	0	0	0.0482715	0	0	0	0	0	0	0
K22393	NO_NAME	0	0	0	0	0	0	0	0	0	0	0	0	0	0	0	0.686301	0	0	0	0	0	0	0	0	0	0	0	0	0	0	1.50609	0	0	0	0	0	0	0	0	0	0	0.129215
K22394	NO_NAME	0	0	0	0	0	0	0	0.0350197	0	0	0	0	0	0	0	0.983698	0	0	0	0	0	0	0.0815103	0	0	0	0	0	0	0	1.25911	0	0	0	0	0	0	0	0	0	0	0.167182
K22396	NO_NAME	0.0977316	0	0.283934	0	0	0.0328381	0.3340542	0.0283691	0	0.6298589	0.439267	0	0	1.947	0	0	0	0.0525425	0	0	0	0.0208097	0.0996991	0.0304044	0	0	0	0	2.70148	0	0.256381	0.0288347	0.0400028	0.162695	0	0	0	0.0628151	0	0	0	0.891836
K22397	NO_NAME	0	0.433901	0.1596562	0.397978	0	0.0221051	0.524896	1.77746	0.244204	0.274819	1.3651	0	0	0.0430636	0	0.107096	0.0431105	0.0536039	0	0.0718088	0	0	0.2179695	0.0615026	0.0717619	0	0	0	3.27281	0.0455676	0.2245175	0	0.0690565	0.1593058	0	0.131946	0	0.140985	0	0	0	0.8011492
K22400	NO_NAME	0	0	0	0	0	0	0	0	0	0	0	0	0	0	0	0.0589792	0	0	0	0	0	0	0	0	0	0	0	0	0	0	0	0	0	0	0	0	0	0	0	0	0	0
K22404	NO_NAME	0	0	0	0	0	0	0	0	0	0	0	0.034631	0	0	0	0.0608055	0	0	0	0	0	0	0	0	0	0	0	0	0	0	0	0	0	0	0	0	0	0	0	0	0	0
K22405	NO_NAME	0	0	0	0.42209	0	0	0	0	0	0	0	0	0	0.0938341	0.0525352	0.0968794	0	0	0	0	0	0	0	0	0.101759	0	0	0.2267363	0	0	0	0	0.223213	0.0580585	0	0	0.200991	0.0480631	0	0	0.4241272	0.0819287
K22411	NO_NAME	0	0	0	0	0	0	0	0	0	0	0	0	0	0	0	0.0617634	0	0	0	0	0	0	0	0	0	0	0	0	0	0	0	0	0	0	0	0	0	0	0	0	0	0
K22413	NO_NAME	0	0	0	0	0	0	0	0	0	0	0	0	0	0	0	0.0255323	0	0	0	0	0	0	0	0	0	0	0	0	0	0	0	0	0	0	0	0	0	0	0	0	0	0
K22424	NO_NAME	0	0	0	0	0	0	0	0.326528	0.698784	0	0	0.0600277	1.22932	0	0	0	0	0	0	0	0	0	0	0	0	0	0	0	0	0.642338	0	0	0	0	0	0	0	0	1.01143	0.297553	0	0.279476
K22430	NO_NAME	0.0545624	1.14897	0.116646	0.159904	0	0	0	0	0	0	0	0.27416	0.05593	0	0.0289107	0.312049	0.687935	0	0	0	0.122403	0.0469829	0.112774	0.243416	0	0	0	0.100778	0	5.90051	0.073362	0	0	0	0.121949	2.46646	0	0	0	0	0	0
K22431	NO_NAME	0.107927	0.113925	0.0399667	0.0406515	0	0	0	0	0.0801693	0.1952311	0.165133	0.20885	0.5778035	0	0.0293992	0.3671871	0.197938	0.160071	0.241669	0.396829	0.253388	0.796545	0.2926015	0.132605	0.13264	0	0	0.832654	0	0.610086	0.237793	1.3305974	0.558564	0.70099	0.093007	0.691329	0.501763	1.25492	0.225538	0.296507	0.0784681	4.36831
K22432	NO_NAME	0	0	0.0391262	0.1753688	0	0.0703663	0	0	0.0997587	0.252266	0.233419	0.308456	0.680827	0	0.144991	0	0.405212	0.191154	0.216991	0.406188	0.163809	0.492599	0.129032	0.0541227	0.117666	0.0533833	0.0631139	0.947804	0	0.648049	0.400896	1.33663	0.693709	0.584658	0	0	0.657764	1.64824	0.144286	0.183939	0.151713	6.00614
K22441	NO_NAME	0.323023	0	0.9284445	0.3412514	1.52227	0.2624028	0.512469	0.252505	0.890971	31.5792	22.0165	0.0359685	1.27359	1.121706	0.635369	1.1752519	0	1.78854	1.4123065	9.2740852	0.3480862	0.156777	0.408378	21.3366624	0.1645779	0	0.4282077	0.0677996	2.17904	0.115368	1.4257083	0.529869	7.16786	1.396613	5.525545	2.0755583	0	0.1277924	0.1595941	0.5009982	1.22285	5.716947
K22443	NO_NAME	0	0	0.430124	0	0	0.0247643	0	0	0	0	0	0.0450095	1.42939	0.522362	0	0	0	0	0	0	0	0.0185716	0.0414209	0	0	0	0.146876	0.17609	0	0	0	0.0343238	1.24565	0	0	0.376623	0	0	0	0	0	0.0868061
K22444	NO_NAME	0	0	1.59688	0	0	0	0	0	0	0	0	0	2.53209	2.559	15.263	0	0.293268	0	0	0	0	0.0418841	0.0462187	0	0	0	0.0188063	0	0	0	0	0	0.75289	0.516517	0	1.03059	0	0	0	0	0	0.1638
K22447	NO_NAME	0	0	0.316498	0	0	0	0	1.7368	0.0707714	0	0	0	0	0	0	0	0.483105	0	0	0	0	0	0	0	0	0	0	0	0	2.61664	0	0	0	0	0	0	0	0	2.0017	0	0	0
K22452	NO_NAME	0	0	0	0	0	0	0	0	0	0	0	0	0	0	0	0	0	0	0	0	0	0	0	0	0	0	0	0	0	0	0	0	4.617715	0	0	0	0	0	0	0	0	0
K22457	NO_NAME	0.0416127	0.282743	0.2118148	0.11967	0.08271	0	7.3611637	0	0.0588558	5.197068	2.2377963	0.326827	0	0	0.1045867	0.6278004	0.0489797	0.2784904	0.120705	1.8150485	0	0.11625	0	0.2594133	0.671492	0	0.3471678	0	4.23051	0.366598	0.8636209	0.5030549	0	0.2336298	0.591705	1.9581125	0.0381298	0	0	0	0.132382	1.575671
K22463	NO_NAME	0	0	0	0	0	0	0	0	0	0.0672602	0	0	0	0	0	0	0	0	0	0	0	0	0	0	0	0	0	0	0	0	0.132452	0	0	0	0	0	0	0	0	0	0	0.0820712
K22468	NO_NAME	0	0	0.3367972	0	0	0.150515	0.65078	0	0	0	0	0	0.0549852	1.94129	0	0.0933302	0	0	0	0	0	0	0	0.0429824	0	0	0	0	0.0458211	0	0.4182003	0	15.742008	0	0.0215682	0.0566124	0	0	0	0	0	0.4048356
K22470	NO_NAME	0	0	0	0	0	0	0	0	0	0	0	0	0	0	0	0.0543486	0	0	0	0	0	0	0	0	0	0	0	0	0	0	0	0	0	0	0	0	0	0	0	0	0	0
K22477	NO_NAME	1.7224545	1.129662	1.841412	0	0	2.6785	8.720893	5.010893	5.240892	2.739302	14.666144	0.231138	1.728433	9.027299	3.33491	3.086117	12.483019	3.044691	3.14625	6.988488	23.87894	1.4619222	0.6568078	0.968398	0.33211	1.146875	0.7573359	0.374202	0	4.872295	11.383901	18.583821	3.10979	20.7145	4.11925	1.87187	0	0	5.00449	1.236172	1.461235	0.988874
K22480	NO_NAME	0	0	0.328456	0	0	0	0	1.75429	0.043938	0	0	0	0	0	0	0	0.556665	0	0	0	0	0	0	0	0	0	0	0	0	2.62424	0	0	0	0	0	0	0	0	1.76244	0	0	0
K22481	NO_NAME	0	0	0.261341	0	0	0	0	1.77173	0.0624679	0	0	0	0	0	0	0	0.609176	0	0	0	0	0	0	0	0	0	0	0	0	2.92036	0	0	0	0	0	0	0	0	1.86623	0	0	0
K22482	NO_NAME	0	0	0.361526	0	0	0	0	1.68217	0.0795568	0	0	0	0	0	0	0	0.804036	0	0	0	0	0	0	0	0	0	0	0	0	3.0546	0	0	0	0	0	0	0	0	1.66655	0	0	0
K22486	NO_NAME	0	0	0.58354	0	0	0.0226872	0.101	0	0	0	0	0	0	0	0	0	0.14344	0	0	0	0	0	0	0	0	0	0.0196813	0.190303	0	0	0	0	0	0	0	0	0	0	0	0	0	0.287625
K22487	NO_NAME	0	0	0	0	0	0	0.0903501	0	0	0	0	0	0	0	0	0	0	0	0	0	0	0	0	0	0	0	0	0	0	0	0	0	0	0	0	0	0	0	0	0	0	0
K22489	NO_NAME	0	0.460809	0.844787	0	0	0	0.961379	0	0	0.737755	0	0	0	0	0	0.135683	0.0705294	0	0	0	0	0	0.0348059	0	0	0	0.059779	0	0	0	0.0697782	0	0	0.0389893	0.132562	0	0	0	0	0	0	0.144112
K22491	NO_NAME	0	0	0	0	0	0	0	0	0	0	0	0	0	0	0	0	0	0	0	0	0	0	0	0	0	0	0	0	0	0	0	0	0.591261	0	0	0	0	0	0	0	0	0
K22507	NO_NAME	0	0	0	0	0	0	0.105917	0	0	0	0	0	0	0	0	0	0	0	0	0	0	0	0	0	0	0	0	0	0	0	0	0	0	0	0	0	0	0	0	0	0	0
K22516	NO_NAME	0	0	0.15078	0	0	0	0	1.674868	0.0967763	0	0	0.814294	1.4224	0	0	0	1.104141	0	0	0	0	0	1.57647	0	0	0	0	0	0	4.22921	0	0	0	0	0	0	0	0	1.80657	0	0	0
K22526	NO_NAME	0	0	0	0	0	0	0	0	0	0	0	0	0	0	0	0.0213422	0	0	0	0	0	0	0	0	0	0	0	0	0	0	0	0	0	0	0	0	0	0	0	0	0	0
K22527	NO_NAME	0	0	0	0	0	0	0	0	0	0	0	0	0	0	0	0.0333772	0	0	0	0	0	0	0	0	0	0	0	0	0	0	0	0	0	0	0	0	0	0	0	0	0	0
K22529	NO_NAME	0	0	0	0	0	0	0	0	0	0	0	0	0	0	0	0.093346	0	0	0	0	0	0	0	0	0	0	0	0	0	0	0	0	0	0	0	0	0	0	0	0	0	0
K22540	NO_NAME	0	0	0	0	0	0	0	0	0	0	0	0	0	0	0	0.097076	0	0	0	0	0	0	0	0	0	0	0	0	0	0	0	0	0	0	0	0	0	0	0	0	0	0
K22548	NO_NAME	0	0	0	0	0	0	0	0	0	0	0	0	0	0	0	0	0	0	0	0	0	0	0	0	0	0	0	0	0	0	0	0	6.05631	0	0	0	0	0	0	0	0	0
K22549	NO_NAME	0	0	0	0	0	0	0.750143	0	0	0	0	0	0	0	0	0	0	0	0	0	0	0	0	0	0	0	0	0	0	0	0	0	0	0	0	0	0	0	0	0	0	0
K22550	NO_NAME	0	0	0	0	0	0	1.33115	0	0	0	0	0	0	4.31865	0	0	0	0	0	0	0	0	0	0	0	0	0	0	0	0	0	0	0	0.07413	0	0	0	0	0	0	0	0.8230267
K22552	NO_NAME	0	0	0	0	0	0	0	0	0	0	0	0	0	0	0	0	0	0	0	0	0	0	0	0.0714913	0	0	0	0.0286822	0	0	0	0	0	0	0	0	0	0	0	0	0	0
K22561	NO_NAME	0	0	0	0	0	0	0	0	0	0	0	0	0	0	0	0.0710309	0	0	0	0	0	0	0	0	0	0	0	0	0	0	0	0	0	0	0	0	0	0	0	0	0	0
K22562	NO_NAME	0	0	0	0	0	0	0	0	0	0	0	0	0	0	0	0.028376	0	0	0	0	0	0	0	0	0	0	0	0	0	0	0	0	0	0	0	0	0	0	0	0	0	0
K22564	NO_NAME	0	0	0	0	0	0	0	0	0	0	0	0.0334635	0	0	0	0	0	0	0	0	0	0	0	0	0	0	0	0	0	0	0	0	0	0	0	0	0	0	0	0	0	0
K22579	NO_NAME	0	0	0	0	0	0	0	0	0	0	0	0	0.0411913	0	0	0	0	0	0	0	0	0	0.0312914	0	0	0	0	0	0	0	0.124847	0	0	0	0	0	0	0	0	0	0	0.0870292
K22585	NO_NAME	0	0	0.324956	0	0	0	0	1.62587	0.0511941	0	0	0	0	0	0	0	0.544621	0	0	0	0	0	0	0	0	0	0	0	0	2.68451	0	0	0	0	0	0	0	0	1.63803	0	0	0
K22592	NO_NAME	0	0	0	0	0	0	0	0	0	0	0	0	0	0	0	0.0706716	0	0	0	0	0	0	0	0	0	0	0	0	0	0	0	0	0	0	0	0	0	0	0	0	0	0
K22597	NO_NAME	0	0	1.32644	0	0	0	0.0169144	0	0	0	0.170637	0	2.67442	0.959801	5.31011	0	0.341179	0	0	0	0	0	0.0193343	0	0.0688036	0	0.022978	0	0.200705	0	0	0	1.40841	0.346397	0	0.69448	0	0	0	0	0	0.0995717
K22601	NO_NAME	0	0	1.680249	0	0	0	0	0	0	0	0	0	0	0	0	0.371525	0.0398432	0	0	0	0	0	0	0	0	0	0	0	0	0	0	0	0	0.0477785	0.0631731	0	0	0	0	0	0	0.0308192
K22602	NO_NAME	0	0	1.20801	0	0	0.0831749	0.870597	0	0	0	0	0	0	0	0	0.26627	0.150281	0	0	0	0	0	0	0	0	0	0	0	0	0	0.412768	0	0	0.123498	0.42579	0	0	0	0	0	0	0
K22604	NO_NAME	3.45964	0.961284	0.0356608	6.13296	1.20235	0.452858	0.417615	0	0	0.345035	0.231579	0.680618	0.167198	0	0	0.182687	0.0730484	0	0	1.54455	1.0749	0.731002	1.28266	0.232943	2.02851	0.431134	1.59743	0.330927	0.332203	0.248994	0.136723	0.18891	3.8325	2.57549	0	0	1.18707	0.614305	0.614165	0.960952	1.1622	0.228383
K22605	NO_NAME	0	0	0	0	0	0	0.0968898	0	0	0	1.46076	0	0	0.342965	0.0644406	0	0	0.116954	0.16728	0	0	0.0487379	0	0.188928	0.0872207	0.471553	0.130326	0.0561572	0.211402	1.70878	0.367922	0	0.0489731	0.0569079	0	0.224798	1.1143	0.32535	0	0.16248	0.14333	0.641181
K22606	NO_NAME	7.98039	1.679999	0.0706487	10.73151	1.662521	0.714148	0.985174	0	0.0546717	0.34259	0.326554	1.152167	0.472529	0	0	0.46082	0.101783	0.1640396	0	2.75464	2.65322	2.2486	2.106933	0.693972	5.08811	0.789364	2.98236	1.354284	0.857346	0.479401	0.516252	0.3487895	7.90728	4.62083	0	0	1.869135	1.258793	0.883082	1.148619	2.44262	0.307524
K22607	NO_NAME	0	0	0.0384532	0.387606	0.735029	0.0323014	0.0622863	0	0	0	1.36122	0.280254	0.392857	6.58492	2.33436	0.160969	0	0.157888	0.351288	1.30473	10.2867	0	0	1.30805	0.431743	0.643026	0.24762	13.8863	0.126841	1.53791	0.455303	0.128802	0.0881516	0.08963	0	0.480505	2.10992	0.199647	0	0.0531752	0.0773981	0.641181
K22614	NO_NAME	0	0	0	0	0	0	0	0	0	0	0	0	0	0	0	0.0641827	0	0	0	0	0	0	0	0	0	0	0	0	0	0	0	0	0	0	0	0	0	0	0	0	0	0
K22631	NO_NAME	0	0	0	0	0	0	0	0	0	0	0	0	0	0	0	0.119819	0	0	0	0	0	0	0	0	0	0	0	0	0	0	0	0	0	0	0	0	0	0	0	0	0	0
K22650	NO_NAME	0	0	2.760133	0	0	0	0.385829	0.0587747	0	0.944229	0.261773	0	9.26897	3.64936	13.8649	0.236088	0.8879115	0.0450783	0	0	0	0	0.139883	0	0	0	0.146617	0.0947654	1.53266	0	0.182121	0	5.78495	0.496166	0.115329	1.26449	0	0	0	0	0	0.684322
K22654	NO_NAME	0	0	0	0	0	0	0	0	0	0	0	0	0	0	0	0.0369873	0	0	0	0	0	0	0	0	0	0	0	0	0	0	0	0	0	0	0	0	0	0	0	0	0	0
K22664	NO_NAME	0	0	0	0	0	0	0	0	0	0	0	0	0	0	0	0.0183794	0	0	0	0	0	0	0	0	0	0	0	0	0	0	0	0	0	0	0	0	0	0	0	0	0	0
K22665	NO_NAME	0	0	0	0	0	0	0	0	0	0	0	0	0	0	0	0.0196513	0	0	0	0	0	0	0	0	0	0	0	0	0	0	0	0	0	0	0	0	0	0	0	0	0	0
K22666	NO_NAME	0	0	0	0	0	0	0	0	0	0	0	0	0	0	0	0.0657744	0	0	0	0	0	0	0	0	0	0	0	0	0	0	0	0	0	0	0	0	0	0	0	0	0	0
K22670	NO_NAME	0	0	0	0	0	0	0	0	0	0	0	0	0	0	0	0.0506611	0	0	0	0	0	0	0	0	0	0	0	0	0	0	0	0	0	0	0	0	0	0	0	0	0	0
K22672	NO_NAME	0	0	0	0	0	0	0	0	0	0	0	0	0	0	0	0.0593612	0	0	0	0	0	0	0	0	0	0	0	0	0	0	0	0	0	0	0	0	0	0	0	0	0	0
K22673	NO_NAME	0	0	0	0	0	0	0	0	0	0	0	0	0	0	0	0.0640488	0	0	0	0	0	0	0	0	0	0	0	0	0	0	0	0	0	0	0	0	0	0	0	0	0	0
K22674	NO_NAME	0	0	0	0	0	0	0	0	0	0	0	0	0	0	0	0.0958425	0	0	0	0	0	0	0	0	0	0	0	0	0	0	0	0	0	0	0	0	0	0	0	0	0	0
K22700	NO_NAME	0	0	0	0	0	0	0	0	0	0	0	0.0324306	0	0	0	0	0	0	0	0	0	0	0	0	0	0	0	0	0	0	0	0	0	0	0	0	0	0	0	0	0	0
K22718	NO_NAME	0	0.401731	0.479779	0	0	0	16.748111	0	0	0.287529	0	0	1.727816	47.300783	6.3989	0	0	0	0	0	0	0	0	0	0	0	0	0	0.0593724	0	0	0	7.642954	4.6101735	0	0.141303	0	0	0	0	0	0.3856531
K22719	NO_NAME	0	0	2.97391	0	0	0.0660974	0.280056	0.0713147	0	0.178878	0.263255	0.0128707	2.03709	3.0179644	11.139	0	0.521517	0	0	0	0	0	0.158551	0	0	0	0.237528	0.188209	1.14694	0	0	0	2.08477	0.575646	0	0.713054	0	0.0168417	0	0	0	0.494532
K22720	NO_NAME	0	1.20519	9.83818	0	0	0.164533	2.4746	0.172867	0	0	2.10787	0	21.2894	15.81165	85.3762	0	1.082835	0	0	0.0577932	0	0.335073	0.160911	0	0	0	0.337315	0.817583	7.38662	0	0.0298809	0.166685	17.11177	3.280909	0	10.30929	0	0	0	0	0	1.493575
K22733	NO_NAME	0	0	0	0	0	0	0	0	0	0	0	0	0	0	0	0.052475	0	0	0	0	0	0	0	0	0	0	0	0	0	0	0	0	0	0	0	0	0	0	0	0	0	0
K22736	NO_NAME	0.374576	1.31818	3.6287768	2.3179313	3.0576025	0.389704	1.9934441	0.1773467	0.923554	50.0889319	34.298439	4.0175003	0.136562	2.6563191	0.8535465	1.9665935	0.1342172	2.9223439	2.797477	11.2321918	0.162582	0.3988308	0.689675	12.1006683	1.1802031	0	6.8039516	0.1849988	0	4.2485591	5.4750185	2.7614697	25.0110487	2.8119143	4.675862	15.313627	0.2245012	0.1816968	0	0.3275273	2.2469514	23.0521628
K22745	NO_NAME	0	0	0	0	0	0	0.0781168	0	0	0	0	0	0	0	0	0	0	0	0	0	0	0	0	0.106622	0	0	0	0	0	0	0	0	0	0	0	0	0	0	0	0	0	0
K22753	NO_NAME	0	0	0	0	0	0	0	0	0	0	0	0	0	0	0	0.07061	0	0	0	0	0	0	0	0	0	0	0	0	0	0	0	0	0	0	0	0	0	0	0	0	0	0
K22757	NO_NAME	0.176848	0.160931	0	0	0	0	0	0	0	0.0767882	0.0455708	3.146991	0.465801	0	0	0.0358594	0.136767	0	0	0	0	0.600049	0	0	0	0	0	0	0	0.228176	0.258282	1.328359	0.1445771	0	0	0	0.0580497	0.3787875	0	0	0	0.0418575
K22760	NO_NAME	0	0	0	0	0	0	0	0	0	0	0	0	0	0	0	0.115813	0	0	0	0	0	0	0	0	0	0	0	0	0	0	0	0	0	0	0	0	0	0	0	0	0	0
K22766	NO_NAME	0	0	0	0	0	0	0	0	0	0	0	0	0	0	0	0.0672992	0	0	0	0	0	0	0	0	0	0	0	0	0	0	0	0	0	0	0	0	0	0	0	0	0	0
K22810	NO_NAME	0	0	0	0	0	0	0	0	0	0	0	0	0	0	0	0.0552474	0	0	0	0	0	0	0	0	0	0	0	0	0	0	0	0	0	0	0	0	0	0	0	0	0	0
K22824	NO_NAME	0	0	0	0	0	0	0	0	0	0	0	0	0	0	0	0.0388575	0	0	0	0	0	0	0	0	0	0	0	0	0	0	0	0	0	0	0	0	0	0	0	0	0	0
K22826	NO_NAME	0	0	0	0	0	0	0	0	0	0	0	0	0	0	0	0.102482	0	0	0	0	0	0	0	0	0	0	0	0	0	0	0	0	0	0	0	0	0	0	0	0	0	0
K22874	NO_NAME	0	0	0	0	0	0	0	0	0	0	0	0	0	0	0	0	0	0	0	0	0	0	0	0	0	0	0	0	0	0	0	0	0.65112	0	0	0	0	0	0	0	0	0
K22900	NO_NAME	3.819839	2.924738	9.404948	4.3977638	2.586528	4.4237578	3.776213	5.2437139	7.7912353	1.2671688	5.632963	0.8721868	15.543912	4.538217	17.8754246	4.091339	5.901816	2.3323958	3.8055548	4.08259	13.2396601	2.3322906	1.8015145	2.218277	0.890273	2.0251676	3.770482	2.4859831	0.312556	4.05344	2.5413116	2.231909	14.151486	2.912645	1.9391013	5.865116	0.5073887	0.629347	5.59446	11.684642	12.980699	1.012228
K22901	NO_NAME	0	0.195706	0.074501	0	0	0	0	0.0774136	0	0.181688	0.2651	0	0	0	0	0	0	0.157521	0.382775	0	0	0.0999691	0	0	0	0.049643	0	0.170793	0	0	0	0	0	0	0.0556706	0	0	0	0	0	0	0.0544847
K22902	NO_NAME	0	0	0.0771397	0.2771005	0.209945	21.039	9.00184	0	0	0	0	0	0	0	0.0358511	0	0.0387954	0	0	0	0	0	0	0.10464	0	0.0525569	0.630246	0	0	0.262641	0.0511716	0	1.29014	0.0853619	0	0.171054	6.70934	2.9726	0	0	0	0.178606
K22906	NO_NAME	0.123754	0	0.387546	0.0805605	0.781613	1.099422	0.481704	0.674792	1.07518	1.697134	1.462063	0.282825	0.853624	0.545848	0.030933	0.0676857	0.7708317	0.1112825	0.0886277	2.458327	3.001245	0.3917044	0.2505033	3.10781	0.828482	0.65948	1.12243	0.790581	0	0.49247	0.250626	1.2338187	1.498007	2.381496	1.96091	0.2263774	2.56418	3.28364	0.328163	0.227578	0.285624	3.27416
K22907	NO_NAME	0	0	0	0	0	0	0	0	0	0	0	0	0	0	0	0	0	0	0.0380221	0	0	0	0	0	0	0	0	0	0	0	0	0.0325059	0	0	0	0	0	0	0	0	0	0
K22915	NO_NAME	0	0	0	0	0	0	0.0492533	0	0	0	0	0	0	0	0	0	0	0	0	0	0	0	0	0	0	0	0	0	0	0	0	0	0	0.0506115	0	0	0	0	0	0	0	0
K22916	NO_NAME	0	0	0	0	0	0	0.07253	0	0	0	0	0	0	0	0	0	0	0	0	0	0	0	0	0	0	0	0	0	0	0	0	0	0	0.133126	0	0	0	0	0	0	0	0
K22921	NO_NAME	0	0	0	0	0	0	0.0764818	0	0	0	0	0	0	0	0	0	0	0	0	0	0	0	0	0	0	0	0	0	0	0	0	0	0	0	0	0	0	0	0	0	0	0
K22922	NO_NAME	0	0	0	0	0	0	0.156605	0	0	0	0	0	0	0	0	0	0	0	0	0	0	0	0	0	0	0	0	0	0	0	0	0	0	0.0512171	0	0	0	0	0	0	0	0
K22923	NO_NAME	0	0	0	0	0	0	0.150582	0	0	0	0	0	0	0	0	0	0	0	0	0	0	0	0	0	0	0	0	0	0	0	0	0	0	0.123822	0	0	0	0	0	0	0	0
K22924	NO_NAME	0	0	0	0	0	0	0.179124	0	0	0	0	0	0	0	0	0	0	0	0	0	0	0	0	0	0	0	0	0	0	0	0	0	0	0.0644398	0	0	0	0	0	0	0	0
K22925	NO_NAME	0	0	0	0	0	0	0.110731	0	0	0	0	0	0	0	0	0	0	0	0	0	0	0	0	0	0	0	0	0	0	0	0	0	0	0	0	0	0	0	0	0	0	0
K22927	NO_NAME	48.363367	32.6693732	5.4784571	37.8267232	27.946062	24.60693	27.0668133	13.9454782	18.5226191	22.724076	16.82814	1.2571306	4.1937461	4.2578786	0.5019214	4.9315732	5.9364518	16.0735492	21.702948	45.7243081	37.2009645	11.2284035	13.5513715	15.0644732	17.5492847	20.4480607	27.7070512	3.9540288	2.104328	8.5170775	5.2911485	9.0120062	29.6057524	19.0965284	8.7514067	6.385749	33.1088489	44.2182425	60.7669988	80.0482021	78.5372994	19.2036311
K22952	NO_NAME	0	0	0	0	0	0	0	0	0	0	0	0	0	0	0	0	0	0	0	0	0	0	0	0	0	0	0	0	0	0	0	0	10.5740887	0	0	0.20864	0	0	0	0	0	0
K22958	NO_NAME	0	0	0	0	0.263753	0	0	0	0	0	0	0	0	0	0	0	0	0.0481641	0	0	0	0	1.58174	0	0	0	0	0	0	0.0584175	0	0	0	0	0	0.0441567	0	0	0	0	0	0
K22959	NO_NAME	0	0	0	0	0.2802188	0	0	0	0	0	0	0	0	0	0	0	0	0	0	0	0	0	0.67396	0	0	0	0	0	0	0	0	0.0664136	0	0	0	0	0	0	0	0	0	0
K22960	NO_NAME	0	0	0.0580524	0.383538	0.293478	0	0	0.159714	0	0	0	1.43173	0	0.153775	0	0	0	0	0	0	0	0	0.688084	0	0.250286	0	0	0	0	0.1748124	0.0989789	0	0.0526993	0.214333	0	3.7831911	0	0	0	0	0	2.2011731
K22961	NO_NAME	0	0	0	0	0	0	0	0	0	0	0	0	0	0	0	0.0514688	0	0	0	0	0	0	0	0	0	0	0	0	0	0	0	0	0	0	0	0	0	0	0	0	0	0
K22991	NO_NAME	0	0	0	0	0	0	0	0	0	0	0	0	0	0	0	0.01244994	0	0	0	0	0	0	0	0	0	0	0	0	0	0	0	0	0	0	0	0	0	0	0	0	0	0
K22994	NO_NAME	0.243753	0.36738	1.36107	0	0	0.0428997	0.533828	1.28457	1.39552	1.74833	1.96285	0	0.136702	0.292927	0	0	0	0	0	0	0	0	0.0566396	7.4807	0.0618037	1.41249	0.257254	0.468983	0	0	0.290966	0.356379	5.13649	1.49704	0	0	0.254892	0.296408	0	0	0	9.49126
K23001	NO_NAME	0	0	0	0	0	0	0	0	0	0	0	0	0	0	0	0.0357655	0	0	0	0	0	0	0	0	0	0	0	0	0	0	0	0	0	0	0	0	0	0	0	0	0	0
K23003	NO_NAME	0.337079	2.26262	0	0	0	0.0643003	0.735053	0.207083	0	1.19969	0.215749	4.50432	0.548457	0.038507	0.0434234	8.28771	0.0822844	0.554523	0.178524	0.483899	0.332652	1.96997	0.607671	0.0489375	1.51082	1.01899	0.211341	19.0248	4.45482	3.22185	0	1.01585	1.45822	1.39228	0.201007	0	0.100955	3.58059	0.111947	0	0	0.868529
K23004	NO_NAME	0.241999	1.72838	0	0	0	0.108413	0.520501	0.0911236	0.0782463	1.14343	0.287703	1.99871	0.282651	0	0	2.73377	0.107024	0.269266	0.0759448	0.233637	0.134602	0.872099	0.15904	0	0.502026	0.756677	0.069015	8.60874	0.234345	0.333809	0	0.834718	1.27786	0.797042	0.100577	0	0.0888474	3.01895	0.0631053	0	0	0.295242
K23007	NO_NAME	0	0	2.34516	0	0	0	0.744011	0	0	0	0	0.0267203	8.26974	3.8313	20.7174	0	0.4122	0	0	0	0	0.0307984	0.263208	0	0	0	0.218621	0.0442186	1.76288	0	0.2190459	0	6.33117	0.813138	0.733189	1.34017	0	0	0.0144979	0	0	0.571995
K23015	NO_NAME	0	0	3.75909	0	0	0	0.37616	0	0	0	0	0	9.46901	5.95855	42.3259	0	0.457197	0	0	0	0	0	0.0750917	0	0	0	0.101194	0.309544	2.48957	0	0.0476134	0	6.90176	0.718044	0	1.01456	0	0.0288286	0	0	0	0.840828
K23016	NO_NAME	0	0	1.0346438	0	0	0.0252158	0.48466894	0	0	0	0	0	2.83077	2.2972	12.4198	0	0.1923164	0	0	0	0	0.0268975	0.00988087	0	0	0	0.0978894	0.0481646	0.4491068	0	0	0	6.07974	0.883828	0	0.440693	0	0.0156609	0	0	0	0.598686
